6.365456415588994776e-01
6.354513844872404782e-01
6.321716125548375587e-01
6.267153153885836048e-01
6.190974483197474454e-01
6.093388913924538963e-01
5.974663921329318450e-01
5.835124922364046673e-01
5.675154383725641294e-01
5.495190773541102081e-01
5.295727359556822167e-01
5.077310857126011712e-01
4.840539930699865878e-01
4.586063552929995346e-01
4.314579225879427993e-01
4.026831069217952086e-01
3.723607780641861043e-01
3.405740474108344129e-01
3.074100401809921612e-01
2.729596566132753699e-01
2.373173228144252744e-01
2.005807319439174008e-01
1.628505764437974956e-01
1.242302720477010541e-01
8.482567432551334219e-02
4.474478854061091776e-02
4.097473614941733733e-03
-3.700485898664305356e-02
-7.844955062747038799e-02
-1.201230042885382959e-01
-1.619109959300478740e-01
-2.036989875715573828e-01
-2.453724412326253879e-01
-2.868171328734529513e-01
-3.279194654750375304e-01
-3.685667804007067283e-01
-4.086476661856093262e-01
-4.480522639077967884e-01
-4.866725683038933270e-01
-5.244027238040130934e-01
-5.611393146745213834e-01
-5.967816484733712290e-01
-6.312320320410881314e-01
-6.643960392709303830e-01
-6.961827699242811862e-01
-7.265050987818910677e-01
-7.552799144480383253e-01
-7.824283471530958378e-01
-8.078759849300825024e-01
-8.315530775726964752e-01
-8.533947278157784089e-01
-8.733410692142056231e-01
-8.913374302326605436e-01
-9.073344840965000824e-01
-9.212883839930281482e-01
-9.331608832525497554e-01
-9.429194401798430825e-01
-9.505373072486785757e-01
-9.559936044149339729e-01
-9.592733763473366704e-01
-9.603676334189952257e-01
-9.592733763473366704e-01
-9.559936044149339729e-01
-9.505373072486785757e-01
-9.429194401798430825e-01
-9.331608832525497554e-01
-9.212883839930281482e-01
-9.073344840965000824e-01
-8.913374302326605436e-01
-8.733410692142054010e-01
-8.533947278157784089e-01
-8.315530775726964752e-01
-8.078759849300825024e-01
-7.824283471530955048e-01
-7.552799144480383253e-01
-7.265050987818908457e-01
-6.961827699242811862e-01
-6.643960392709300500e-01
-6.312320320410881314e-01
-5.967816484733711180e-01
-5.611393146745209393e-01
-5.244027238040133154e-01
-4.866725683038933270e-01
-4.480522639077966218e-01
-4.086476661856093817e-01
-3.685667804007066173e-01
-3.279194654750373084e-01
-2.868171328734530068e-01
-2.453724412326253046e-01
-2.036989875715570775e-01
-1.619109959300479573e-01
-1.201230042885381849e-01
-7.844955062747008268e-02
-3.700485898664312295e-02
4.097473614941817867e-03
4.474478854061119532e-02
8.482567432551321729e-02
1.242302720477011513e-01
1.628505764437977454e-01
2.005807319439178449e-01
2.373173228144254687e-01
2.729596566132755919e-01
3.074100401809926608e-01
3.405740474108344129e-01
3.723607780641863263e-01
4.026831069217956527e-01
4.314579225879427993e-01
4.586063552929997567e-01
4.840539930699868099e-01
5.077310857126011712e-01
5.295727359556823277e-01
5.495190773541103191e-01
5.675154383725641294e-01
5.835124922364046673e-01
5.974663921329320670e-01
6.093388913924538963e-01
6.190974483197474454e-01
6.267153153885837158e-01
6.321716125548375587e-01
6.354513844872404782e-01
