6.365456415676508106e-01
6.354513844959772673e-01
6.321716125635292727e-01
6.267153153971999346e-01
6.190974483282590812e-01
6.093388914008314172e-01
5.974663921411459411e-01
5.835124922444263618e-01
5.675154383803657776e-01
5.495190773616640545e-01
5.295727359629615050e-01
5.077310857195790339e-01
4.840539930766390442e-01
4.586063552993016046e-01
4.314579225938706131e-01
4.026831069273271724e-01
3.723607780693005131e-01
3.405740474155112274e-01
3.074100401852125630e-01
2.729596566170212624e-01
2.373173228176804483e-01
2.005807319466665350e-01
1.628505764460272398e-01
1.242302720493990709e-01
8.482567432666889007e-02
4.474478854121455296e-02
4.097473614985753208e-03
-3.700485898716493471e-02
-7.844955062856291683e-02
-1.201230042902046158e-01
-1.619109959322896086e-01
-2.036989875743744349e-01
-2.453724412360161200e-01
-2.868171328774143380e-01
-3.279194654795647978e-01
-3.685667804057936592e-01
-4.086476661912480379e-01
-4.480522639139780661e-01
-4.866725683106062350e-01
-5.244027238112455302e-01
-5.611393146822599709e-01
-5.967816484816003131e-01
-6.312320320497917248e-01
-6.643960392800903891e-01
-6.961827699338795084e-01
-7.265050987919062786e-01
-7.552799144584497748e-01
-7.824283471638807663e-01
-8.078759849412179284e-01
-8.315530775841579736e-01
-8.533947278275403336e-01
-8.733410692262428832e-01
-8.913374302449447173e-01
-9.073344841090051904e-01
-9.212883840057248808e-01
-9.331608832654102459e-01
-9.429194401928379099e-01
-9.505373072617787633e-01
-9.559936044281082124e-01
-9.592733763605563180e-01
-9.603676334322296393e-01
-9.592733763605563180e-01
-9.559936044281082124e-01
-9.505373072617787633e-01
-9.429194401928379099e-01
-9.331608832654102459e-01
-9.212883840057248808e-01
-9.073344841090051904e-01
-8.913374302449447173e-01
-8.733410692262426611e-01
-8.533947278275403336e-01
-8.315530775841579736e-01
-8.078759849412179284e-01
-7.824283471638804333e-01
-7.552799144584497748e-01
-7.265050987919060566e-01
-6.961827699338795084e-01
-6.643960392800900561e-01
-6.312320320497917248e-01
-5.967816484816002021e-01
-5.611393146822595268e-01
-5.244027238112457523e-01
-4.866725683106062350e-01
-4.480522639139778995e-01
-4.086476661912480934e-01
-3.685667804057935482e-01
-3.279194654795645758e-01
-2.868171328774143936e-01
-2.453724412360160367e-01
-2.036989875743741296e-01
-1.619109959322896919e-01
-1.201230042902045048e-01
-7.844955062856261152e-02
-3.700485898716500410e-02
4.097473614985837342e-03
4.474478854121483051e-02
8.482567432666876517e-02
1.242302720493991680e-01
1.628505764460274896e-01
2.005807319466669791e-01
2.373173228176806426e-01
2.729596566170214844e-01
3.074100401852130626e-01
3.405740474155112274e-01
3.723607780693007352e-01
4.026831069273276165e-01
4.314579225938706131e-01
4.586063552993018266e-01
4.840539930766392662e-01
5.077310857195790339e-01
5.295727359629616160e-01
5.495190773616641655e-01
5.675154383803657776e-01
5.835124922444263618e-01
5.974663921411461631e-01
6.093388914008314172e-01
6.190974483282590812e-01
6.267153153972000457e-01
6.321716125635292727e-01
6.354513844959772673e-01
