1 -4.37573e-110 -4.37573e-110 1 1 0
1.04 -4.37274e-124 -4.37274e-124 1 1 0
1.08 1.04127e-137 1.04127e-137 1 1 0
1.13 -3.61086e-138 -3.61086e-138 1 1 0
1.18 1.19333e-151 1.19333e-151 1 1 0
1.23 -2.38667e-152 -2.38667e-152 1 1 0
1.28 1.08533e-165 1.08533e-165 1 1 0
1.33 -1.56864e-166 -1.56864e-166 1 1 0
1.38 8.9167e-180 8.9167e-180 1 1 0
1.43 -1.05434e-180 -1.05434e-180 1 1 0
1.48 7.36311e-194 7.36311e-194 1 1 0
1.53 -7.06345e-195 -7.06345e-195 1 1 0
1.58 6.08349e-208 6.08349e-208 1 1 0
1.63 -4.71471e-209 -4.71471e-209 1 1 0
1.68 4.66839e-222 4.66839e-222 1 1 0
1.73 -3.1879e-223 -3.1879e-223 1 1 0
1.78 3.62423e-236 3.62423e-236 1 1 0
1.83 -2.11157e-237 -2.11157e-237 1 1 0
1.88 2.70611e-250 2.70611e-250 1 1 0
1.93 -1.39125e-251 -1.39125e-251 1 1 0
1.98 2.04686e-264 2.04686e-264 1 1 0
2 -7.93298e-279 -7.93298e-279 1 1 0
2.05 1.12935e-279 1.12935e-279 2 1 0
2.1 -6.57618e-293 -6.57618e-293 2 1 0
2.15 7.24162e-294 7.24162e-294 2 1 0
2.2 -5.11767e-307 -5.11767e-307 2 1 0
2.25 4.72828e-308 4.72828e-308 2 1 0
2.3 -4.03158e-321 -4.03158e-321 2 1 0
2.35 3.06321e-322 3.06321e-322 2 1 0
2.4 -4.94066e-324 -4.94066e-324 2 1 0
2.45 0 0 2 1 0
2.5 4.94066e-324 4.94066e-324 2 1 0
2.55 -4.94066e-324 -4.94066e-324 2 1 0
2.6 0 0 2 1 0
2.65 4.94066e-324 4.94066e-324 2 1 0
2.7 -4.94066e-324 -4.94066e-324 2 1 0
2.75 0 0 2 1 0
2.8 4.94066e-324 4.94066e-324 2 1 0
2.85 -4.94066e-324 -4.94066e-324 2 1 0
2.9 0 0 2 1 0
2.95 4.94066e-324 4.94066e-324 2 1 0
3 -4.94066e-324 -4.94066e-324 2 1 0
3.05 0 0 2 1 0
3.1 4.94066e-324 4.94066e-324 2 1 0
3.15 -4.94066e-324 -4.94066e-324 2 1 0
3.2 0 0 2 1 0
3.25 4.94066e-324 4.94066e-324 2 1 0
3.3 -4.94066e-324 -4.94066e-324 2 1 0
3.35 0 0 2 1 0
3.4 4.94066e-324 4.94066e-324 2 1 0
3.45 -4.94066e-324 -4.94066e-324 2 1 0
3.5 4.94066e-324 4.94066e-324 2 1 0
3.55 -4.94066e-324 -4.94066e-324 2 1 0
3.6 4.94066e-324 4.94066e-324 2 1 0
3.65 -4.94066e-324 -4.94066e-324 2 1 0
3.7 4.94066e-324 4.94066e-324 2 1 0
3.75 -4.94066e-324 -4.94066e-324 2 1 0
3.8 4.94066e-324 4.94066e-324 2 1 0
3.85 -4.94066e-324 -4.94066e-324 2 1 0
3.9 4.94066e-324 4.94066e-324 2 1 0
3.95 -4.94066e-324 -4.94066e-324 2 1 0
4 4.94066e-324 4.94066e-324 2 1 0
4.05 -4.94066e-324 -4.94066e-324 2 1 0
4.1 4.94066e-324 4.94066e-324 2 1 0
4.15 -4.94066e-324 -4.94066e-324 2 1 0
4.2 4.94066e-324 4.94066e-324 2 1 0
4.25 -4.94066e-324 -4.94066e-324 2 1 0
4.3 4.94066e-324 4.94066e-324 2 1 0
4.35 -4.94066e-324 -4.94066e-324 2 1 0
4.4 4.94066e-324 4.94066e-324 2 1 0
4.45 -4.94066e-324 -4.94066e-324 2 1 0
4.5 9.88131e-324 9.88131e-324 2 1 0
4.55 0 0 2 1 0
4.6 -9.88131e-324 -9.88131e-324 2 1 0
4.65 4.94066e-324 4.94066e-324 2 1 0
4.7 -4.94066e-324 -4.94066e-324 2 1 0
4.75 9.88131e-324 9.88131e-324 2 1 0
4.8 0 0 2 1 0
4.85 -9.88131e-324 -9.88131e-324 2 1 0
4.9 4.94066e-324 4.94066e-324 2 1 0
4.95 -4.94066e-324 -4.94066e-324 2 1 0
5 9.88131e-324 9.88131e-324 2 1 0
1 -4.37573e-110 -4.37573e-110 1 1 0
0.96 -2.83637e-124 -2.83637e-124 1 1 0
0.92 9.90887e-138 9.90887e-138 1 1 0
0.87 -2.35126e-138 -2.35126e-138 1 1 0
0.82 9.78534e-152 9.78534e-152 1 1 0
0.77 -1.58117e-152 -1.58117e-152 1 1 0
0.72 8.81832e-166 8.81832e-166 1 1 0
0.67 -1.0387e-166 -1.0387e-166 1 1 0
0.62 7.22976e-180 7.22976e-180 1 1 0
0.57 -6.92852e-181 -6.92852e-181 1 1 0
0.52 5.82199e-194 5.82199e-194 1 1 0
0.47 -4.49492e-195 -4.49492e-195 1 1 0
0.42 4.38011e-208 4.38011e-208 1 1 0
0.37 -2.9657e-209 -2.9657e-209 1 1 0
0.32 3.28516e-222 3.28516e-222 1 1 0
0.27 -1.99919e-223 -1.99919e-223 1 1 0
0.22 2.4571e-236 2.4571e-236 1 1 0
0.17 -1.34373e-237 -1.34373e-237 1 1 0
0.12 1.87682e-250 1.87682e-250 1 1 0
0.0699999 -9.00218e-252 -9.00218e-252 1 1 0
0.0199999 1.36457e-264 1.36457e-264 1 1 0
-0.0300001 -6.2026e-266 -6.2026e-266 1 1 0
2 -7.93298e-279 -7.93298e-279 4 2 0
2.00017 0.0230943 -0.0230943 3 2 0
2.00156 0.0692686 -0.0692686 3 2 0
2.00524 0.126846 -0.126846 3 2 0
2.01108 0.184101 -0.184101 3 2 0
2.01904 0.240866 -0.240866 3 2 0
2.0291 0.297008 -0.297008 3 2 0
2.04122 0.352379 -0.352379 3 2 0
2.05534 0.406862 -0.406862 3 2 0
2.07143 0.460376 -0.460376 3 2 0
2.08941 0.512778 -0.512778 3 2 0
2.10923 0.564002 -0.564002 3 2 0
2.13083 0.613944 -0.613944 3 2 0
2.15413 0.662618 -0.662618 3 2 0
2.17907 0.709934 -0.709934 3 2 0
2.20557 0.755808 -0.755808 3 2 0
2.23355 0.800302 -0.800302 3 2 0
2.26296 0.843379 -0.843379 3 2 0
2.29371 0.885031 -0.885031 3 2 0
2.32573 0.925202 -0.925202 3 2 0
2.35895 0.963936 -0.963936 3 2 0
2.3933 1.00122 -1.00122 3 2 0
2.42871 1.03715 -1.03715 3 2 0
2.46512 1.07176 -1.07176 3 2 0
2.50246 1.10505 -1.10505 3 2 0
2.54068 1.137 -1.137 3 2 0
2.5797 1.16766 -1.16766 3 2 0
2.61949 1.19699 -1.19699 3 2 0
2.65999 1.22531 -1.22531 3 2 0
2.70114 1.25247 -1.25247 3 2 0
2.74291 1.27851 -1.27851 3 2 0
2.78524 1.30343 -1.30343 3 2 0
2.8281 1.32731 -1.32731 3 2 0
2.87144 1.35023 -1.35023 3 2 0
2.91524 1.3723 -1.3723 3 2 0
2.95946 1.39344 -1.39344 3 2 0
3.00407 1.41368 -1.41368 3 2 0
3.04903 1.43306 -1.43306 3 2 0
3.09433 1.45162 -1.45162 3 2 0
3.13994 1.46963 -1.46963 3 2 0
3.18584 1.48677 -1.48677 3 2 0
3.23201 1.5032 -1.5032 3 2 0
3.27842 1.519 -1.519 3 2 0
3.32505 1.53411 -1.53411 3 2 0
3.3719 1.54864 -1.54864 3 2 0
3.41895 1.56261 -1.56261 3 2 0
3.46618 1.57611 -1.57611 3 2 0
3.51359 1.58906 -1.58906 3 2 0
3.56 1.60119 -1.60119 3 2 0
3.60771 1.6131 -1.6131 4 2 0
3.65555 1.62452 -1.62452 4 2 0
3.70352 1.63557 -1.63557 4 2 0
3.7516 1.64612 -1.64612 4 2 0
3.7998 1.65629 -1.65629 4 2 0
3.84811 1.66612 -1.66612 4 2 0
3.89651 1.67559 -1.67559 4 2 0
3.945 1.68468 -1.68468 4 2 0
3.99357 1.6934 -1.6934 4 2 0
4.04223 1.7018 -1.7018 4 2 0
4.09096 1.70986 -1.70986 4 2 0
4.13976 1.71763 -1.71763 4 2 0
4.18862 1.72512 -1.72512 4 2 0
4.23755 1.7323 -1.7323 4 2 0
4.28653 1.7392 -1.7392 4 2 0
4.33556 1.74589 -1.74589 4 2 0
4.38465 1.75229 -1.75229 4 2 0
4.43379 1.75844 -1.75844 4 2 0
4.48297 1.76439 -1.76439 4 2 0
4.53219 1.7701 -1.7701 4 2 0
4.58145 1.77557 -1.77557 4 2 0
4.63075 1.78087 -1.78087 4 2 0
4.68008 1.78594 -1.78594 4 2 0
4.72945 1.79076 -1.79076 4 2 0
4.77885 1.7955 -1.7955 4 2 0
4.82828 1.80002 -1.80002 4 2 0
4.87774 1.80431 -1.80431 4 2 0
4.92722 1.80851 -1.80851 4 2 0
4.97673 1.81252 -1.81252 4 2 0
5.02626 1.81629 -1.81629 4 2 0
3.56 1.60119 -1.60119 4 3 0
3.55989 1.58704 -1.61533 4 3 0
3.55872 1.5588 -1.64381 4 3 0
3.55562 1.52385 -1.67939 4 3 0
3.55076 1.48922 -1.71508 4 3 0
3.54423 1.45503 -1.75071 4 3 0
3.53614 1.42141 -1.78614 4 3 0
3.52662 1.38826 -1.82133 4 3 0
3.51581 1.35582 -1.85645 4 3 0
3.50388 1.32385 -1.89125 4 3 0
3.49099 1.29274 -1.92578 4 3 0
3.47731 1.26215 -1.95996 4 3 0
3.46299 1.23232 -1.99393 4 3 0
3.44822 1.20302 -2.02753 4 3 0
3.43314 1.17451 -2.06087 4 3 0
3.41793 1.14658 -2.09403 4 3 0
3.40272 1.11948 -2.12682 4 3 0
3.38767 1.09283 -2.1593 4 3 0
3.3729 1.06693 -2.19167 4 3 0
3.35855 1.04179 -2.22371 4 3 0
3.34472 1.01712 -2.25546 4 3 0
3.3315 0.993263 -2.28691 4 3 0
3.31897 0.969855 -2.31812 4 3 0
3.3072 0.947394 -2.34901 4 3 0
3.2962 0.925361 -2.37945 4 3 0
3.28601 0.904193 -2.40967 4 3 0
3.27662 0.883665 -2.4395 4 3 0
3.26802 0.863739 -2.46894 4 3 0
3.26018 0.844525 -2.49793 4 3 0
3.25306 0.825888 -2.52646 4 3 0
3.24662 0.80808 -2.55449 4 3 0
3.24081 0.790786 -2.58204 4 3 0
3.23557 0.774148 -2.60908 4 3 0
3.23086 0.758315 -2.63556 4 3 0
3.22663 0.74305 -2.66148 4 3 0
3.22283 0.72858 -2.68681 4 3 0
3.21942 0.714522 -2.71157 4 3 0
3.21636 0.701314 -2.73567 4 3 0
3.2136 0.688758 -2.75912 4 3 0
3.21113 0.676605 -2.7819 4 3 0
3.20891 0.665263 -2.80401 4 3 0
3.2069 0.654583 -2.82541 4 3 0
3.2051 0.644284 -2.84607 4 3 0
3.20346 0.634811 -2.86604 4 3 0
3.20198 0.625882 -2.88525 4 3 0
3.20064 0.617257 -2.90366 4 3 0
3.19942 0.609477 -2.92137 4 3 0
3.19832 0.602194 -2.9383 4 3 0
3.19731 0.595383 -2.95439 4 3 0
3.19638 0.589028 -2.96977 4 3 0
3.19554 0.583099 -2.98435 4 3 0
3.19477 0.577542 -2.99815 4 3 0
3.19406 0.572637 -3.01116 4 3 0
3.19342 0.568098 -3.02339 4 3 0
3.19283 0.563896 -3.03488 4 3 0
3.19229 0.560001 -3.0456 4 3 0
3.19179 0.556383 -3.05559 4 3 0
3.19135 0.553212 -3.06488 4 3 0
3.19094 0.550309 -3.07347 4 3 0
3.19057 0.547856 -3.08137 4 3 0
3.19024 0.545601 -3.08859 4 3 0
3.18994 0.54352 -3.09523 4 3 0
3.18967 0.541575 -3.10124 4 3 0
3.18943 0.540042 -3.10667 4 3 0
3.18922 0.538598 -3.11155 4 3 0
3.18903 0.537224 -3.11591 4 3 0
3.18887 0.536234 -3.1198 4 3 0
3.18873 0.535274 -3.12323 4 3 0
3.1886 0.534322 -3.12624 4 3 0
3.1885 0.533707 -3.12885 4 3 0
3.18841 0.533174 -3.13112 4 3 0
3.18833 0.532599 -3.13305 4 3 0
3.18827 0.53217 -3.13471 4 3 0
3.18822 0.531913 -3.1361 4 3 0
3.18818 0.531566 -3.13726 4 3 0
3.18814 0.531355 -3.13821 4 3 0
3.18813 0.531335 -3.13841 4 3 0
3.18811 0.531174 -3.13915 4 3 0
3.18809 0.531052 -3.13974 3 3 0
3.18807 0.530813 -3.14021 4 3 0
3.18806 0.530465 -3.14058 4 3 0
3.18805 0.530528 -3.14086 4 3 0
3.18804 0.530539 -3.14108 4 3 0
3.18804 0.530713 -3.14124 4 3 0
3.18804 0.530495 -3.14135 4 3 0
3.18803 0.530405 -3.14143 4 3 0
3.18803 0.530648 -3.14149 4 3 0
3.18803 0.53056 -3.14153 4 3 0
3.18803 0.530682 -3.14155 4 3 0
3.18803 0.530535 -3.14157 4 3 0
3.18803 0.53067 -3.14158 4 3 0
3.18803 0.530587 -3.14159 4 3 0
3.18803 0.530228 -3.14159 4 3 0
3.18803 0.530672 -3.14159 4 3 0
3.18803 0.530428 -3.14159 4 3 0
3.18803 0.530369 -3.14159 4 3 0
3.18803 0.530668 -3.14159 4 3 0
3.18803 0.530363 -3.14159 4 3 0
3.18803 0.530499 -3.14159 4 3 0
3.18803 0.530296 -3.14159 4 3 0
3.18803 0.530604 -3.14159 4 3 0
3.18803 0.530622 -3.14159 4 3 0
3.18803 0.530541 -3.14159 4 3 0
3.18803 0.530469 -3.14159 4 3 0
3.18803 0.53067 -3.14159 4 3 0
3.18803 0.530305 -3.14159 4 3 0
3.18803 0.530648 -3.14159 4 3 0
3.18803 0.530471 -3.14159 4 3 0
3.18803 0.530628 -3.14159 4 3 0
3.18803 0.530475 -3.14159 4 3 0
3.18803 0.530579 -3.14159 4 3 0
3.18803 0.530354 -3.14159 4 3 0
3.18803 0.530659 -3.14159 4 3 0
3.18803 0.530238 -3.14159 4 3 0
3.18803 0.530598 -3.14159 4 3 0
3.18803 0.53058 -3.14159 4 3 0
3.18803 0.530599 -3.14159 4 3 0
3.18803 0.530547 -3.14159 4 3 0
3.18803 0.530676 -3.14159 4 3 0
3.18803 0.530676 -3.14159 4 3 0
3.18803 0.530252 -3.14159 4 3 0
3.18803 0.530626 -3.14159 4 3 0
3.18803 0.530609 -3.14159 4 3 0
3.18803 0.530676 -3.14159 4 3 0
3.18803 0.530425 -3.14159 4 3 0
3.18803 0.530228 -3.14159 4 3 0
3.18803 0.530276 -3.14159 4 3 0
3.18803 0.530331 -3.14159 4 3 0
3.18803 0.530181 -3.14159 4 3 0
3.18803 0.530208 -3.14159 4 3 0
3.18803 0.530106 -3.14159 4 3 0
3.18803 0.529741 -3.14159 4 3 0
3.18803 0.530675 -3.14159 4 3 0
3.18803 0.530675 -3.14159 4 3 0
3.18803 0.530271 -3.14159 4 3 0
3.18803 0.530419 -3.1416 4 3 0
3.18803 0.529742 -3.14159 4 3 0
3.18803 0.530356 -3.14159 4 3 0
3.18803 0.530503 -3.14159 4 3 0
3.18803 0.530151 -3.14159 4 3 0
3.18803 0.529328 -3.14159 4 3 0
3.18803 0.530644 -3.14159 4 3 0
3.18805 0.530252 -3.14159 4 3 0
3.18803 0.528892 -3.14159 4 3 0
3.18803 0.53048 -3.14159 4 3 0
3.18803 0.530203 -3.14159 4 3 0
3.18803 0.530462 -3.14159 4 3 0
3.18803 0.53061 -3.14159 4 3 0
3.18803 0.530379 -3.14159 4 3 0
3.18803 0.529678 -3.14159 4 3 0
3.18807 0.530567 -3.14159 4 3 0
3.18803 0.52908 -3.14159 4 3 0
3.18803 0.530491 -3.14159 4 3 0
3.18803 0.530566 -3.14159 4 3 0
3.18803 0.530483 -3.14159 4 3 0
3.18803 0.530289 -3.14159 4 3 0
3.18803 0.530402 -3.14159 4 3 0
3.18803 0.529891 -3.14159 4 3 0
3.18803 0.529299 -3.14159 4 3 0
3.18803 0.530118 -3.14159 4 3 0
3.18802 0.527826 -3.14159 4 3 0
3.18804 0.530968 -3.14159 4 3 0
3.18804 0.530964 -3.14159 4 3 0
3.56 1.60119 -1.60119 4 4 0
3.55989 1.61533 -1.58704 4 4 0
3.55872 1.64381 -1.5588 4 4 0
3.55562 1.67939 -1.52378 4 4 0
3.55076 1.71512 -1.48926 4 4 0
3.54423 1.75066 -1.45496 4 4 0
3.53614 1.78609 -1.42143 4 4 0
3.52662 1.82139 -1.38819 4 4 0
3.51581 1.85648 -1.35583 4 4 0
3.50388 1.89125 -1.32387 4 4 0
3.49099 1.92578 -1.29272 4 4 0
3.47731 1.95999 -1.26217 4 4 0
3.46299 1.99393 -1.23214 4 4 0
3.44822 2.02753 -1.20311 4 4 0
3.43314 2.06086 -1.1745 4 4 0
3.41793 2.09391 -1.14669 4 4 0
3.40272 2.12681 -1.11941 4 4 0
3.38767 2.15938 -1.09285 4 4 0
3.3729 2.19161 -1.06699 4 4 0
3.35855 2.22362 -1.04177 4 4 0
3.34472 2.25544 -1.01704 4 4 0
3.3315 2.28694 -0.993266 4 4 0
3.31897 2.31811 -0.969989 4 4 0
3.3072 2.34896 -0.947229 4 4 0
3.2962 2.37948 -0.925497 4 4 0
3.28601 2.40969 -0.904185 4 4 0
3.27662 2.43952 -0.883498 4 4 0
3.26802 2.4689 -0.8637 4 4 0
3.26018 2.49789 -0.84453 4 4 0
3.25306 2.52642 -0.825937 4 4 0
3.24662 2.55452 -0.808088 4 4 0
3.24081 2.58207 -0.790819 4 4 0
3.23557 2.6091 -0.774142 4 4 0
3.23086 2.63559 -0.758278 4 4 0
3.22663 2.66151 -0.743084 4 4 0
3.22283 2.68684 -0.728599 4 4 0
3.21942 2.71157 -0.71451 4 4 0
3.21636 2.73566 -0.701347 4 4 0
3.2136 2.75911 -0.688776 4 4 0
3.21113 2.78189 -0.676682 4 4 0
3.20891 2.804 -0.665177 4 4 0
3.2069 2.82541 -0.654521 4 4 0
3.2051 2.84609 -0.64448 4 4 0
3.20346 2.86603 -0.634899 4 4 0
3.20198 2.88523 -0.625855 4 4 0
3.20064 2.9037 -0.617419 4 4 0
3.19942 2.92137 -0.609439 4 4 0
3.19832 2.93827 -0.602056 4 4 0
3.19731 2.95442 -0.595343 4 4 0
3.19638 2.96979 -0.589027 4 4 0
3.19554 2.98436 -0.583141 4 4 0
3.19477 2.99813 -0.577709 4 4 0
3.19406 3.01113 -0.572662 4 4 0
3.19342 3.0234 -0.567967 4 4 0
3.19283 3.03489 -0.563895 4 4 0
3.19229 3.04561 -0.559995 4 4 0
3.19179 3.05559 -0.556372 4 4 0
3.19135 3.06489 -0.553134 4 4 0
3.19094 3.07345 -0.550373 4 4 0
3.19057 3.08137 -0.547892 4 4 0
3.19024 3.08862 -0.545517 4 4 0
3.18994 3.09521 -0.543267 4 4 0
3.18967 3.10123 -0.541481 4 4 0
3.18943 3.10667 -0.539919 4 4 0
3.18922 3.11155 -0.538589 4 4 0
3.18903 3.1159 -0.537342 4 4 0
3.18887 3.11979 -0.536224 4 4 0
3.18873 3.12323 -0.535283 4 4 0
3.1886 3.12624 -0.534351 4 4 0
3.1885 3.12886 -0.533768 4 4 0
3.18841 3.13112 -0.533108 4 4 0
3.18833 3.13306 -0.532391 4 4 0
3.18827 3.13471 -0.532145 4 4 0
3.18822 3.1361 -0.531576 4 4 0
3.18818 3.13725 -0.531533 4 4 0
3.18814 3.13821 -0.531219 4 4 0
3.18811 3.13899 -0.531203 4 4 0
3.18809 3.13962 -0.531063 4 4 0
3.18807 3.14011 -0.530969 4 4 0
3.18806 3.1405 -0.530737 4 4 0
3.18805 3.1408 -0.530504 4 4 0
3.18805 3.14103 -0.530502 4 4 0
3.18804 3.1412 -0.530557 4 4 0
3.18804 3.14133 -0.53071 4 4 0
3.18803 3.14141 -0.530654 4 4 0
3.18803 3.14148 -0.530682 4 4 0
3.18804 3.14135 -0.530499 4 4 0
3.18803 3.14143 -0.530675 4 4 0
3.18804 3.14128 -0.53057 4 4 0
3.18803 3.14138 -0.530707 4 4 0
3.18803 3.14145 -0.530669 4 4 0
3.18803 3.1415 -0.530673 4 4 0
3.18803 3.14153 -0.530428 4 4 0
3.18803 3.14156 -0.530643 4 4 0
3.18803 3.14157 -0.530648 4 4 0
3.18803 3.14157 -0.530648 4 4 0
3.18803 3.14158 -0.530617 4 4 0
3.18803 3.14159 -0.530662 4 4 0
3.18803 3.14159 -0.530385 4 4 0
3.18803 3.14159 -0.530651 4 4 0
3.18803 3.14159 -0.530317 4 4 0
3.18803 3.14159 -0.530585 4 4 0
3.18803 3.14159 -0.530677 4 4 0
3.18803 3.14159 -0.530471 4 4 0
3.18803 3.14159 -0.530387 4 4 0
3.18803 3.14159 -0.53049 4 4 0
3.18803 3.14159 -0.530675 4 4 0
3.18803 3.14159 -0.530665 4 4 0
3.18803 3.14159 -0.530543 4 4 0
3.18803 3.14159 -0.530655 4 4 0
3.18803 3.14159 -0.530173 4 4 0
3.18803 3.14159 -0.530639 4 4 0
3.18803 3.14159 -0.530545 4 4 0
3.18803 3.14159 -0.530286 4 4 0
3.18803 3.14159 -0.53026 4 4 0
3.18803 3.14159 -0.530663 4 4 0
3.18803 3.14159 -0.53044 4 4 0
3.18803 3.14159 -0.530516 4 4 0
3.18803 3.14159 -0.530602 4 4 0
3.18803 3.14159 -0.530473 4 4 0
3.18803 3.14159 -0.530571 4 4 0
3.18803 3.14159 -0.530617 4 4 0
3.18803 3.14159 -0.530376 4 4 0
3.18803 3.14159 -0.530196 4 4 0
3.18803 3.14159 -0.530671 4 4 0
3.18803 3.14159 -0.530178 4 4 0
3.18803 3.14159 -0.530438 4 4 0
3.18803 3.14159 -0.530447 4 4 0
3.18803 3.14159 -0.53067 4 4 0
3.18803 3.14159 -0.530223 4 4 0
3.18803 3.14159 -0.530279 4 4 0
3.18803 3.14159 -0.530419 4 4 0
3.18803 3.14159 -0.530473 4 4 0
3.18803 3.14159 -0.529989 4 4 0
3.18803 3.14159 -0.53027 4 4 0
3.18803 3.14159 -0.530588 4 4 0
3.18803 3.14159 -0.530373 4 4 0
3.18803 3.14159 -0.530067 4 4 0
3.18803 3.14159 -0.530494 4 4 0
3.18803 3.14159 -0.530666 4 4 0
3.18803 3.14159 -0.530511 4 4 0
3.18803 3.14159 -0.53067 4 4 0
