4 -1 3.2 3.2 15.2 0.607367 0.747111 0.901889 -6.89063 -0.747167 -0.622076 0 0 0 0 0 0 
3 -1 3.21066 3.21066 15.074 0.61553 0.740972 0.900168 -6.89872 -0.740972 -0.615863 1.00015 0 0.0386341 0 0.00240075 0 
3 -1 3.22775 3.22775 14.9117 0.627031 0.731597 0.897442 -6.91022 -0.731597 -0.607 1.00025 0 0.0431888 0 0.00195467 0 
3 -1 3.25616 3.25616 14.6866 0.644396 0.717309 0.892942 -6.92758 -0.717309 -0.595398 1.00007 0 0.0484677 0 0.00158357 0 
3 -1 3.29135 3.29135 14.4594 0.663601 0.701351 0.887563 -6.94679 -0.701351 -0.584408 1.00007 0 0.0533551 0 0.00137116 0 
3 -1 3.32938 3.32938 14.2564 0.683148 0.6857 0.882263 -6.96633 -0.6857 -0.574962 1.00002 0 0.0578295 0 0.0012618 0 
3 -1 3.36952 3.36952 14.0761 0.702654 0.670591 0.876356 -6.98584 -0.670591 -0.566811 1 0 0.0622061 0 0.0012101 0 
3 -1 3.4112 3.4112 13.9159 0.721429 0.656118 0.870668 -7.00461 -0.656118 -0.559978 0.99999 0 0.0666201 0 0.00119962 0 
3 -1 3.45404 3.45404 13.7738 0.740733 0.642324 0.864451 -7.02392 -0.642324 -0.554498 0.999986 0 0.0711155 0 0.00121959 0 
3 -1 3.49776 3.49776 13.6477 0.759673 0.629241 0.858355 -7.04286 -0.629241 -0.549895 0.999989 0 0.0756846 0 0.0012643 0 
3 -1 3.54214 3.54214 13.536 0.777952 0.616822 0.852077 -7.06114 -0.616822 -0.545988 0.99999 0 0.0802897 0 0.00133468 0 
3 -1 3.58704 3.58704 13.4374 0.796833 0.605062 0.845339 -7.08002 -0.605062 -0.542768 0.999992 0 0.0848682 0 0.00143051 0 
3 -1 3.63234 3.63234 13.351 0.815862 0.593694 0.838748 -7.09905 -0.593694 -0.540146 0.999992 0 0.0893357 0 0.00155492 0 
3 -1 3.67794 3.67794 13.2759 0.834531 0.583261 0.832133 -7.11772 -0.583261 -0.538327 0.999993 0 0.0935843 0 0.00171326 0 
3 -1 3.72376 3.72376 13.2116 0.852901 0.574737 0.825156 -7.13609 -0.574737 -0.537016 0.999994 0 0.0974756 0 0.00191405 0 
3 -1 3.76975 3.76975 13.1579 0.871734 0.58703 0.81802 -7.15492 -0.58703 -0.535954 0.999991 0 0.100836 0 0.00217013 0 
3 -1 3.81585 3.81585 13.1145 0.890905 0.599483 0.81062 -7.17409 -0.599483 -0.535566 0.999992 0 0.103437 0 0.00250086 0 
3 -1 3.86199 3.86199 13.0816 0.909949 0.611819 0.802787 -7.19313 -0.611819 -0.535721 0.999995 0 0.104984 0 0.00293722 0 
3 -1 3.90813 3.90813 13.0596 0.928938 0.624457 0.79513 -7.21212 -0.624457 -0.536366 0.999993 0 0.105085 0 0.00352931 0 
3 -1 3.95421 3.95421 13.0491 0.949144 0.637327 0.786763 -7.23233 -0.637327 -0.537303 0.999994 0 0.103198 0 0.00436641 0 
3 -1 4.00015 4.00015 13.0512 0.969624 0.65052 0.77852 -7.25281 -0.65052 -0.538692 0.999994 0 0.0985434 0 0.00562032 0 
3 -1 4.04589 4.04589 13.0673 0.990511 0.664038 0.769701 -7.2737 -0.664038 -0.540703 0.999994 0 0.0899091 0 0.00767581 0 
3 -1 4.09129 4.09129 13.0997 1.01193 0.678098 0.760275 -7.29511 -0.678098 -0.543134 0.999995 0 0.0750215 0 0.0116551 0 
3 -1 4.13623 4.13623 13.1515 1.03558 0.692944 0.750069 -7.31877 -0.692944 -0.546158 0.999994 0 0.0442649 0 0.0255534 0 
3 -1 4.18046 4.18046 13.2276 1.05985 0.708485 0.73939 -7.34304 -0.708485 -0.55032 0.999992 0 0.0223523 0.03168 0.0223523 -0.03168 
3 -1 4.22363 4.22363 13.3353 1.08701 0.725478 0.727569 -7.3702 -0.725478 -0.555082 0.999984 0 0.00407137 0.0453292 0.00407137 -0.0453292 
3 -1 4.26514 4.26514 13.4866 1.11668 0.74392 0.714165 -7.39986 -0.74392 -0.561014 0.999965 0 -0.0218947 0.05024 -0.0218947 -0.05024 
3 -1 4.30386 4.30386 13.7019 1.15084 0.764502 0.698853 -7.43403 -0.764502 -0.568714 0.999957 0 -0.056508 0.0388763 -0.056508 -0.0388763 
3 -1 4.33758 4.33758 14.0171 1.19044 0.788477 0.680418 -7.47362 -0.788477 -0.578887 1 0 -0.0903196 0.00935775 -0.0903196 -0.00935775 
3 -1 4.362 4.362 14.4917 1.23924 0.815592 0.658301 -7.52242 -0.815592 -0.593388 1 0 -0.0556081 0.120392 -0.0556081 -0.120392 
3 -1 4.3721 4.3721 15.1641 1.29221 0.843685 0.661065 -7.57539 -0.843685 -0.613616 1 0 0.457395 0 0.106137 0 
3 -1 4.37292 4.37292 15.9059 1.33424 0.865026 0.673911 -7.61742 -0.865026 -0.636459 1 0 0.617307 0 0.253572 0 
3 -1 4.37612 4.37612 16.5559 1.36069 0.877985 0.684203 -7.64387 -0.877985 -0.658671 1.00076 0 -0.455637 0.477243 -0.455637 -0.477243 
4 -1 4.38507 4.38507 17.1041 1.37558 0.885801 0.691925 -7.65876 -0.885801 -0.679058 1.00075 0 65.7633 0 0.0211982 0 
4 -1 4.399 4.399 17.5879 1.38484 0.891185 0.698246 -7.66802 -0.891185 -0.697484 1.00129 0 844.015 0 0.00510101 0 
4 -1 4.41681 4.41681 18.0329 1.39105 0.895147 0.70351 -7.67423 -0.895147 -0.715338 1.00136 0 6331.97 0 0.00208159 0 
4 -1 4.43763 4.43763 18.454 1.39569 0.898551 0.708691 -7.67887 -0.89855 -0.731866 1.00085 0 39368 0 0.0010585 0 
4 -1 4.46083 4.46083 18.8598 1.39943 0.901401 0.712625 -7.68261 -0.901402 -0.747099 1.00107 0 200338 0 0.000612296 0 
4 -1 4.48594 4.48594 19.2558 1.40274 0.90422 0.71607 -7.68593 -0.90422 -0.761681 1.00085 0 1.04392e+06 0 0.000380688 0 
4 -1 4.51262 4.51262 19.6451 1.40582 0.906762 0.719174 -7.68901 -0.906763 -0.775305 1.00058 0 -2.72581e+06 0 0.000245057 0 
4 -1 4.5406 4.5406 20.0299 1.40881 0.909215 0.721886 -7.692 -0.909215 -0.787824 1.00054 0 -2.58235e+06 0 0.000164689 0 
4 -1 4.5697 4.5697 20.4116 1.41175 0.911459 0.724309 -7.69493 -0.911458 -0.799952 1.00051 0 -2.89581e+06 0 0.000113115 0 
4 -1 4.59976 4.59976 20.7911 1.41415 0.913795 0.726649 -7.69733 -0.913794 -0.810949 1.00049 0 -3.17516e+06 0 7.86066e-05 0 
4 -1 4.63068 4.63068 21.1691 1.417 0.915871 0.728624 -7.70018 -0.915873 -0.821232 1.00047 0 -3.5966e+06 0 5.5403e-05 0 
4 -1 4.66236 4.66236 21.5459 1.41981 0.918121 0.730408 -7.70299 -0.918122 -0.831103 1.00046 0 -4.03837e+06 0 3.93654e-05 0 
4 -1 4.69473 4.69473 21.922 1.42233 0.9201 0.732194 -7.70552 -0.920098 -0.839889 1.00047 0 -3.87009e+06 0 2.75805e-05 0 
4 -1 4.72772 4.72772 22.2975 1.42492 0.922078 0.733686 -7.70811 -0.92208 -0.848516 1.00047 0 -4.27547e+06 0 1.97243e-05 0 
4 -1 4.76128 4.76128 22.6728 1.42741 0.924075 0.735048 -7.7106 -0.924076 -0.856454 1.00047 0 -4.68709e+06 0 1.41415e-05 0 
4 -1 4.79538 4.79538 23.048 1.43044 0.925766 0.73658 -7.71362 -0.925771 -0.863711 1.0005 0 -4.23589e+06 0 9.62326e-06 0 
4 -1 4.82996 4.82996 23.4233 1.43278 0.927628 0.737786 -7.71596 -0.927625 -0.870595 1.0005 0 -4.59309e+06 0 6.85846e-06 0 
4 -1 4.86501 4.86501 23.7989 1.43501 0.929378 0.738905 -7.71818 -0.929378 -0.877185 1.00051 0 -4.97446e+06 0 4.89598e-06 0 
4 -1 4.90048 4.90048 24.1748 1.43793 0.931003 0.739648 -7.72111 -0.931003 -0.883018 1.00051 0 -5.31389e+06 0 3.3596e-06 0 
4 -1 4.93636 4.93636 24.5512 1.44005 0.932529 0.740578 -7.72323 -0.932531 -0.888887 1.00051 0 -5.75996e+06 0 2.36705e-06 0 
4 -1 4.97262 4.97262 24.9282 1.44205 0.933891 0.741449 -7.72523 -0.933896 -0.894068 1.00052 0 -6.21906e+06 0 1.66606e-06 0 
4 -1 5.00925 5.00925 25.306 1.44396 0.935468 0.742224 -7.72712 -0.935415 -0.899106 1.00031 0 -2.86023e+06 0 -4.68024e-06 0 
