2.4 1.12249 -7.40578 4 1 0
2.41159 1.13679 -7.41998 3 1 0
2.42908 1.15851 -7.44169 3 1 0
2.45555 1.19345 -7.47663 3 1 0
2.48487 1.23461 -7.5178 3 1 0
2.51359 1.27827 -7.56145 3 1 0
2.54121 1.32459 -7.60777 3 1 0
2.56723 1.37529 -7.65848 3 1 0
2.59118 1.42847 -7.71165 3 1 0
2.61269 1.48412 -7.7673 3 1 0
2.63161 1.54226 -7.82544 3 1 0
2.64803 1.59966 -7.88284 3 1 0
2.65663 1.63082 -7.91401 4 1 0
2.6694 1.67475 -7.95793 4 1 0
2.68113 1.70894 -7.99213 4 1 0
2.69208 1.7345 -8.01768 4 1 0
2.70273 1.75447 -8.03765 4 1 0
2.71334 1.77096 -8.05414 4 1 0
2.72403 1.78524 -8.06843 4 1 0
2.73484 1.79813 -8.08132 4 1 0
2.74577 1.81011 -8.0933 4 1 0
2.75681 1.82149 -8.10468 4 1 0
2.76795 1.83246 -8.11564 4 1 0
2.77917 1.84312 -8.1263 4 1 0
2.79043 1.85353 -8.13672 4 1 0
2.80172 1.86372 -8.14691 4 1 0
2.81302 1.8737 -8.15689 4 1 0
2.8243 1.88349 -8.16667 4 1 0
2.83555 1.8939 -8.17708 4 1 0
2.84674 1.90414 -8.18733 4 1 0
2.85788 1.9143 -8.19748 4 1 0
2.86893 1.9241 -8.20728 4 1 0
2.87988 1.93367 -8.21685 4 1 0
2.89073 1.94283 -8.22601 4 1 0
2.90146 1.95177 -8.23495 4 1 0
2.91204 1.96082 -8.24401 4 1 0
2.92249 1.97054 -8.25372 4 1 0
2.93277 1.97952 -8.26271 4 1 0
2.94288 1.9882 -8.27139 4 1 0
2.95282 1.99619 -8.27937 4 1 0
2.96256 2.00447 -8.28765 4 1 0
2.9721 2.01303 -8.29621 4 1 0
2.98144 2.0213 -8.30448 4 1 0
2.99055 2.02895 -8.31214 4 1 0
2.99945 2.03618 -8.31937 4 1 0
3.00811 2.04405 -8.32724 4 1 0
3.01653 2.05139 -8.33458 4 1 0
3.02471 2.05829 -8.34147 4 1 0
3.03264 2.06506 -8.34824 4 1 0
3.04032 2.0712 -8.35438 4 1 0
3.04775 2.07678 -8.35996 4 1 0
3.05492 2.08391 -8.36709 4 1 0
3.06184 2.09031 -8.3735 4 1 0
3.0685 2.09623 -8.37942 4 1 0
3.07491 2.10176 -8.38495 4 1 0
3.08105 2.10676 -8.38994 4 1 0
3.08694 2.1117 -8.39489 4 1 0
3.09258 2.11723 -8.40041 4 1 0
3.09797 2.12157 -8.40476 4 1 0
3.10312 2.12552 -8.4087 4 1 0
3.10802 2.13021 -8.4134 4 1 0
3.11269 2.13487 -8.41806 4 1 0
3.11713 2.13895 -8.42214 4 1 0
3.12133 2.14266 -8.42585 4 1 0
3.12532 2.14574 -8.42892 4 1 0
3.1291 2.14893 -8.43212 4 1 0
3.13267 2.15286 -8.43604 4 1 0
3.13603 2.15572 -8.4389 4 1 0
3.13615 2.15582 -8.439 4 1 0
3.13931 2.15811 -8.44129 4 1 0
3.1398 2.15839 -8.44157 4 1 0
3.14274 2.16163 -8.44481 4 1 0
3.14551 2.16408 -8.44726 4 1 0
3.14811 2.16683 -8.45002 4 1 0
3.15054 2.16888 -8.45207 4 1 0
3.15271 2.17041 -8.45359 4 1 0
3.15483 2.17292 -8.4561 4 1 0
3.15681 2.17472 -8.45791 4 1 0
3.15866 2.17619 -8.45937 4 1 0
3.16037 2.17755 -8.46074 4 1 0
3.16195 2.17951 -8.4627 4 1 0
3.16342 2.17991 -8.4631 4 1 0
3.16477 2.18195 -8.46514 4 1 0
3.16602 2.18327 -8.46645 4 1 0
3.16642 2.18363 -8.46681 4 1 0
3.16753 2.18454 -8.46772 4 1 0
3.16754 2.18454 -8.46773 4 1 0
3.16856 2.18559 -8.46877 4 1 0
3.16856 2.18559 -8.46877 4 1 0
3.16949 2.18571 -8.4689 4 1 0
3.17035 2.18729 -8.47048 4 1 0
3.17113 2.18739 -8.47057 4 1 0
3.17183 2.18778 -8.47096 4 1 0
3.17245 2.18924 -8.47242 4 1 0
3.17303 2.18903 -8.47221 4 1 0
3.17355 2.18992 -8.4731 4 1 0
3.17403 2.19069 -8.47385 4 1 0
3.17445 2.19027 -8.47354 4 1 0
3.17439 2.1904 -8.47349 4 1 0
3.17478 2.19057 -8.47407 4 1 0
3.17513 2.19169 -8.47495 4 1 0
3.17544 2.1919 -8.47488 4 1 0
3.17569 2.19163 -8.47515 4 1 0
3.17593 2.19251 -8.47571 4 1 0
3.17613 2.1924 -8.47523 4 1 0
3.17623 2.19276 -8.47553 4 1 0
3.17633 2.19248 -8.47504 4 1 0
3.17633 2.19247 -8.47505 4 1 0
3.1764 2.19284 -8.47607 4 1 0
3.17649 2.19243 -8.47623 4 1 0
3.17657 2.19206 -8.47605 4 1 0
3.17659 2.19248 -8.47599 4 1 0
3.17662 2.19219 -8.47618 4 1 0
3.17662 2.19218 -8.47619 4 1 0
3.17669 2.19259 -8.47625 4 1 0
3.17678 2.19299 -8.47597 4 1 0
3.17678 2.19299 -8.47597 4 1 0
2.4 1.12249 -7.40578 4 1 0
2.38867 1.10885 -7.39203 3 1 0
2.37191 1.08869 -7.37187 3 1 0
2.34773 1.06076 -7.34395 3 1 0
2.32263 1.03164 -7.31482 3 1 0
2.29988 1.00492 -7.2881 3 1 0
2.27984 0.981737 -7.26492 3 1 0
2.26274 0.960949 -7.24413 3 1 0
2.24855 0.943168 -7.22635 3 1 0
2.23711 0.927165 -7.21035 3 1 0
2.22808 0.914063 -7.19725 3 1 0
2.22109 0.902294 -7.18548 3 1 0
2.21574 0.892638 -7.17582 3 1 0
2.21171 0.883729 -7.16691 3 1 0
2.20868 0.876233 -7.15942 3 1 0
2.20644 0.87016 -7.15335 3 1 0
2.20479 0.865335 -7.14852 3 1 0
2.20359 0.861176 -7.14436 3 1 0
2.20272 0.857243 -7.14043 3 1 0
2.20212 0.854435 -7.13762 3 1 0
2.20171 0.851891 -7.13508 3 1 0
2.20145 0.849093 -7.13228 3 1 0
2.20131 0.848251 -7.13144 3 1 0
2.20126 0.847579 -7.13076 3 1 0
2.20126 0.847046 -7.13023 3 1 0
2.20129 0.84687 -7.13006 4 1 0
2.20138 0.846796 -7.12998 4 1 0
2.20151 0.846711 -7.1299 4 1 0
2.20168 0.846656 -7.12984 4 1 0
2.20189 0.847246 -7.13043 4 1 0
2.20211 0.847822 -7.13101 4 1 0
2.20236 0.848477 -7.13166 4 1 0
2.20262 0.850175 -7.13336 4 1 0
2.20289 0.852099 -7.13528 4 1 0
2.20317 0.853385 -7.13657 4 1 0
2.20346 0.854555 -7.13774 4 1 0
2.20374 0.85556 -7.13875 4 1 0
2.20403 0.857467 -7.14065 4 1 0
2.20432 0.859244 -7.14243 4 1 0
2.2046 0.859815 -7.143 4 1 0
2.20487 0.861759 -7.14494 4 1 0
2.20514 0.863547 -7.14673 4 1 0
2.2054 0.864914 -7.1481 4 1 0
2.20564 0.86587 -7.14906 4 1 0
2.20588 0.86659 -7.14978 4 1 0
2.2061 0.868838 -7.15202 4 1 0
2.20631 0.870213 -7.1534 4 1 0
2.2065 0.871387 -7.15457 4 1 0
2.20668 0.871935 -7.15512 4 1 0
2.20685 0.872403 -7.15559 4 1 0
2.207 0.872979 -7.15616 4 1 0
2.20715 0.874743 -7.15793 4 1 0
2.20727 0.875649 -7.15883 4 1 0
2.20739 0.876355 -7.15954 4 1 0
2.20749 0.876888 -7.16007 4 1 0
2.20758 0.877438 -7.16062 4 1 0
2.20766 0.87778 -7.16096 4 1 0
2.20773 0.87813 -7.16132 4 1 0
2.20779 0.878157 -7.16134 4 1 0
2.20785 0.877943 -7.16113 4 1 0
2.20789 0.87821 -7.1614 4 1 0
2.20791 0.878524 -7.16171 4 1 0
2.20794 0.879107 -7.16229 4 1 0
2.20794 0.879 -7.16219 4 1 0
2.20797 0.879464 -7.16265 4 1 0
2.208 0.879758 -7.16294 4 1 0
2.20802 0.879889 -7.16307 4 1 0
2.20803 0.879883 -7.16307 4 1 0
2.20805 0.879656 -7.16284 4 1 0
2.20805 0.879498 -7.16268 4 1 0
2.20806 0.878912 -7.1621 4 1 0
2.20806 0.878893 -7.16208 4 1 0
2.20807 0.88015 -7.16334 4 1 0
2.20807 0.880171 -7.16336 4 1 0
2.20807 0.880154 -7.16334 4 1 0
2.20808 0.880151 -7.16334 4 1 0
2.20808 0.879854 -7.16304 4 1 0
2.20808 0.879854 -7.16304 4 1 0
2.20808 0.878257 -7.16144 4 1 0
2.20808 0.878284 -7.16147 4 1 0
2.20808 0.878285 -7.16147 4 1 0
2.20808 0.879669 -7.16285 4 1 0
2.20809 0.88007 -7.16326 4 1 0
2.20809 0.880263 -7.16345 4 1 0
2.20809 0.880166 -7.16335 4 1 0
2.20809 0.88028 -7.16347 4 1 0
2.20809 0.880116 -7.1633 4 1 0
2.20809 0.87892 -7.16211 4 1 0
2.20809 0.879607 -7.16279 4 1 0
2.20809 0.880076 -7.16326 4 1 0
2.20809 0.880093 -7.16328 4 1 0
2.20809 0.879511 -7.16269 4 1 0
2.20809 0.878451 -7.16163 4 1 0
2.20809 0.878904 -7.16209 4 1 0
2.20809 0.879671 -7.16285 4 1 0
2.20809 0.880153 -7.16334 4 1 0
2.20809 0.880278 -7.16346 4 1 0
2.20809 0.879981 -7.16315 4 1 0
2.20809 0.879125 -7.16228 4 1 0
2.20809 0.880213 -7.16339 4 1 0
2.20809 0.880226 -7.16342 4 1 0
2.20809 0.880024 -7.16323 4 1 0
2.20809 0.878803 -7.16203 4 1 0
2.20809 0.879609 -7.16276 4 1 0
2.20809 0.879962 -7.16312 4 1 0
2.65663 1.63082 -7.91401 4 2 0
2.65663 1.63606 -7.90854 4 2 0
2.65664 1.64588 -7.89699 3 2 0
2.65664 1.65685 -7.88238 3 2 0
2.65665 1.66675 -7.86601 3 2 0
2.65666 1.67633 -7.84923 3 2 0
2.65666 1.67838 -7.84585 3 2 0
2.65666 1.68608 -7.82788 4 2 0
2.65664 1.69228 -7.80905 4 2 0
2.6566 1.69883 -7.7905 4 2 0
2.65654 1.70383 -7.77112 4 2 0
2.65644 1.70749 -7.75129 4 2 0
2.6563 1.71165 -7.73066 4 2 0
2.65612 1.71436 -7.7107 4 2 0
2.65589 1.71652 -7.69094 4 2 0
2.65562 1.71866 -7.67053 4 2 0
2.65531 1.71991 -7.65123 4 2 0
2.65495 1.72057 -7.6322 4 2 0
2.65454 1.72175 -7.61322 4 2 0
2.6541 1.72169 -7.59463 4 2 0
2.65363 1.7225 -7.57686 4 2 0
2.65312 1.72225 -7.56029 4 2 0
2.65259 1.72236 -7.54366 4 2 0
2.65204 1.72214 -7.52766 4 2 0
2.65148 1.72195 -7.51303 4 2 0
2.65091 1.72125 -7.49855 4 2 0
2.65033 1.72095 -7.48473 4 2 0
2.64975 1.72022 -7.47238 4 2 0
2.64918 1.72025 -7.46026 4 2 0
2.64862 1.71924 -7.44877 4 2 0
2.64806 1.71897 -7.43802 4 2 0
2.64752 1.71873 -7.42819 4 2 0
2.647 1.71757 -7.4189 4 2 0
2.64649 1.71703 -7.40978 4 2 0
2.646 1.71726 -7.4013 4 2 0
2.64554 1.71663 -7.39407 4 2 0
2.64509 1.71636 -7.38758 4 2 0
2.64467 1.7156 -7.38132 4 2 0
2.64426 1.71561 -7.37541 4 2 0
2.64388 1.7151 -7.37 4 2 0
2.64352 1.71475 -7.36483 4 2 0
2.64319 1.7141 -7.35988 4 2 0
2.64287 1.71355 -7.35579 4 2 0
2.64257 1.71389 -7.35187 4 2 0
2.64229 1.71335 -7.34889 4 2 0
2.64203 1.71255 -7.34589 4 2 0
2.64179 1.71312 -7.3432 4 2 0
2.64157 1.71256 -7.34053 4 2 0
2.64136 1.71211 -7.33819 4 2 0
2.64116 1.71249 -7.33634 4 2 0
2.64099 1.71193 -7.33441 4 2 0
2.64082 1.71188 -7.33274 4 2 0
2.64067 1.71195 -7.33148 4 2 0
2.64053 1.71115 -7.33005 4 2 0
2.6404 1.71131 -7.32872 4 2 0
2.64028 1.71143 -7.32705 4 2 0
2.64018 1.71138 -7.32691 4 2 0
2.64008 1.71131 -7.32656 4 2 0
2.63999 1.71088 -7.32599 4 2 0
2.6399 1.71121 -7.3251 4 2 0
2.63983 1.71084 -7.32444 4 2 0
2.63976 1.71102 -7.3244 4 2 0
2.6397 1.71016 -7.3245 4 2 0
2.63964 1.71088 -7.32408 4 2 0
2.63959 1.71061 -7.32418 4 2 0
2.63955 1.71066 -7.32386 4 2 0
2.63951 1.71066 -7.32404 4 2 0
2.63947 1.71059 -7.3239 4 2 0
2.63944 1.71057 -7.32328 4 2 0
2.63941 1.71053 -7.32318 4 2 0
2.63938 1.7104 -7.324 4 2 0
2.63935 1.71055 -7.32431 4 2 0
2.63933 1.71003 -7.32428 4 2 0
2.63931 1.71057 -7.32373 4 2 0
2.6393 1.71015 -7.32449 4 2 0
2.63928 1.71 -7.32483 4 2 0
2.63927 1.71055 -7.32494 4 2 0
2.63926 1.70989 -7.32446 4 2 0
2.63925 1.70962 -7.32526 4 2 0
2.63924 1.71052 -7.32473 4 2 0
2.63923 1.70983 -7.3252 4 2 0
2.63922 1.7104 -7.32561 4 2 0
2.63921 1.71023 -7.32554 4 2 0
2.63921 1.71035 -7.32624 3 2 0
2.6392 1.71042 -7.32638 4 2 0
2.6392 1.71005 -7.32647 4 2 0
2.6392 1.71031 -7.32586 4 2 0
2.63919 1.71048 -7.32584 4 2 0
2.63919 1.70959 -7.32686 4 2 0
2.63919 1.71047 -7.32716 4 2 0
2.63919 1.71017 -7.32664 4 2 0
2.63918 1.71031 -7.32719 4 2 0
2.63918 1.71009 -7.32757 4 2 0
2.63918 1.71023 -7.3272 4 2 0
2.63918 1.71023 -7.3278 4 2 0
2.63918 1.71027 -7.32762 4 2 0
2.63918 1.70997 -7.3279 4 2 0
2.63918 1.71042 -7.32717 4 2 0
2.63918 1.70981 -7.32797 4 2 0
2.63918 1.71016 -7.328 4 2 0
2.63918 1.71016 -7.32833 4 2 0
2.63918 1.71025 -7.32783 4 2 0
2.63918 1.71042 -7.32809 4 2 0
2.63918 1.70973 -7.32854 4 2 0
2.63917 1.71042 -7.32812 4 2 0
2.63917 1.71034 -7.32842 4 2 0
2.63917 1.70997 -7.32738 4 2 0
2.63917 1.71038 -7.32849 4 2 0
2.63917 1.71038 -7.32878 4 2 0
2.63917 1.71004 -7.32843 4 2 0
2.63917 1.71028 -7.32824 4 2 0
2.63917 1.71017 -7.32783 4 2 0
2.63917 1.71016 -7.32881 4 2 0
2.63917 1.71032 -7.32881 4 2 0
2.63917 1.71004 -7.32877 4 2 0
2.63917 1.71026 -7.32892 4 2 0
2.63917 1.71024 -7.32806 4 2 0
2.63917 1.71024 -7.32883 4 2 0
2.63917 1.71003 -7.32848 4 2 0
2.63917 1.71038 -7.32905 4 2 0
2.63917 1.7102 -7.32884 4 2 0
2.63917 1.71041 -7.32854 4 2 0
2.63917 1.70958 -7.32909 4 2 0
2.63917 1.70992 -7.32901 4 2 0
2.63917 1.71029 -7.32889 4 2 0
2.63917 1.71022 -7.32845 4 2 0
2.63917 1.70974 -7.32911 4 2 0
2.63917 1.71036 -7.32861 4 2 0
2.63917 1.71004 -7.32893 4 2 0
2.63917 1.71037 -7.32858 4 2 0
2.63917 1.70999 -7.32913 4 2 0
2.63917 1.71019 -7.32848 4 2 0
2.63917 1.71045 -7.32908 4 2 0
2.63917 1.70991 -7.32808 4 2 0
2.63917 1.71022 -7.32901 4 2 0
2.63917 1.70931 -7.32909 4 2 0
2.63917 1.71044 -7.32807 4 2 0
2.63917 1.70971 -7.32909 4 2 0
2.63917 1.71014 -7.32876 4 2 0
2.63917 1.70997 -7.32911 4 2 0
2.63917 1.71039 -7.32811 4 2 0
2.63917 1.71022 -7.32902 4 2 0
2.63917 1.7098 -7.32789 4 2 0
2.63917 1.71044 -7.32907 4 2 0
2.63917 1.70988 -7.32829 4 2 0
2.63917 1.71045 -7.32905 4 2 0
2.63917 1.70976 -7.32886 4 2 0
2.63917 1.71045 -7.32851 4 2 0
2.63917 1.70995 -7.32915 4 2 0
2.63917 1.71005 -7.32825 4 2 0
2.63917 1.70973 -7.32913 4 2 0
2.63917 1.71044 -7.3286 4 2 0
2.63917 1.70991 -7.32908 4 2 0
2.63917 1.71016 -7.32813 4 2 0
2.63917 1.7097 -7.32906 4 2 0
2.63917 1.7103 -7.32879 4 2 0
2.63917 1.71027 -7.3287 4 2 0
2.63917 1.71043 -7.3288 4 2 0
2.63917 1.70954 -7.32904 4 2 0
2.63917 1.70982 -7.32891 4 2 0
2.63917 1.71001 -7.32894 4 2 0
2.63917 1.71045 -7.32877 4 2 0
2.63917 1.70946 -7.32914 4 2 0
2.63917 1.71022 -7.32799 4 2 0
2.63917 1.71045 -7.32906 4 2 0
2.63917 1.70979 -7.32911 4 2 0
2.63917 1.71037 -7.32769 4 2 0
2.63917 1.71038 -7.32912 4 2 0
2.63917 1.7103 -7.3291 4 2 0
2.63917 1.70988 -7.32797 4 2 0
2.63917 1.70977 -7.32915 4 2 0
2.63917 1.71043 -7.32913 4 2 0
2.63917 1.71028 -7.328 4 2 0
2.63917 1.70904 -7.32915 4 2 0
2.63917 1.71012 -7.32906 4 2 0
2.63917 1.70925 -7.32867 4 2 0
2.63917 1.71022 -7.329 4 2 0
2.63917 1.70971 -7.32777 4 2 0
2.63917 1.71021 -7.32915 4 2 0
2.63917 1.71044 -7.32843 4 2 0
2.63917 1.70972 -7.32865 4 2 0
2.63917 1.70965 -7.32896 4 2 0
2.63917 1.71031 -7.32869 4 2 0
2.63917 1.70966 -7.32824 4 2 0
2.63917 1.71018 -7.32915 4 2 0
2.63917 1.71043 -7.32809 4 2 0
2.63917 1.70994 -7.3288 4 2 0
2.63917 1.7103 -7.32878 4 2 0
2.63917 1.71045 -7.32896 4 2 0
2.63917 1.71031 -7.32884 4 2 0
2.63917 1.71042 -7.32905 4 2 0
2.63917 1.71044 -7.32827 4 2 0
2.63917 1.71036 -7.32912 4 2 0
2.63917 1.71031 -7.32808 4 2 0
2.63917 1.71045 -7.32908 4 2 0
2.63917 1.70957 -7.32905 4 2 0
2.63917 1.70948 -7.32813 4 2 0
2.63917 1.70935 -7.32913 4 2 0
2.63917 1.71015 -7.32876 4 2 0
2.63917 1.70995 -7.32915 4 2 0
2.63917 1.70964 -7.32846 4 2 0
2.63917 1.70987 -7.32912 4 2 0
2.63917 1.70987 -7.32905 4 2 0
2.63917 1.70984 -7.32838 4 2 0
2.63917 1.71005 -7.32853 4 2 0
2.63917 1.70971 -7.32868 4 2 0
2.63917 1.70978 -7.32915 4 2 0
2.63917 1.71041 -7.32871 4 2 0
2.63917 1.71045 -7.3284 4 2 0
2.63917 1.71035 -7.3291 4 2 0
2.63917 1.7101 -7.32855 4 2 0
2.63917 1.70971 -7.32906 4 2 0
2.63917 1.70921 -7.32911 4 2 0
2.63917 1.70967 -7.32912 4 2 0
2.63917 1.70944 -7.3288 4 2 0
2.63917 1.70921 -7.328 4 2 0
2.63917 1.71038 -7.32867 4 2 0
2.63917 1.71041 -7.32849 4 2 0
2.63917 1.71043 -7.32885 4 2 0
2.63917 1.71041 -7.32915 4 2 0
2.63917 1.71027 -7.3291 4 2 0
2.63917 1.71003 -7.32915 4 2 0
2.63917 1.71045 -7.32897 4 2 0
2.63917 1.7103 -7.32912 4 2 0
2.63917 1.70968 -7.32882 4 2 0
2.63917 1.71019 -7.32911 4 2 0
2.63917 1.70942 -7.32899 4 2 0
2.65663 1.63082 -7.91401 4 3 0
2.65663 1.62536 -7.91924 4 3 0
2.65664 1.6138 -7.92906 3 3 0
2.65664 1.59876 -7.94032 3 3 0
2.65665 1.58333 -7.95013 3 3 0
2.65666 1.56674 -7.95914 3 3 0
2.65666 1.56271 -7.96135 3 3 0
2.65666 1.54486 -7.96938 4 3 0
2.65664 1.52615 -7.97594 4 3 0
2.6566 1.50662 -7.98205 4 3 0
2.65654 1.48752 -7.98695 4 3 0
2.65644 1.46797 -7.99075 4 3 0
2.6563 1.44811 -7.99482 4 3 0
2.65612 1.42806 -7.99757 4 3 0
2.65589 1.40795 -7.99937 4 3 0
2.65562 1.38796 -8.00179 4 3 0
2.65531 1.36813 -8.00318 4 3 0
2.65495 1.34858 -8.00354 4 3 0
2.65454 1.32963 -8.00497 4 3 0
2.6541 1.31162 -8.00526 4 3 0
2.65363 1.2941 -8.00537 4 3 0
2.65312 1.27702 -8.00573 4 3 0
2.65259 1.26069 -8.00536 4 3 0
2.65204 1.24498 -8.00506 4 3 0
2.65148 1.22993 -8.00466 4 3 0
2.65091 1.21557 -8.00478 4 3 0
2.65033 1.20186 -8.00388 4 3 0
2.64975 1.18885 -8.0036 4 3 0
2.64918 1.17644 -8.00341 4 3 0
2.64862 1.16485 -8.00218 4 3 0
2.64806 1.15451 -8.00219 4 3 0
2.64752 1.14481 -8.0017 4 3 0
2.647 1.13566 -8.0014 4 3 0
2.64649 1.12703 -8.00062 4 3 0
2.646 1.11888 -8.00049 4 3 0
2.64554 1.11118 -7.99945 4 3 0
2.64509 1.10387 -7.99952 4 3 0
2.64467 1.09776 -7.99902 4 3 0
2.64426 1.09215 -7.99836 4 3 0
2.64388 1.08684 -7.99836 4 3 0
2.64352 1.08181 -7.99783 4 3 0
2.64319 1.077 -7.99735 4 3 0
2.64287 1.07255 -7.99692 4 3 0
2.64257 1.06864 -7.99712 4 3 0
2.64229 1.06568 -7.99616 4 3 0
2.64203 1.06268 -7.9964 4 3 0
2.64179 1.06002 -7.99606 4 3 0
2.64157 1.05737 -7.99605 4 3 0
2.64136 1.05434 -7.99559 4 3 0
2.64116 1.05249 -7.99553 4 3 0
2.64099 1.05116 -7.99539 4 3 0
2.64082 1.04907 -7.99503 4 3 0
2.64067 1.04813 -7.99502 4 3 0
2.64053 1.04703 -7.99492 4 3 0
2.6404 1.04512 -7.99469 4 3 0
2.64028 1.044 -7.99471 4 3 0
2.64018 1.04384 -7.99406 4 3 0
2.64008 1.04286 -7.99384 4 3 0
2.63999 1.04257 -7.9945 4 3 0
2.6399 1.04234 -7.99385 4 3 0
2.63983 1.04189 -7.99433 4 3 0
2.63976 1.04115 -7.99342 4 3 0
2.6397 1.04073 -7.9942 4 3 0
2.63964 1.04097 -7.99412 4 3 0
2.63959 1.04099 -7.99359 4 3 0
2.63955 1.04059 -7.99403 4 3 0
2.63951 1.04084 -7.994 4 3 0
2.63947 1.04074 -7.99319 4 3 0
2.63944 1.04016 -7.99392 4 3 0
2.63941 1.04094 -7.99389 4 3 0
2.63938 1.0407 -7.99321 4 3 0
2.63935 1.0407 -7.9938 4 3 0
2.63933 1.04124 -7.99356 4 3 0
2.63931 1.04101 -7.99368 4 3 0
2.6393 1.04096 -7.99323 4 3 0
2.63928 1.04106 -7.99315 4 3 0
2.63927 1.0418 -7.99374 4 3 0
2.63926 1.04194 -7.99281 4 3 0
2.63925 1.04204 -7.99371 4 3 0
2.63924 1.04236 -7.99307 4 3 0
2.63923 1.04206 -7.9937 4 3 0
2.63922 1.04204 -7.99305 4 3 0
2.63921 1.04284 -7.99363 4 3 0
2.63921 1.04299 -7.99327 3 3 0
2.6392 1.04299 -7.99368 4 3 0
2.6392 1.04288 -7.99281 3 3 0
2.6392 1.04354 -7.99362 3 3 0
2.63919 1.04354 -7.99318 3 3 0
2.63919 1.04382 -7.99355 3 3 0
2.63919 1.04338 -7.99328 3 3 0
2.63919 1.044 -7.99309 3 3 0
2.63918 1.04331 -7.99363 3 3 0
2.63918 1.04415 -7.99298 3 3 0
2.63918 1.04421 -7.99327 3 3 0
2.63918 1.04461 -7.99352 3 3 0
2.63918 1.04423 -7.99326 3 3 0
2.63918 1.04451 -7.99356 3 3 0
2.63918 1.04383 -7.99316 3 3 0
2.63918 1.04484 -7.99359 3 3 0
2.63918 1.04499 -7.99319 3 3 0
2.63918 1.04504 -7.99358 3 3 0
2.63918 1.04461 -7.99304 3 3 0
2.63918 1.04485 -7.99284 3 3 0
2.63918 1.04509 -7.99362 3 3 0
2.63917 1.04539 -7.99284 3 3 0
2.63917 1.04515 -7.99362 3 3 0
2.63917 1.0455 -7.99284 3 3 0
2.63917 1.04495 -7.99364 3 3 0
2.63917 1.04557 -7.99278 3 3 0
2.63917 1.04493 -7.99363 3 3 0
2.63917 1.04517 -7.99296 3 3 0
2.63917 1.04519 -7.99363 3 3 0
2.63917 1.04573 -7.99296 3 3 0
2.63917 1.0453 -7.99358 3 3 0
2.63917 1.04543 -7.99338 3 3 0
2.63917 1.0451 -7.99331 3 3 0
2.63917 1.0458 -7.9935 3 3 0
2.63917 1.04579 -7.99289 3 3 0
2.63917 1.04561 -7.99363 3 3 0
2.63917 1.04549 -7.99307 3 3 0
2.63917 1.04539 -7.99362 3 3 0
2.63917 1.04589 -7.99303 3 3 0
2.63917 1.04531 -7.99352 3 3 0
2.63917 1.04561 -7.99353 3 3 0
2.63917 1.04588 -7.99321 3 3 0
2.63917 1.04521 -7.9934 3 3 0
2.63917 1.04551 -7.99355 4 3 0
2.63917 1.04543 -7.99342 4 3 0
2.63917 1.04594 -7.99314 4 3 0
2.63917 1.04548 -7.99336 4 3 0
2.63917 1.04594 -7.9932 4 3 0
2.63917 1.04519 -7.99355 4 3 0
2.63917 1.0458 -7.99282 4 3 0
2.63917 1.04579 -7.99355 4 3 0
2.63917 1.04537 -7.99335 4 3 0
2.63917 1.0448 -7.99339 4 3 0
2.63917 1.04589 -7.99343 4 3 0
2.63917 1.04567 -7.99301 4 3 0
2.63917 1.04557 -7.99344 4 3 0
2.63917 1.04566 -7.99296 4 3 0
2.63917 1.04589 -7.9936 4 3 0
2.63917 1.04522 -7.99309 4 3 0
2.63917 1.04597 -7.99357 4 3 0
2.63917 1.0453 -7.99316 4 3 0
2.63917 1.04539 -7.99352 4 3 0
2.63917 1.0459 -7.99355 4 3 0
2.63917 1.04562 -7.99279 4 3 0
2.63917 1.04562 -7.99276 4 3 0
2.63917 1.04589 -7.99357 4 3 0
2.63917 1.04463 -7.9933 4 3 0
2.63917 1.04584 -7.99303 4 3 0
2.63917 1.0454 -7.9933 4 3 0
