4 -1 0.2 0.2 89.8 -3.95424 -0.937806 -0.937806 6.0948 6.0948 0.054211 3.29807 -0.93622 -0.93622 -3.90008 -2.85993 -2.85993 1.84199 0.825307 0.825307 1.45145 -0.546027 -0.546027 
4 -1 0.200005 0.200005 89.8113 -3.95688 -0.936912 -0.936912 6.09712 6.09712 0.055098 3.29832 -0.934189 -0.934189 -3.90041 -2.85968 -2.85968 1.84213 0.826301 0.826301 1.45139 -0.545848 -0.545848 
4 -1 0.200437 0.200437 89.6335 -3.95604 -0.939265 -0.939265 6.09701 6.09701 0.054806 3.29678 -0.935959 -0.935959 -3.89964 -2.85768 -2.85768 1.8421 0.823551 0.823551 1.44978 -0.545299 -0.545299 
4 -1 0.200781 0.200781 89.4476 -3.95494 -0.933073 -0.933073 6.09874 6.09874 0.051651 3.29648 -0.934704 -0.934704 -3.89947 -2.85473 -2.85473 1.84058 0.822956 0.822956 1.4504 -0.544498 -0.544498 
4 -1 0.20126 0.20126 89.2372 -3.95428 -0.931018 -0.931018 6.09983 6.09983 0.049896 3.2963 -0.933664 -0.933664 -3.89866 -2.85127 -2.85127 1.83953 0.821711 0.821711 1.44962 -0.544144 -0.544144 
4 -1 0.201732 0.201732 89.0375 -3.95358 -0.9297 -0.9297 6.10075 6.10075 0.04836 3.29588 -0.933137 -0.933137 -3.89783 -2.84815 -2.84815 1.83862 0.820036 0.820036 1.44871 -0.54365 -0.54365 
4 -1 0.202882 0.202882 88.6402 -3.95231 -0.925267 -0.925267 6.1045 6.1045 0.043894 3.29489 -0.931964 -0.931964 -3.89575 -2.83955 -2.83955 1.83551 0.812616 0.812616 1.44714 -0.54017 -0.54017 
4 -1 0.203968 0.203968 88.2021 -3.95078 -0.919793 -0.919793 6.10689 6.10689 0.039869 3.29472 -0.928994 -0.928994 -3.89396 -2.83217 -2.83217 1.83305 0.811182 0.811182 1.44567 -0.539582 -0.539582 
4 -1 0.204702 0.204702 87.9077 -3.94967 -0.91535 -0.91535 6.10827 6.10827 0.036854 3.29491 -0.926499 -0.926499 -3.89269 -2.82758 -2.82758 1.83159 0.811802 0.811802 1.44438 -0.539646 -0.539646 
4 -1 0.206194 0.206194 87.3725 -3.94179 -0.923401 -0.923401 6.10379 6.10379 0.035737 3.29139 -0.934923 -0.934923 -3.8887 -2.8214 -2.8214 1.83041 0.804025 0.804025 1.44112 -0.537525 -0.537525 
4 -1 0.207718 0.207718 86.7758 -3.93881 -0.923751 -0.923751 6.10476 6.10476 0.032986 3.28857 -0.935457 -0.935457 -3.88609 -2.81128 -2.81128 1.82724 0.799923 0.799923 1.43843 -0.537192 -0.537192 
4 -1 0.209468 0.209468 86.1581 -3.93543 -0.923915 -0.923915 6.10609 6.10609 0.029721 3.28548 -0.936504 -0.936504 -3.88282 -2.80215 -2.80215 1.82448 0.79365 0.79365 1.43417 -0.535614 -0.535614 
4 -1 0.211858 0.211858 85.3556 -3.9305 -0.928163 -0.928163 6.10734 6.10734 0.026755 3.2801 -0.940718 -0.940718 -3.87816 -2.79178 -2.79178 1.82265 0.780698 0.780698 1.42782 -0.532003 -0.532003 
4 -1 0.213813 0.213813 84.692 -3.92659 -0.928946 -0.928946 6.10843 6.10843 0.023445 3.27657 -0.941695 -0.941695 -3.87469 -2.78034 -2.78034 1.81946 0.775165 0.775165 1.42356 -0.531236 -0.531236 
4 -1 0.215705 0.215705 84.0786 -3.92291 -0.928943 -0.928943 6.10988 6.10988 0.019996 3.27331 -0.942449 -0.942449 -3.87141 -2.77034 -2.77034 1.81659 0.769091 0.769091 1.41937 -0.529894 -0.529894 
4 -1 0.218258 0.218258 83.2864 -3.91815 -0.946904 -0.946904 6.1083 6.1083 0.020781 3.26213 -0.954456 -0.954456 -3.86698 -2.76159 -2.76159 1.81555 0.753649 0.753649 1.4118 -0.526296 -0.526296 
4 -1 0.220697 0.220697 82.5502 -3.91292 -0.95127 -0.95127 6.10923 6.10923 0.018195 3.25672 -0.95833 -0.95833 -3.86263 -2.75176 -2.75176 1.81348 0.742052 0.742052 1.40545 -0.523552 -0.523552 
4 -1 0.223168 0.223168 81.8319 -3.90769 -0.954671 -0.954671 6.11034 6.11034 0.015317 3.2517 -0.961719 -0.961719 -3.85804 -2.74229 -2.74229 1.81145 0.730965 0.730965 1.39838 -0.520736 -0.520736 
4 -1 0.225005 0.225005 81.2622 -3.90614 -0.920516 -0.920516 6.12249 6.12249 0.000751 3.2599 -0.943196 -0.943196 -3.85462 -2.72442 -2.72442 1.80293 0.730259 0.730259 1.39901 -0.516017 -0.516017 
4 -1 0.227584 0.227584 80.5627 -3.90064 -0.922658 -0.922658 6.12358 6.12358 -0.00256 3.255 -0.945934 -0.945934 -3.84978 -2.71454 -2.71454 1.80012 0.721029 0.721029 1.39227 -0.513334 -0.513334 
3 -1 0.230143 0.230143 79.8622 -3.89471 -0.928351 -0.928351 6.12353 6.12353 -0.004321 3.24914 -0.950226 -0.950226 -3.84516 -2.7039 -2.7039 1.79724 0.711418 0.711418 1.38606 -0.511624 -0.511624 
4 -1 0.233094 0.233094 79.1439 -3.88929 -0.940984 -0.940984 6.12224 6.12224 -0.00463 3.23922 -0.958747 -0.958747 -3.84085 -2.6974 -2.6974 1.79664 0.701754 0.701754 1.37552 -0.510782 -0.510782 
4 -1 0.235909 0.235909 78.4137 -3.88442 -0.933427 -0.933427 6.12652 6.12652 -0.011211 3.23647 -0.955729 -0.955729 -3.83615 -2.68386 -2.68386 1.7911 0.696055 0.696055 1.37056 -0.508611 -0.508611 
4 -1 0.238355 0.238355 77.785 -3.8803 -0.923934 -0.923934 6.13076 6.13076 -0.017981 3.23497 -0.951504 -0.951504 -3.83219 -2.67181 -2.67181 1.7864 0.693075 0.693075 1.36641 -0.507038 -0.507038 
4 -1 0.242105 0.242105 76.822 -3.8721 -0.935856 -0.935856 6.1315 6.1315 -0.020059 3.22559 -0.960474 -0.960474 -3.82471 -2.65702 -2.65702 1.78395 0.673449 0.673449 1.35574 -0.501792 -0.501792 
4 -1 0.245388 0.245388 76.0561 -3.86533 -0.93675 -0.93675 6.13367 6.13367 -0.02455 3.22009 -0.962823 -0.962823 -3.81896 -2.64445 -2.64445 1.78007 0.663049 0.663049 1.34763 -0.498702 -0.498702 
4 -1 0.248514 0.248514 75.3345 -3.85927 -0.93378 -0.93378 6.13688 6.13688 -0.029958 3.21579 -0.962544 -0.962544 -3.81371 -2.63021 -2.63021 1.77452 0.655353 0.655353 1.3417 -0.496562 -0.496562 
4 -1 0.250789 0.250789 74.8813 -3.85229 -0.921759 -0.921759 6.13794 6.13794 -0.036055 3.21739 -0.956447 -0.956447 -3.81075 -2.61879 -2.61879 1.7676 0.659172 0.659172 1.3408 -0.495457 -0.495457 
4 -1 0.254442 0.254442 74.0861 -3.8458 -0.915493 -0.915493 6.14249 6.14249 -0.044108 3.21326 -0.954745 -0.954745 -3.80447 -2.60273 -2.60273 1.7613 0.651972 0.651972 1.33366 -0.492834 -0.492834 
4 -1 0.258008 0.258008 73.3594 -3.83946 -0.910494 -0.910494 6.14704 6.14704 -0.051544 3.20863 -0.954366 -0.954366 -3.79827 -2.58838 -2.58838 1.75514 0.642913 0.642913 1.32718 -0.489296 -0.489296 
3 -1 0.261453 0.261453 72.644 -3.83215 -0.921278 -0.921278 6.14655 6.14655 -0.053875 3.19922 -0.963189 -0.963189 -3.79204 -2.57595 -2.57595 1.75056 0.631903 0.631903 1.31976 -0.486722 -0.486722 
3 -1 0.264918 0.264918 71.972 -3.82581 -0.924449 -0.924449 6.14874 6.14874 -0.059041 3.19218 -0.967339 -0.967339 -3.78615 -2.56287 -2.56287 1.74534 0.622586 0.622586 1.31284 -0.484204 -0.484204 
3 -1 0.268507 0.268507 71.3091 -3.81952 -0.926215 -0.926215 6.15151 6.15151 -0.065142 3.18533 -0.97102 -0.97102 -3.78002 -2.5497 -2.5497 1.73977 0.613478 0.613478 1.30591 -0.481263 -0.481263 
4 -1 0.272605 0.272605 70.5215 -3.81358 -0.926769 -0.926769 6.15718 6.15718 -0.074967 3.17729 -0.976312 -0.976312 -3.77261 -2.53291 -2.53291 1.73375 0.600208 0.600208 1.29888 -0.476055 -0.476055 
4 -1 0.276674 0.276674 69.8107 -3.80747 -0.933272 -0.933272 6.16029 6.16029 -0.080734 3.16795 -0.983442 -0.983442 -3.76568 -2.51907 -2.51907 1.72795 0.588436 0.588436 1.29069 -0.472322 -0.472322 
4 -1 0.280655 0.280655 69.128 -3.80168 -0.941618 -0.941618 6.16298 6.16298 -0.085725 3.15813 -0.991526 -0.991526 -3.75897 -2.50597 -2.50597 1.72263 0.576654 0.576654 1.28258 -0.468859 -0.468859 
4 -1 0.284367 0.284367 68.556 -3.79317 -0.970279 -0.970279 6.15397 6.15397 -0.080176 3.14225 -1.00762 -1.00762 -3.75236 -2.50154 -2.50154 1.72119 0.571941 0.571941 1.27237 -0.47146 -0.47146 
4 -1 0.289469 0.289469 67.7381 -3.78553 -0.965523 -0.965523 6.16083 6.16083 -0.092359 3.13529 -1.00876 -1.00876 -3.74405 -2.48358 -2.48358 1.7124 0.5609 0.5609 1.26452 -0.466239 -0.466239 
4 -1 0.293909 0.293909 67.038 -3.77895 -0.957787 -0.957787 6.16789 6.16789 -0.104589 3.13077 -1.00745 -1.00745 -3.73704 -2.46723 -2.46723 1.70449 0.551927 0.551927 1.25829 -0.461805 -0.461805 
4 -1 0.298862 0.298862 66.2928 -3.77096 -0.973839 -0.973839 6.1679 6.1679 -0.110017 3.11653 -1.02086 -1.02086 -3.72848 -2.4545 -2.4545 1.69924 0.539543 0.539543 1.24667 -0.459246 -0.459246 
4 -1 0.303561 0.303561 65.6271 -3.76367 -0.973246 -0.973246 6.17215 6.17215 -0.119595 3.10884 -1.02415 -1.02415 -3.72048 -2.44124 -2.44124 1.69307 0.530929 0.530929 1.23859 -0.455726 -0.455726 
4 -1 0.308268 0.308268 64.9796 -3.75628 -0.970993 -0.970993 6.17683 6.17683 -0.129347 3.10188 -1.02651 -1.02651 -3.71241 -2.42808 -2.42808 1.68663 0.522476 0.522476 1.23074 -0.451903 -0.451903 
4 -1 0.313251 0.313251 64.2299 -3.74955 -0.955359 -0.955359 6.1871 6.1871 -0.141476 3.09817 -1.02001 -1.02001 -3.70448 -2.40226 -2.40226 1.67218 0.51794 0.51794 1.23058 -0.448602 -0.448602 
4 -1 0.319032 0.319032 63.4691 -3.73999 -0.954417 -0.954417 6.1928 6.1928 -0.151395 3.08955 -1.02324 -1.02324 -3.69479 -2.38528 -2.38528 1.66397 0.506196 0.506196 1.22116 -0.443724 -0.443724 
4 -1 0.324261 0.324261 62.8014 -3.73098 -0.953646 -0.953646 6.19774 6.19774 -0.159568 3.08197 -1.02613 -1.02613 -3.68605 -2.37028 -2.37028 1.65692 0.495583 0.495583 1.21242 -0.439123 -0.439123 
4 -1 0.329646 0.329646 62.1735 -3.72027 -0.953266 -0.953266 6.20075 6.20075 -0.165906 3.07451 -1.02998 -1.02998 -3.6762 -2.35917 -2.35917 1.65234 0.484565 0.484565 1.2017 -0.43439 -0.43439 
4 -1 0.335411 0.335411 61.485 -3.70994 -0.95215 -0.95215 6.20621 6.20621 -0.173571 3.06653 -1.03279 -1.03279 -3.66666 -2.34355 -2.34355 1.64469 0.472468 0.472468 1.19201 -0.429079 -0.429079 
4 -1 0.340998 0.340998 60.8339 -3.6997 -0.95149 -0.95149 6.21112 6.21112 -0.180504 3.05885 -1.03558 -1.03558 -3.65757 -2.32871 -2.32871 1.63744 0.461266 0.461266 1.1825 -0.424249 -0.424249 
4 -1 0.346418 0.346418 60.1897 -3.6898 -0.947551 -0.947551 6.21564 6.21564 -0.187692 3.05209 -1.03556 -1.03556 -3.64964 -2.30778 -2.30778 1.62665 0.459071 0.459071 1.17749 -0.422393 -0.422393 
4 -1 0.353069 0.353069 59.4772 -3.6775 -0.949212 -0.949212 6.21975 6.21975 -0.194576 3.04206 -1.04023 -1.04023 -3.63879 -2.29193 -2.29193 1.61841 0.448301 0.448301 1.16638 -0.417953 -0.417953 
4 -1 0.359284 0.359284 58.84 -3.66603 -0.951329 -0.951329 6.22351 6.22351 -0.200763 3.03266 -1.04486 -1.04486 -3.62867 -2.27735 -2.27735 1.61042 0.438105 0.438105 1.15607 -0.413753 -0.413753 
4 -1 0.365862 0.365862 58.1565 -3.6538 -0.945195 -0.945195 6.23056 6.23056 -0.211363 3.02575 -1.04473 -1.04473 -3.61809 -2.26071 -2.26071 1.60166 0.425642 0.425642 1.14593 -0.407943 -0.407943 
3 -1 0.372526 0.372526 57.5074 -3.64161 -0.945285 -0.945285 6.23481 6.23481 -0.220017 3.01638 -1.04859 -1.04859 -3.60776 -2.24451 -2.24451 1.592 0.416913 0.416913 1.13627 -0.404207 -0.404207 
4 -1 0.374719 0.374719 57.2988 -3.63769 -0.944728 -0.944728 6.23628 6.23628 -0.223298 3.01352 -1.0496 -1.0496 -3.6044 -2.23921 -2.23921 1.58869 0.41453 0.41453 1.13317 -0.40309 -0.40309 
4 -1 0.381455 0.381455 56.7126 -3.62533 -0.960396 -0.960396 6.23513 6.23513 -0.226014 2.99993 -1.06221 -1.06221 -3.59407 -2.23114 -2.23114 1.58357 0.403788 0.403788 1.118 -0.400632 -0.400632 
4 -1 0.388454 0.388454 56.0868 -3.61334 -0.962143 -0.962143 6.23859 6.23859 -0.236984 2.98965 -1.0681 -1.0681 -3.58315 -2.21699 -2.21699 1.57504 0.395716 0.395716 1.10724 -0.397144 -0.397144 
4 -1 0.395312 0.395312 55.4933 -3.60203 -0.96328 -0.96328 6.2424 6.2424 -0.248554 2.97979 -1.07389 -1.07389 -3.57248 -2.20323 -2.20323 1.56627 0.387995 0.387995 1.09714 -0.39356 -0.39356 
4 -1 0.402928 0.402928 54.8193 -3.59038 -0.964557 -0.964557 6.24792 6.24792 -0.260574 2.96718 -1.08079 -1.08079 -3.56103 -2.18002 -2.18002 1.55002 0.382782 0.382782 1.09258 -0.390275 -0.390275 
4 -1 0.410965 0.410965 54.1655 -3.57713 -0.965776 -0.965776 6.25264 6.25264 -0.271386 2.95588 -1.08613 -1.08613 -3.54854 -2.16322 -2.16322 1.53887 0.374215 0.374215 1.08243 -0.386629 -0.386629 
4 -1 0.418744 0.418744 53.5508 -3.56418 -0.967011 -0.967011 6.25735 6.25735 -0.280292 2.94502 -1.09067 -1.09067 -3.53651 -2.14684 -2.14684 1.52821 0.365832 0.365832 1.07328 -0.382925 -0.382925 
4 -1 0.427639 0.427639 52.8647 -3.55433 -0.948496 -0.948496 6.27459 6.27459 -0.297808 2.93592 -1.08592 -1.08592 -3.52313 -2.12366 -2.12366 1.5134 0.354363 0.354363 1.06671 -0.375394 -0.375394 
4 -1 0.436648 0.436648 52.2093 -3.54007 -0.948195 -0.948195 6.28055 6.28055 -0.308032 2.9242 -1.08946 -1.08946 -3.50928 -2.10686 -2.10686 1.50286 0.345819 0.345819 1.0554 -0.37113 -0.37113 
4 -1 0.444902 0.444902 51.6316 -3.52713 -0.947897 -0.947897 6.28594 6.28594 -0.317334 2.9137 -1.09263 -1.09263 -3.49668 -2.0923 -2.0923 1.49362 0.338184 0.338184 1.04481 -0.367333 -0.367333 
4 -1 0.453939 0.453939 51.0382 -3.51497 -0.958762 -0.958762 6.29123 6.29123 -0.329025 2.89619 -1.10436 -1.10436 -3.48417 -2.0803 -2.0803 1.48401 0.326677 0.326677 1.03124 -0.36157 -0.36157 
4 -1 0.463416 0.463416 50.4163 -3.50008 -0.956352 -0.956352 6.29802 6.29802 -0.338489 2.88521 -1.10655 -1.10655 -3.47007 -2.06285 -2.06285 1.47245 0.319431 0.319431 1.02004 -0.357625 -0.357625 
4 -1 0.472375 0.472375 49.8465 -3.48581 -0.954743 -0.954743 6.30383 6.30383 -0.346445 2.87494 -1.10871 -1.10871 -3.457 -2.04683 -2.04683 1.46166 0.313237 0.313237 1.00912 -0.354453 -0.354453 
4 -1 0.48086 0.48086 49.3086 -3.47193 -0.953012 -0.953012 6.30838 6.30838 -0.355231 2.86426 -1.11214 -1.11214 -3.44372 -2.02987 -2.02987 1.45132 0.309356 0.309356 1.00053 -0.351911 -0.351911 
4 -1 0.490837 0.490837 48.7203 -3.45654 -0.956679 -0.956679 6.31428 6.31428 -0.362474 2.85069 -1.11858 -1.11858 -3.42938 -2.014 -2.014 1.43998 0.300033 0.300033 0.988004 -0.347378 -0.347378 
4 -1 0.499066 0.499066 48.2537 -3.44415 -0.99212 -0.99212 6.31368 6.31368 -0.355995 2.82872 -1.1412 -1.1412 -3.4178 -2.00549 -2.00549 1.43612 0.27978 0.27978 0.972767 -0.34167 -0.34167 
4 -1 0.510667 0.510667 47.6474 -3.42595 -0.998521 -0.998521 6.31727 6.31727 -0.362839 2.81245 -1.14912 -1.14912 -3.40203 -1.98979 -1.98979 1.42271 0.272653 0.272653 0.958323 -0.33854 -0.33854 
4 -1 0.52117 0.52117 47.093 -3.41096 -1.00017 -1.00017 6.32354 6.32354 -0.373545 2.79835 -1.15562 -1.15562 -3.38733 -1.97429 -1.97429 1.41022 0.265366 0.265366 0.947018 -0.334649 -0.334649 
4 -1 0.526892 0.526892 46.7964 -3.40329 -1.00415 -1.00415 6.32674 6.32674 -0.37835 2.78952 -1.16078 -1.16078 -3.37942 -1.96585 -1.96585 1.4035 0.260513 0.260513 0.940955 -0.332384 -0.332384 
3 -1 0.537218 0.537218 46.219 -3.38977 -0.994681 -0.994681 6.33699 6.33699 -0.395903 2.7809 -1.16011 -1.16011 -3.36616 -1.94558 -1.94558 1.38893 0.257561 0.257561 0.93276 -0.329021 -0.329021 
3 -1 0.548715 0.548715 45.6628 -3.37465 -0.99355 -0.99355 6.34439 6.34439 -0.409702 2.76642 -1.16591 -1.16591 -3.35041 -1.92933 -1.92933 1.37503 0.251839 0.251839 0.922144 -0.325271 -0.325271 
3 -1 0.559641 0.559641 45.1507 -3.36018 -0.991128 -0.991128 6.35163 6.35163 -0.422144 2.75332 -1.17025 -1.17025 -3.33542 -1.91411 -1.91411 1.36211 0.246751 0.246751 0.912705 -0.3217 -0.3217 
4 -1 0.571299 0.571299 44.6331 -3.34534 -0.985374 -0.985374 6.36228 6.36228 -0.435677 2.74031 -1.17375 -1.17375 -3.31857 -1.89766 -1.89766 1.34871 0.238398 0.238398 0.902935 -0.316422 -0.316422 
4 -1 0.583275 0.583275 44.0943 -3.32892 -0.984155 -0.984155 6.36977 6.36977 -0.446479 2.72649 -1.17806 -1.17806 -3.30264 -1.88144 -1.88144 1.33628 0.232531 0.232531 0.892465 -0.312528 -0.312528 
4 -1 0.595117 0.595117 43.5818 -3.31272 -0.981853 -0.981853 6.37756 6.37756 -0.456498 2.71357 -1.18141 -1.18141 -3.28701 -1.86586 -1.86586 1.32416 0.226771 0.226771 0.882246 -0.308562 -0.308562 
4 -1 0.607987 0.607987 43.0641 -3.29504 -0.987954 -0.987954 6.38341 6.38341 -0.463842 2.69583 -1.1898 -1.1898 -3.27018 -1.8513 -1.8513 1.31175 0.219011 0.219011 0.870209 -0.304316 -0.304316 
4 -1 0.620621 0.620621 42.5646 -3.27767 -0.986783 -0.986783 6.39086 6.39086 -0.471974 2.68266 -1.19377 -1.19377 -3.25362 -1.83658 -1.83658 1.30002 0.212754 0.212754 0.858275 -0.300015 -0.300015 
4 -1 0.633158 0.633158 42.0835 -3.26043 -0.986078 -0.986078 6.39775 6.39775 -0.47953 2.6699 -1.1977 -1.1977 -3.23752 -1.82262 -1.82262 1.28877 0.206935 0.206935 0.846025 -0.296107 -0.296107 
4 -1 0.643756 0.643756 41.6788 -3.24643 -0.980993 -0.980993 6.40558 6.40558 -0.486569 2.66084 -1.1984 -1.1984 -3.22417 -1.80948 -1.80948 1.27792 0.202903 0.202903 0.836936 -0.292724 -0.292724 
4 -1 0.664112 0.664112 40.9555 -3.21983 -0.979511 -0.979511 6.41723 6.41723 -0.499403 2.64006 -1.20482 -1.20482 -3.19872 -1.78741 -1.78741 1.25863 0.19429 0.19429 0.818438 -0.287069 -0.287069 
4 -1 0.677663 0.677663 40.4941 -3.20287 -0.979539 -0.979539 6.42456 6.42456 -0.508838 2.62543 -1.21007 -1.21007 -3.18213 -1.77317 -1.77317 1.24543 0.1891 0.1891 0.8068 -0.283773 -0.283773 
4 -1 0.691982 0.691982 40.0411 -3.18533 -0.984763 -0.984763 6.43102 6.43102 -0.517763 2.60756 -1.21981 -1.21981 -3.16517 -1.76107 -1.76107 1.23311 0.181578 0.181578 0.793598 -0.279221 -0.279221 
4 -1 0.706579 0.706579 39.5685 -3.16815 -0.985798 -0.985798 6.43851 6.43851 -0.529414 2.591 -1.22592 -1.22592 -3.14779 -1.74525 -1.74525 1.21839 0.177295 0.177295 0.783257 -0.276438 -0.276438 
3 -1 0.716119 0.716119 39.2666 -3.15704 -0.992605 -0.992605 6.44231 6.44231 -0.534455 2.57801 -1.23277 -1.23277 -3.13643 -1.73524 -1.73524 1.20966 0.172812 0.172812 0.776204 -0.274321 -0.274321 
3 -1 0.737588 0.737588 38.6122 -3.13158 -0.992667 -0.992667 6.45231 6.45231 -0.550977 2.55547 -1.24061 -1.24061 -3.11116 -1.71388 -1.71388 1.1898 0.167682 0.167682 0.761137 -0.269959 -0.269959 
3 -1 0.752835 0.752835 38.17 -3.11396 -0.991634 -0.991634 6.46027 6.46027 -0.561154 2.53967 -1.24519 -1.24519 -3.09309 -1.69952 -1.69952 1.17697 0.163391 0.163391 0.75113 -0.26648 -0.26648 
3 -1 0.768326 0.768326 37.7358 -3.09606 -0.99056 -0.99056 6.46845 6.46845 -0.570332 2.52396 -1.24962 -1.24962 -3.07484 -1.68542 -1.68542 1.16447 0.158796 0.158796 0.741064 -0.262776 -0.262776 
4 -1 0.78407 0.78407 37.3008 -3.07787 -0.985551 -0.985551 6.47784 6.47784 -0.579839 2.51065 -1.2512 -1.2512 -3.05657 -1.67034 -1.67034 1.15179 0.155036 0.155036 0.731182 -0.259122 -0.259122 
4 -1 0.800312 0.800312 36.8713 -3.05881 -0.985562 -0.985562 6.48573 6.48573 -0.58713 2.49494 -1.25593 -1.25593 -3.03808 -1.65666 -1.65666 1.1396 0.150062 0.150062 0.720223 -0.255109 -0.255109 
4 -1 0.816645 0.816645 36.4546 -3.03964 -0.985989 -0.985989 6.49324 6.49324 -0.593744 2.47956 -1.26071 -1.26071 -3.01978 -1.64357 -1.64357 1.12786 0.1451 0.1451 0.708857 -0.251204 -0.251204 
4 -1 0.833575 0.833575 36.0452 -3.01989 -0.9845 -0.9845 6.50178 6.50178 -0.599447 2.46449 -1.26383 -1.26383 -3.00154 -1.63012 -1.63012 1.11473 0.140493 0.140493 0.697341 -0.24815 -0.24815 
4 -1 0.833774 0.833774 36.0399 -3.01972 -0.980959 -0.980959 6.50252 6.50252 -0.600805 2.46575 -1.26201 -1.26201 -3.00132 -1.62974 -1.62974 1.1142 0.141458 0.141458 0.697542 -0.248303 -0.248303 
4 -1 1.14994 1.14994 30.1491 -2.70576 -0.96102 -0.96102 6.63784 6.63785 -0.702015 2.20542 -1.32465 -1.32465 -2.69278 -1.42539 -1.42539 0.914055 0.085394 0.085394 0.536038 -0.19674 -0.19674 
4 -1 0.2 0.2 89.8 -3.95424 -0.937806 -0.937806 6.0948 6.0948 0.054211 3.29807 -0.93622 -0.93622 -3.90008 -2.85993 -2.85993 1.84199 0.825307 0.825307 1.45145 -0.546027 -0.546027 
4 -1 0.199712 0.199712 89.9321 -3.95741 -0.937801 -0.937801 6.09664 6.09664 0.056043 3.2985 -0.934493 -0.934493 -3.90091 -2.86148 -2.86148 1.84247 0.827201 0.827201 1.45212 -0.546274 -0.546274 
4 -1 0.199341 0.199341 90.0869 -3.95801 -0.9426 -0.9426 6.09521 6.09521 0.05835 3.29747 -0.937107 -0.937107 -3.90151 -2.86441 -2.86441 1.84344 0.826879 0.826879 1.45245 -0.546893 -0.546893 
4 -1 0.198548 0.198548 90.3985 -3.9589 -0.934148 -0.934148 6.09603 6.09603 0.057363 3.30039 -0.933605 -0.933605 -3.90338 -2.86792 -2.86792 1.84448 0.832815 0.832815 1.45471 -0.547058 -0.547058 
4 -1 0.198001 0.198001 90.6349 -3.96002 -0.932064 -0.932064 6.09605 6.09605 0.058151 3.30203 -0.93184 -0.93184 -3.90443 -2.87033 -2.87033 1.84472 0.835968 0.835968 1.45665 -0.547762 -0.547762 
4 -1 0.197604 0.197604 90.8098 -3.96089 -0.929752 -0.929752 6.0963 6.0963 0.058484 3.30348 -0.930083 -0.930083 -3.90517 -2.87202 -2.87202 1.84482 0.838451 0.838451 1.45813 -0.548217 -0.548217 
4 -1 0.197173 0.197173 91.0145 -3.95825 -0.965849 -0.965849 6.08342 6.08342 0.068163 3.29196 -0.952085 -0.952085 -3.9049 -2.87822 -2.87822 1.84563 0.838491 0.838491 1.45791 -0.551699 -0.551699 
4 -1 0.196021 0.196021 91.5288 -3.96019 -0.96794 -0.96794 6.08162 6.08162 0.071421 3.29347 -0.952524 -0.952524 -3.90678 -2.88525 -2.88525 1.8473 0.843232 0.843232 1.46046 -0.552883 -0.552883 
4 -1 0.195208 0.195208 91.889 -3.96146 -0.971137 -0.971137 6.07987 6.07987 0.074337 3.29407 -0.953722 -0.953722 -3.90817 -2.89033 -2.89033 1.84863 0.846282 0.846282 1.46208 -0.553856 -0.553856 
4 -1 0.194034 0.194034 92.3835 -3.96352 -0.967973 -0.967973 6.07986 6.07986 0.079311 3.29941 -0.950341 -0.950341 -3.91095 -2.89775 -2.89775 1.85148 0.849916 0.849916 1.46462 -0.554695 -0.554695 
4 -1 0.192695 0.192695 93.015 -3.96618 -0.963072 -0.963072 6.07962 6.07962 0.080539 3.30335 -0.946828 -0.946828 -3.9133 -2.90597 -2.90597 1.8529 0.858339 0.858339 1.46805 -0.555722 -0.555722 
4 -1 0.191446 0.191446 93.6244 -3.96871 -0.958044 -0.958044 6.0797 6.0797 0.081569 3.30714 -0.94332 -0.94332 -3.91545 -2.91344 -2.91344 1.85398 0.865659 0.865659 1.47146 -0.556398 -0.556398 
3 -1 0.190204 0.190204 94.1124 -3.97423 -0.923194 -0.923194 6.0914 6.0914 0.073805 3.3189 -0.921842 -0.921842 -3.91808 -2.91174 -2.91174 1.8517 0.869579 0.869579 1.47884 -0.553847 -0.553847 
4 -1 0.188786 0.188786 94.8237 -3.97653 -0.926734 -0.926734 6.08909 6.08909 0.077976 3.32032 -0.923308 -0.923308 -3.92039 -2.92247 -2.92247 1.85433 0.874016 0.874016 1.482 -0.554696 -0.554696 
4 -1 0.187533 0.187533 95.4981 -3.97829 -0.932299 -0.932299 6.08595 6.08595 0.082044 3.32096 -0.92616 -0.92616 -3.92226 -2.93386 -2.93386 1.85767 0.878424 0.878424 1.48344 -0.556006 -0.556006 
4 -1 0.185815 0.185815 96.3137 -3.98119 -0.932748 -0.932748 6.0834 6.0834 0.086699 3.32409 -0.923884 -0.923884 -3.92522 -2.93939 -2.93939 1.85828 0.891165 0.891165 1.48898 -0.560695 -0.560695 
4 -1 0.184462 0.184462 97.0642 -3.98254 -0.949444 -0.949444 6.07685 6.07685 0.093975 3.32138 -0.932457 -0.932457 -3.92772 -2.94948 -2.94948 1.86073 0.896846 0.896846 1.49174 -0.564319 -0.564319 
4 -1 0.186628 0.186628 95.9358 -3.97813 -0.984865 -0.984865 6.07087 6.07087 0.100886 3.30697 -0.953965 -0.953965 -3.92338 -2.94282 -2.94282 1.86298 0.873254 0.873254 1.48076 -0.561187 -0.561187 
4 -1 0.188012 0.188012 95.3555 -3.97472 -0.992815 -0.992815 6.06839 6.06839 0.101106 3.30133 -0.95903 -0.95903 -3.92117 -2.93679 -2.93679 1.86054 0.870964 0.870964 1.47842 -0.561378 -0.561378 
4 -1 0.189267 0.189267 94.7383 -3.97216 -0.992588 -0.992588 6.06916 6.06916 0.097438 3.29903 -0.960418 -0.960418 -3.91886 -2.93105 -2.93105 1.85984 0.865829 0.865829 1.47418 -0.559938 -0.559938 
4 -1 0.190488 0.190488 94.1331 -3.96963 -0.993242 -0.993242 6.06959 6.06959 0.094219 3.29671 -0.962105 -0.962105 -3.91667 -2.92596 -2.92596 1.85986 0.861006 0.861006 1.46907 -0.55901 -0.55901 
4 -1 0.192225 0.192225 93.2782 -3.9671 -0.975444 -0.975444 6.0766 6.0766 0.085109 3.29862 -0.95281 -0.95281 -3.91391 -2.91089 -2.91089 1.85442 0.855268 0.855268 1.46831 -0.556411 -0.556411 
4 -1 0.193567 0.193567 92.6157 -3.96476 -0.970142 -0.970142 6.07884 6.07884 0.080447 3.29786 -0.950358 -0.950358 -3.91195 -2.90184 -2.90184 1.85262 0.852755 0.852755 1.46505 -0.556285 -0.556285 
4 -1 0.195183 0.195183 91.9205 -3.96209 -0.966274 -0.966274 6.08163 6.08163 0.075064 3.29605 -0.949905 -0.949905 -3.90916 -2.89475 -2.89475 1.85197 0.8449 0.8449 1.46002 -0.553707 -0.553707 
4 -1 0.196838 0.196838 91.1192 -3.96034 -0.943185 -0.943185 6.09086 6.09086 0.062024 3.29983 -0.939298 -0.939298 -3.90601 -2.87487 -2.87487 1.84326 0.840746 0.840746 1.46186 -0.549011 -0.549011 
4 -1 0.198571 0.198571 90.4011 -3.95692 -0.944758 -0.944758 6.09157 6.09157 0.058099 3.29628 -0.941777 -0.941777 -3.90287 -2.86764 -2.86764 1.84292 0.833839 0.833839 1.45594 -0.547413 -0.547413 
4 -1 0.20033 0.20033 89.6918 -3.95362 -0.945812 -0.945812 6.09281 6.09281 0.054506 3.29271 -0.943679 -0.943679 -3.89954 -2.85828 -2.85828 1.84048 0.826523 0.826523 1.45151 -0.545547 -0.545547 
4 -1 0.202218 0.202218 88.9451 -3.94829 -0.952388 -0.952388 6.09208 6.09208 0.054819 3.28874 -0.948653 -0.948653 -3.8959 -2.84619 -2.84619 1.83717 0.816186 0.816186 1.44873 -0.542601 -0.542601 
4 -1 0.20394 0.20394 88.2558 -3.94508 -0.952111 -0.952111 6.09395 6.09395 0.050876 3.28566 -0.949683 -0.949683 -3.89277 -2.83605 -2.83605 1.83465 0.808457 0.808457 1.44493 -0.540464 -0.540464 
4 -1 0.205585 0.205585 87.5862 -3.94196 -0.951766 -0.951766 6.09545 6.09545 0.047147 3.28279 -0.950266 -0.950266 -3.8899 -2.82548 -2.82548 1.83186 0.802852 0.802852 1.4415 -0.539254 -0.539254 
4 -1 0.20729 0.20729 87.0445 -3.93827 -0.959206 -0.959206 6.09365 6.09365 0.045485 3.27692 -0.955744 -0.955744 -3.8866 -2.82137 -2.82137 1.83189 0.798117 0.798117 1.43532 -0.539153 -0.539153 
4 -1 0.209289 0.209289 86.2993 -3.9339 -0.965726 -0.965726 6.09343 6.09343 0.044109 3.27157 -0.960208 -0.960208 -3.88307 -2.81089 -2.81089 1.8298 0.788976 0.788976 1.43023 -0.537955 -0.537955 
4 -1 0.211337 0.211337 85.554 -3.92934 -0.974051 -0.974051 6.093 6.093 0.04361 3.26579 -0.965722 -0.965722 -3.87936 -2.8008 -2.8008 1.82815 0.777908 0.777908 1.42431 -0.536171 -0.536171 
4 -1 0.213675 0.213675 84.7756 -3.92521 -0.960109 -0.960109 6.09994 6.09994 0.035457 3.267 -0.959153 -0.959153 -3.87525 -2.78701 -2.78701 1.82409 0.766393 0.766393 1.41948 -0.532211 -0.532211 
4 -1 0.21572 0.21572 84.1171 -3.92116 -0.961076 -0.961076 6.10159 6.10159 0.032031 3.26321 -0.961055 -0.961055 -3.87153 -2.77739 -2.77739 1.82147 0.757405 0.757405 1.41435 -0.52926 -0.52926 
4 -1 0.217665 0.217665 83.5135 -3.91731 -0.961338 -0.961338 6.10327 6.10327 0.02839 3.25986 -0.96269 -0.96269 -3.86796 -2.76924 -2.76924 1.81966 0.749029 0.749029 1.40894 -0.526163 -0.526163 
3 -1 0.218509 0.218509 83.2287 -3.91613 -0.939923 -0.939923 6.10861 6.10861 0.02061 3.26496 -0.950403 -0.950403 -3.86618 -2.75833 -2.75833 1.81321 0.756213 0.756213 1.41387 -0.526297 -0.526297 
3 -1 0.221443 0.221443 82.3221 -3.91026 -0.940127 -0.940127 6.11051 6.11051 0.015456 3.26007 -0.951777 -0.951777 -3.86089 -2.7445 -2.7445 1.8093 0.747263 0.747263 1.40632 -0.524197 -0.524197 
4 -1 0.223681 0.223681 81.657 -3.90573 -0.940519 -0.940519 6.11184 6.11184 0.011651 3.25632 -0.953133 -0.953133 -3.85677 -2.73479 -2.73479 1.80672 0.740197 0.740197 1.40019 -0.522181 -0.522181 
4 -1 0.224207 0.224207 81.5179 -3.90414 -0.938752 -0.938752 6.1146 6.1146 0.01175 3.25653 -0.9528 -0.9528 -3.85691 -2.7303 -2.7303 1.80455 0.729788 0.729788 1.39968 -0.518298 -0.518298 
4 -1 0.226776 0.226776 80.7932 -3.89922 -0.93817 -0.93817 6.11727 6.11727 0.006887 3.2523 -0.953963 -0.953963 -3.85228 -2.71859 -2.71859 1.80104 0.719751 0.719751 1.39382 -0.515064 -0.515064 
4 -1 0.229152 0.229152 80.1313 -3.89463 -0.936954 -0.936954 6.11945 6.11945 0.002032 3.24867 -0.954431 -0.954431 -3.84811 -2.70795 -2.70795 1.79826 0.712535 0.712535 1.3882 -0.512999 -0.512999 
4 -1 0.231982 0.231982 79.3119 -3.88592 -0.958547 -0.958547 6.11361 6.11361 0.006934 3.23809 -0.968053 -0.968053 -3.84332 -2.70004 -2.70004 1.79892 0.698971 0.698971 1.37682 -0.51224 -0.51224 
4 -1 0.235009 0.235009 78.5352 -3.88037 -0.955745 -0.955745 6.11727 6.11727 0.000439 3.2339 -0.968536 -0.968536 -3.83787 -2.68789 -2.68789 1.79511 0.688564 0.688564 1.36926 -0.508152 -0.508152 
4 -1 0.237773 0.237773 77.8402 -3.87557 -0.950854 -0.950854 6.12117 6.12117 -0.006383 3.23071 -0.967177 -0.967177 -3.83306 -2.67555 -2.67555 1.7907 0.681248 0.681248 1.36347 -0.505343 -0.505343 
4 -1 0.233892 0.233892 78.877 -3.88345 -0.92734 -0.92734 6.12161 6.12161 -0.008364 3.24412 -0.95186 -0.95186 -3.84005 -2.69031 -2.69031 1.79187 0.708038 0.708038 1.37647 -0.510632 -0.510632 
4 -1 0.236598 0.236598 78.1973 -3.87802 -0.928258 -0.928258 6.12357 6.12357 -0.012515 3.23921 -0.954223 -0.954223 -3.83521 -2.68029 -2.68029 1.78919 0.698258 0.698258 1.36973 -0.507459 -0.507459 
4 -1 0.239377 0.239377 77.4859 -3.87283 -0.925885 -0.925885 6.12627 6.12627 -0.017603 3.23513 -0.95365 -0.95365 -3.83056 -2.66647 -2.66647 1.78443 0.69228 0.69228 1.36523 -0.505916 -0.505916 
4 -1 0.242733 0.242733 76.7452 -3.86599 -0.926862 -0.926862 6.12829 6.12829 -0.023485 3.22933 -0.956954 -0.956954 -3.82357 -2.65588 -2.65588 1.78235 0.680501 0.680501 1.35484 -0.502759 -0.502759 
4 -1 0.245732 0.245732 76.0552 -3.85995 -0.930344 -0.930344 6.12975 6.12975 -0.026965 3.2231 -0.960858 -0.960858 -3.81833 -2.64488 -2.64488 1.77898 0.670232 0.670232 1.3475 -0.500103 -0.500103 
4 -1 0.248631 0.248631 75.3982 -3.85423 -0.934539 -0.934539 6.13116 6.13116 -0.0302 3.2168 -0.965254 -0.965254 -3.81337 -2.63439 -2.63439 1.77595 0.660033 0.660033 1.34027 -0.497315 -0.497315 
4 -1 0.252655 0.252655 74.4667 -3.84889 -0.936426 -0.936426 6.13806 6.13806 -0.035542 3.2093 -0.966324 -0.966324 -3.80747 -2.61191 -2.61191 1.76562 0.64366 0.64366 1.3349 -0.492088 -0.492088 
4 -1 0.256438 0.256438 73.6529 -3.84132 -0.943882 -0.943882 6.13913 6.13913 -0.039334 3.20058 -0.972977 -0.972977 -3.80097 -2.59803 -2.59803 1.76134 0.631496 0.631496 1.32613 -0.48905 -0.48905 
4 -1 0.259663 0.259663 72.974 -3.83492 -0.96226 -0.96226 6.13755 6.13755 -0.038652 3.18899 -0.986006 -0.986006 -3.79548 -2.58768 -2.58768 1.75905 0.617158 0.617158 1.31714 -0.48635 -0.48635 
4 -1 0.257812 0.257812 73.3859 -3.83899 -0.929331 -0.929331 6.1425 6.1425 -0.046448 3.20284 -0.965462 -0.965462 -3.79814 -2.59135 -2.59135 1.75865 0.636074 0.636074 1.32566 -0.488523 -0.488523 
4 -1 0.250391 0.250391 74.9786 -3.85244 -0.936799 -0.936799 6.13406 6.13406 -0.032238 3.2133 -0.965601 -0.965601 -3.81023 -2.62341 -2.62341 1.77177 0.653424 0.653424 1.33859 -0.495063 -0.495063 
4 -1 0.247527 0.247527 75.633 -3.85749 -0.942792 -0.942792 6.13039 6.13039 -0.025393 3.21635 -0.967701 -0.967701 -3.81498 -2.63616 -2.63616 1.77659 0.657965 0.657965 1.34351 -0.497315 -0.497315 
4 -1 0.244617 0.244617 76.2552 -3.86207 -0.962279 -0.962279 6.12289 6.12289 -0.014393 3.21556 -0.977976 -0.977976 -3.8193 -2.65373 -2.65373 1.78569 0.65821 0.65821 1.34445 -0.499185 -0.499185 
4 -1 0.241073 0.241073 77.0489 -3.8686 -0.964415 -0.964415 6.11935 6.11935 -0.007924 3.22093 -0.976859 -0.976859 -3.8258 -2.66628 -2.66628 1.79017 0.668854 0.668854 1.35299 -0.503016 -0.503016 
4 -1 0.238178 0.238178 77.7274 -3.8742 -0.964502 -0.964502 6.11711 6.11711 -0.003268 3.22583 -0.974923 -0.974923 -3.83116 -2.67636 -2.67636 1.79354 0.678008 0.678008 1.36027 -0.506312 -0.506312 
4 -1 0.235361 0.235361 78.4733 -3.87965 -0.966241 -0.966241 6.11468 6.11468 0.001904 3.22986 -0.975401 -0.975401 -3.83615 -2.69204 -2.69204 1.79848 0.683852 0.683852 1.36523 -0.507395 -0.507395 
4 -1 0.232728 0.232728 79.1629 -3.88449 -0.968389 -0.968389 6.11167 6.11167 0.007149 3.23364 -0.975361 -0.975361 -3.84065 -2.70423 -2.70423 1.80272 0.691778 0.691778 1.37082 -0.510142 -0.510142 
4 -1 0.230203 0.230203 79.8372 -3.88934 -0.969131 -0.969131 6.10921 6.10921 0.01167 3.23767 -0.974278 -0.974278 -3.84512 -2.71522 -2.71522 1.80648 0.700446 0.700446 1.37661 -0.513316 -0.513316 
4 -1 0.228019 0.228019 80.4574 -3.89447 -0.953272 -0.953272 6.11309 6.11309 0.011049 3.2462 -0.963835 -0.963835 -3.84953 -2.71844 -2.71844 1.80393 0.708544 0.708544 1.38679 -0.514058 -0.514058 
4 -1 0.225086 0.225086 81.2445 -3.90025 -0.954555 -0.954555 6.11064 6.11064 0.016278 3.25087 -0.963158 -0.963158 -3.8549 -2.73173 -2.73173 1.8087 0.71719 0.71719 1.39278 -0.516456 -0.516456 
4 -1 0.222318 0.222318 81.9864 -3.90561 -0.956219 -0.956219 6.10768 6.10768 0.02142 3.25528 -0.962278 -0.962278 -3.86006 -2.74362 -2.74362 1.81323 0.727758 0.727758 1.3984 -0.520068 -0.520068 
4 -1 0.220211 0.220211 82.7256 -3.90878 -0.965368 -0.965368 6.10277 6.10277 0.028224 3.25608 -0.967876 -0.967876 -3.86323 -2.76358 -2.76358 1.82122 0.729551 0.729551 1.39759 -0.520662 -0.520662 
4 -1 0.217579 0.217579 83.5275 -3.91432 -0.963158 -0.963158 6.101 6.101 0.031887 3.26128 -0.964716 -0.964716 -3.86819 -2.77535 -2.77535 1.8247 0.741767 0.741767 1.40411 -0.524586 -0.524586 
4 -1 0.215402 0.215402 84.222 -3.91913 -0.958849 -0.958849 6.10022 6.10022 0.034181 3.26629 -0.960717 -0.960717 -3.87223 -2.78485 -2.78485 1.82679 0.753108 0.753108 1.41026 -0.527855 -0.527855 
4 -1 0.213211 0.213211 85.0303 -3.92225 -0.980651 -0.980651 6.08927 6.08927 0.045242 3.26204 -0.969092 -0.969092 -3.87624 -2.7999 -2.7999 1.82969 0.767907 0.767907 1.41449 -0.536334 -0.536334 
4 -1 0.210911 0.210911 85.796 -3.92722 -0.981184 -0.981184 6.08755 6.08755 0.049258 3.26577 -0.96782 -0.96782 -3.88029 -2.81143 -2.81143 1.83237 0.7766 0.7766 1.42012 -0.538735 -0.538735 
4 -1 0.209054 0.209054 86.4349 -3.93133 -0.981783 -0.981783 6.08652 6.08652 0.052615 3.26876 -0.966938 -0.966938 -3.88356 -2.82068 -2.82068 1.83448 0.782336 0.782336 1.42461 -0.540175 -0.540175 
4 -1 0.20689 0.20689 87.1584 -3.93886 -0.964865 -0.964865 6.09282 6.09282 0.048776 3.27664 -0.95845 -0.95845 -3.88748 -2.82369 -2.82369 1.83416 0.793855 0.793855 1.43402 -0.538881 -0.538881 
4 -1 0.204867 0.204867 87.9263 -3.94255 -0.966379 -0.966379 6.09015 6.09015 0.0538 3.27989 -0.957751 -0.957751 -3.891 -2.83554 -2.83554 1.8377 0.802911 0.802911 1.4384 -0.542148 -0.542148 
4 -1 0.203099 0.203099 88.6087 -3.94577 -0.969449 -0.969449 6.08753 6.08753 0.058883 3.28231 -0.958422 -0.958422 -3.89382 -2.84765 -2.84765 1.84151 0.809141 0.809141 1.44122 -0.544113 -0.544113 
4 -1 0.201546 0.201546 89.2042 -3.94856 -0.954739 -0.954739 6.09033 6.09033 0.058191 3.2916 -0.949002 -0.949002 -3.89693 -2.85736 -2.85736 1.84523 0.811815 0.811815 1.44262 -0.544984 -0.544984 
4 -1 0.199573 0.199573 89.9859 -3.95281 -0.95172 -0.95172 6.08949 6.08949 0.061363 3.29587 -0.945709 -0.945709 -3.90034 -2.86694 -2.86694 1.84639 0.822026 0.822026 1.44891 -0.547343 -0.547343 
4 -1 0.197859 0.197859 90.6686 -3.95638 -0.951366 -0.951366 6.08816 6.08816 0.064942 3.299 -0.943888 -0.943888 -3.90345 -2.87548 -2.87548 1.84791 0.830277 0.830277 1.45364 -0.549807 -0.549807 
4 -1 0.196144 0.196144 91.4504 -3.95954 -0.970391 -0.970391 6.08172 6.08172 0.074447 3.29419 -0.95367 -0.95367 -3.90694 -2.88502 -2.88502 1.84855 0.838309 0.838309 1.45905 -0.550788 -0.550788 
4 -1 0.194858 0.194858 92.0404 -3.96231 -0.970188 -0.970188 6.08162 6.08162 0.076975 3.29655 -0.953168 -0.953168 -3.90908 -2.89441 -2.89441 1.85133 0.839346 0.839346 1.46163 -0.550525 -0.550525 
4 -1 0.1936 0.1936 92.6297 -3.96501 -0.969535 -0.969535 6.0816 6.0816 0.079283 3.29902 -0.952485 -0.952485 -3.9113 -2.90328 -2.90328 1.85374 0.840833 0.840833 1.46423 -0.549839 -0.549839 
4 -1 0.190887 0.190887 93.9151 -3.96859 -0.979609 -0.979609 6.07177 6.07177 0.089038 3.30021 -0.954009 -0.954009 -3.91666 -2.91944 -2.91944 1.85591 0.870252 0.870252 1.47076 -0.561731 -0.561731 
4 -1 0.189216 0.189216 94.7282 -3.97208 -0.974581 -0.974581 6.07225 6.07225 0.09159 3.3046 -0.949763 -0.949763 -3.91974 -2.92591 -2.92591 1.85538 0.877604 0.877604 1.47761 -0.562627 -0.562627 
4 -1 0.187998 0.187998 95.3809 -3.97473 -0.97139 -0.97139 6.07281 6.07281 0.092913 3.30769 -0.947988 -0.947988 -3.9216 -2.93493 -2.93493 1.85759 0.879837 0.879837 1.48048 -0.561284 -0.561284 
4 -1 0.187646 0.187646 95.4445 -3.97795 -0.952098 -0.952098 6.08303 6.08303 0.089084 3.31657 -0.937027 -0.937027 -3.92294 -2.93624 -2.93624 1.85939 0.863539 0.863539 1.4805 -0.554569 -0.554569 
4 -1 0.185836 0.185836 96.3614 -3.98178 -0.947844 -0.947844 6.08296 6.08296 0.092168 3.32124 -0.933172 -0.933172 -3.92585 -2.9459 -2.9459 1.86098 0.871937 0.871937 1.4859 -0.555426 -0.555426 
4 -1 0.184533 0.184533 97.0443 -3.98457 -0.946799 -0.946799 6.08263 6.08263 0.09498 3.32405 -0.931379 -0.931379 -3.92793 -2.95321 -2.95321 1.86295 0.876482 0.876482 1.48906 -0.556363 -0.556363 
4 -1 0.183147 0.183147 97.94 -3.98654 -0.971647 -0.971647 6.07373 6.07373 0.107932 3.31887 -0.944285 -0.944285 -3.92971 -2.97664 -2.97664 1.8733 0.878149 0.878149 1.48396 -0.558395 -0.558395 
4 -1 0.181715 0.181715 98.725 -3.98954 -0.967088 -0.967088 6.07386 6.07386 0.110288 3.32284 -0.940497 -0.940497 -3.93222 -2.98415 -2.98415 1.87428 0.88608 0.88608 1.48933 -0.559299 -0.559299 
4 -1 0.180704 0.180704 99.2742 -3.99159 -0.963931 -0.963931 6.07378 6.07378 0.112338 3.3256 -0.937029 -0.937029 -3.93418 -2.98604 -2.98604 1.87313 0.893686 0.893686 1.49482 -0.561924 -0.561924 
4 -1 0.179765 0.179765 99.9406 -3.99151 -0.966157 -0.966157 6.07004 6.07004 0.110216 3.32409 -0.939696 -0.939696 -3.93587 -2.98707 -2.98707 1.86859 0.905842 0.905842 1.50229 -0.564582 -0.564582 
4 -1 0.178807 0.178807 100.57 -3.99329 -0.970828 -0.970828 6.06814 6.06814 0.114282 3.32436 -0.941418 -0.941418 -3.93756 -2.99444 -2.99444 1.8697 0.908825 0.908825 1.50505 -0.565971 -0.565971 
4 -1 0.177906 0.177906 101.156 -3.99506 -0.976061 -0.976061 6.06615 6.06615 0.118925 3.32446 -0.943169 -0.943169 -3.93904 -3.00093 -3.00093 1.8704 0.912052 0.912052 1.50762 -0.567531 -0.567531 
4 -1 0.177672 0.177672 101.233 -3.99796 -0.957258 -0.957258 6.07365 6.07365 0.116516 3.33259 -0.931296 -0.931296 -3.93958 -3.00084 -3.00084 1.87195 0.910225 0.910225 1.50741 -0.565033 -0.565033 
4 -1 0.175896 0.175896 102.481 -4.00201 -0.954831 -0.954831 6.07384 6.07384 0.120322 3.33654 -0.929432 -0.929432 -3.94233 -3.01564 -3.01564 1.8747 0.914311 0.914311 1.51177 -0.562651 -0.562651 
4 -1 0.174984 0.174984 103.164 -4.00408 -0.955601 -0.955601 6.07335 6.07335 0.123062 3.33797 -0.9296 -0.9296 -3.94383 -3.02562 -3.02562 1.87763 0.915722 0.915722 1.51281 -0.561711 -0.561711 
4 -1 0.175426 0.175426 102.82 -4.0029 -0.965331 -0.965331 6.07077 6.07077 0.127149 3.33442 -0.93349 -0.93349 -3.94314 -3.02363 -3.02363 1.87932 0.912125 0.912125 1.50958 -0.564832 -0.564832 
4 -1 0.174515 0.174515 103.443 -4.00484 -0.963197 -0.963197 6.07053 6.07053 0.129071 3.33675 -0.931186 -0.931186 -3.94472 -3.02771 -3.02771 1.87872 0.918425 0.918425 1.51334 -0.566473 -0.566473 
4 -1 0.173512 0.173512 104.13 -4.00695 -0.961328 -0.961328 6.06998 6.06998 0.13107 3.33916 -0.928952 -0.928952 -3.94656 -3.03278 -3.03278 1.87896 0.92592 0.92592 1.5172 -0.568499 -0.568499 
4 -1 0.17338 0.17338 104.315 -4.00701 -0.948788 -0.948788 6.07308 6.07308 0.124321 3.3425 -0.924366 -0.924366 -3.94756 -3.03123 -3.03123 1.87432 0.930266 0.930266 1.52238 -0.564638 -0.564638 
4 -1 0.174272 0.174272 103.58 -4.00457 -0.95137 -0.95137 6.07123 6.07123 0.123514 3.34035 -0.925154 -0.925154 -3.94627 -3.02263 -3.02263 1.87289 0.9344 0.9344 1.51956 -0.568774 -0.568774 
4 -1 0.175018 0.175018 102.978 -4.00253 -0.950657 -0.950657 6.07062 6.07062 0.12168 3.33917 -0.924426 -0.924426 -3.94538 -3.01346 -3.01346 1.87014 0.938011 0.938011 1.51959 -0.57118 -0.57118 
4 -1 0.175418 0.175418 102.612 -4.00124 -0.919302 -0.919302 6.07729 6.07729 0.107595 3.34833 -0.907547 -0.907547 -3.94406 -3.00379 -3.00379 1.86776 0.947083 0.947083 1.521 -0.57293 -0.57293 
3 -1 0.176314 0.176314 101.968 -3.9992 -0.915554 -0.915554 6.07798 6.07798 0.10362 3.34768 -0.906146 -0.906146 -3.94206 -2.99605 -2.99605 1.86557 0.947467 0.947467 1.51928 -0.573112 -0.573112 
4 -1 0.179213 0.179213 100.363 -3.99384 -0.918829 -0.918829 6.08089 6.08089 0.096755 3.34085 -0.913181 -0.913181 -3.93598 -2.98678 -2.98678 1.86402 0.923432 0.923432 1.50865 -0.562946 -0.562946 
4 -1 0.179304 0.179304 100.097 -3.9943 -0.937882 -0.937882 6.07723 6.07723 0.107944 3.33633 -0.920399 -0.920399 -3.93634 -2.98475 -2.98475 1.86783 0.918011 0.918011 1.50601 -0.565676 -0.565676 
4 -1 0.178212 0.178212 100.801 -3.9967 -0.943806 -0.943806 6.07532 6.07532 0.113129 3.33621 -0.922362 -0.922362 -3.93803 -2.99222 -2.99222 1.8689 0.920458 0.920458 1.50932 -0.567373 -0.567373 
4 -1 0.177327 0.177327 101.417 -3.99865 -0.950968 -0.950968 6.07334 6.07334 0.117451 3.33535 -0.925853 -0.925853 -3.93948 -3.00158 -3.00158 1.87165 0.919987 0.919987 1.5098 -0.567729 -0.567729 
4 -1 0.176955 0.176955 101.558 -3.99883 -0.942708 -0.942708 6.07287 6.07287 0.116057 3.33892 -0.919547 -0.919547 -3.94104 -3.00285 -3.00285 1.87181 0.931881 0.931881 1.51002 -0.5727 -0.5727 
4 -1 0.175627 0.175627 102.471 -4.00171 -0.938726 -0.938726 6.07312 6.07312 0.118705 3.3425 -0.915441 -0.915441 -3.94385 -3.00775 -3.00775 1.87092 0.940043 0.940043 1.51641 -0.575751 -0.575751 
4 -1 0.175191 0.175191 102.807 -4.00262 -0.924492 -0.924492 6.07508 6.07508 0.115149 3.34769 -0.90712 -0.90712 -3.9446 -3.00682 -3.00682 1.86765 0.953132 0.953132 1.52166 -0.577053 -0.577053 
4 -1 0.173476 0.173476 104.127 -4.00657 -0.906331 -0.906331 6.07862 6.07862 0.112042 3.3561 -0.897537 -0.897537 -3.9472 -3.01824 -3.01824 1.86665 0.964491 0.964491 1.52972 -0.573454 -0.573454 
4 -1 0.173024 0.173024 104.408 -4.00802 -0.916465 -0.916465 6.07764 6.07764 0.117423 3.35405 -0.902408 -0.902408 -3.94769 -3.0224 -3.0224 1.86946 0.956186 0.956186 1.52835 -0.57298 -0.57298 
4 -1 0.172058 0.172058 105.177 -4.01032 -0.917186 -0.917186 6.07753 6.07753 0.120497 3.35555 -0.902369 -0.902369 -3.9491 -3.03148 -3.03148 1.87148 0.956569 0.956569 1.53038 -0.572199 -0.572199 
4 -1 0.171903 0.171903 105.539 -4.00982 -0.94491 -0.94491 6.07101 6.07101 0.128987 3.34641 -0.918021 -0.918021 -3.94897 -3.04702 -3.04702 1.87762 0.940977 0.940977 1.52536 -0.568498 -0.568498 
4 -1 0.171173 0.171173 106.181 -4.01107 -0.957945 -0.957945 6.06754 6.06754 0.134843 3.34396 -0.924841 -0.924841 -3.94992 -3.05881 -3.05881 1.8822 0.937047 0.937047 1.52304 -0.567944 -0.567944 
4 -1 0.170176 0.170176 106.932 -4.01333 -0.955444 -0.955444 6.06756 6.06756 0.13665 3.34655 -0.92205 -0.92205 -3.95192 -3.06224 -3.06224 1.88202 0.943934 0.943934 1.52775 -0.570269 -0.570269 
4 -1 0.170057 0.170057 106.913 -4.01507 -0.940687 -0.940687 6.07324 6.07324 0.131983 3.35102 -0.915559 -0.915559 -3.95251 -3.05573 -3.05573 1.87868 0.9456 0.9456 1.53209 -0.568906 -0.568906 
4 -1 0.168917 0.168917 108.044 -4.01803 -0.938038 -0.938038 6.07437 6.07437 0.13423 3.35378 -0.914775 -0.914775 -3.95372 -3.06947 -3.06947 1.88052 0.944195 0.944195 1.53448 -0.564001 -0.564001 
4 -1 0.168776 0.168776 108.195 -4.01839 -0.937871 -0.937871 6.07446 6.07446 0.13453 3.35406 -0.914784 -0.914784 -3.95388 -3.0715 -3.0715 1.88104 0.943919 0.943919 1.53469 -0.563419 -0.563419 
4 -1 0.167842 0.167842 108.84 -4.02032 -0.940029 -0.940029 6.07277 6.07277 0.136958 3.35471 -0.913404 -0.913404 -3.956 -3.06785 -3.06785 1.8775 0.955362 0.955362 1.54305 -0.570239 -0.570239 
4 -1 0.168185 0.168185 108.521 -4.01947 -0.941964 -0.941964 6.07233 6.07233 0.136524 3.35356 -0.914859 -0.914859 -3.95538 -3.06706 -3.06706 1.87891 0.953245 0.953245 1.54054 -0.570019 -0.570019 
4 -1 0.168738 0.168738 108.079 -4.01816 -0.94458 -0.94458 6.07191 6.07191 0.135787 3.35183 -0.917086 -0.917086 -3.95425 -3.06625 -3.06625 1.88071 0.949097 0.949097 1.53658 -0.569053 -0.569053 
4 -1 0.168485 0.168485 108.223 -4.01706 -0.959743 -0.959743 6.06686 6.06686 0.139623 3.34795 -0.924315 -0.924315 -3.95483 -3.07328 -3.07328 1.88572 0.944646 0.944646 1.53176 -0.569913 -0.569913 
4 -1 0.167389 0.167389 109.394 -4.02021 -0.956889 -0.956889 6.06877 6.06877 0.142384 3.35005 -0.92229 -0.92229 -3.9562 -3.07827 -3.07827 1.8816 0.943702 0.943702 1.54093 -0.567022 -0.567022 
4 -1 0.166887 0.166887 109.975 -4.02113 -0.966718 -0.966718 6.06609 6.06609 0.147489 3.34803 -0.927043 -0.927043 -3.95666 -3.08565 -3.08565 1.88312 0.941901 0.941901 1.54116 -0.566669 -0.566669 
4 -1 0.166427 0.166427 110.435 -4.0236 -0.957211 -0.957211 6.07019 6.07019 0.146607 3.35184 -0.923426 -0.923426 -3.95735 -3.09255 -3.09255 1.8858 0.938714 0.938714 1.54091 -0.563837 -0.563837 
4 -1 0.165799 0.165799 111.177 -4.02531 -0.947624 -0.947624 6.07188 6.07188 0.145509 3.35584 -0.918013 -0.918013 -3.95817 -3.0965 -3.0965 1.88396 0.94655 0.94655 1.54498 -0.563698 -0.563698 
4 -1 0.165102 0.165102 111.898 -4.02673 -0.94755 -0.94755 6.07092 6.07092 0.146874 3.35731 -0.917595 -0.917595 -3.95917 -3.10389 -3.10389 1.88605 0.951623 0.951623 1.54544 -0.564666 -0.564666 
4 -1 0.164354 0.164354 112.589 -4.02715 -0.955449 -0.955449 6.0667 6.0667 0.150331 3.35624 -0.919283 -0.919283 -3.96149 -3.10853 -3.10853 1.88618 0.960021 0.960021 1.54838 -0.568863 -0.568863 
4 -1 0.16371 0.16371 113.236 -4.02873 -0.953807 -0.953807 6.06688 6.06688 0.15124 3.35803 -0.917618 -0.917618 -3.96266 -3.11227 -3.11227 1.8869 0.963545 0.963545 1.55038 -0.570376 -0.570376 
4 -1 0.163189 0.163189 113.814 -4.03012 -0.951873 -0.951873 6.0675 6.0675 0.151767 3.35957 -0.916227 -0.916227 -3.96353 -3.11586 -3.11586 1.88743 0.964868 0.964868 1.55231 -0.570458 -0.570458 
4 -1 0.163098 0.163098 114.266 -4.03056 -0.960811 -0.960811 6.06707 6.06707 0.152861 3.35582 -0.926116 -0.926116 -3.96261 -3.11931 -3.11931 1.88428 0.956527 0.956527 1.55597 -0.563428 -0.563428 
4 -1 0.161965 0.161965 115.472 -4.03318 -0.961576 -0.961576 6.0655 6.0655 0.156035 3.35777 -0.924565 -0.924565 -3.96457 -3.12541 -3.12541 1.88577 0.967296 0.967296 1.56066 -0.567771 -0.567771 
4 -1 0.161479 0.161479 116.21 -4.03493 -0.969057 -0.969057 6.06429 6.06429 0.160446 3.35609 -0.928693 -0.928693 -3.96476 -3.13539 -3.13539 1.88923 0.963265 0.963265 1.56035 -0.566074 -0.566074 
4 -1 0.161201 0.161201 116.684 -4.03159 -0.956381 -0.956381 6.06459 6.06459 0.152521 3.35955 -0.92535 -0.92535 -3.96555 -3.1341 -3.1341 1.88225 0.963797 0.963797 1.56643 -0.561281 -0.561281 
4 -1 0.16079 0.16079 117.339 -4.03248 -0.953518 -0.953518 6.06482 6.06482 0.152642 3.36115 -0.923663 -0.923663 -3.96625 -3.13869 -3.13869 1.88218 0.966952 0.966952 1.56798 -0.561523 -0.561523 
4 -1 0.160491 0.160491 117.858 -4.03306 -0.950381 -0.950381 6.06489 6.06489 0.152376 3.36271 -0.921866 -0.921866 -3.96661 -3.14314 -3.14314 1.88286 0.97068 0.97068 1.56853 -0.562189 -0.562189 
4 -1 0.160094 0.160094 118.388 -4.03864 -0.935574 -0.935574 6.07318 6.07318 0.152997 3.36882 -0.911051 -0.911051 -3.96738 -3.14529 -3.14529 1.88423 0.969803 0.969803 1.5706 -0.559263 -0.559263 
4 -1 0.159667 0.159667 118.983 -4.03908 -0.926258 -0.926258 6.07428 6.07428 0.150629 3.37229 -0.905316 -0.905316 -3.9681 -3.1438 -3.1438 1.88081 0.978116 0.978116 1.57629 -0.560933 -0.560933 
4 -1 0.159378 0.159378 119.483 -4.03968 -0.92302 -0.92302 6.07485 6.07485 0.15044 3.37355 -0.903289 -0.903289 -3.9682 -3.14422 -3.14422 1.87842 0.980396 0.980396 1.57998 -0.560938 -0.560938 
4 -1 0.159311 0.159311 120.121 -4.04094 -0.930532 -0.930532 6.07289 6.07289 0.154085 3.37065 -0.907846 -0.907846 -3.96758 -3.15601 -3.15601 1.8804 0.98011 0.98011 1.57645 -0.560199 -0.560199 
4 -1 0.158936 0.158936 120.788 -4.04178 -0.92205 -0.92205 6.07451 6.07451 0.151991 3.37397 -0.903521 -0.903521 -3.96801 -3.15943 -3.15943 1.87941 0.984665 0.984665 1.57888 -0.558489 -0.558489 
4 -1 0.15862 0.15862 121.427 -4.04233 -0.914531 -0.914531 6.07563 6.07563 0.149906 3.37682 -0.899765 -0.899765 -3.96827 -3.16361 -3.16361 1.8795 0.989206 0.989206 1.58065 -0.557425 -0.557425 
4 -1 0.158412 0.158412 121.661 -4.04378 -0.900657 -0.900657 6.08249 6.08249 0.147692 3.38155 -0.892175 -0.892175 -3.96877 -3.16001 -3.16001 1.87819 0.974388 0.974388 1.5834 -0.551373 -0.551373 
4 -1 0.15806 0.15806 122.327 -4.04469 -0.898513 -0.898513 6.08315 6.08315 0.147974 3.38252 -0.891013 -0.891013 -3.96922 -3.16314 -3.16314 1.87707 0.974649 0.974649 1.58645 -0.550643 -0.550643 
4 -1 0.157901 0.157901 122.78 -4.04481 -0.8863 -0.8863 6.08545 6.08545 0.144905 3.38644 -0.883831 -0.883831 -3.96941 -3.16001 -3.16001 1.87255 0.980689 0.980689 1.59162 -0.550859 -0.550859 
4 -1 0.157422 0.157422 123.744 -4.04375 -0.888413 -0.888413 6.08119 6.08119 0.143187 3.38546 -0.885021 -0.885021 -3.97005 -3.15783 -3.15783 1.86468 0.998316 0.998316 1.60092 -0.555219 -0.555219 
4 -1 0.157133 0.157133 124.504 -4.04503 -0.890555 -0.890555 6.08147 6.08147 0.144325 3.38537 -0.887266 -0.887266 -3.97021 -3.17022 -3.17022 1.87034 0.99315 0.99315 1.59732 -0.552144 -0.552144 
4 -1 0.156972 0.156972 125.034 -4.04429 -0.879828 -0.879828 6.08239 6.08239 0.140394 3.38843 -0.881869 -0.881869 -3.97012 -3.17057 -3.17057 1.86797 0.999154 0.999154 1.6009 -0.55198 -0.55198 
4 -1 0.156986 0.156986 125.564 -4.04583 -0.86608 -0.86608 6.08758 6.08758 0.140498 3.39306 -0.873039 -0.873039 -3.96897 -3.16889 -3.16889 1.86617 0.994265 0.994265 1.60429 -0.548615 -0.548615 
4 -1 0.156737 0.156737 126.161 -4.04773 -0.883153 -0.883153 6.08582 6.08582 0.146986 3.38835 -0.88364 -0.88364 -3.96841 -3.18129 -3.18129 1.87164 0.980688 0.980688 1.59891 -0.544951 -0.544951 
4 -1 0.156583 0.156583 126.556 -4.04915 -0.898208 -0.898208 6.08538 6.08538 0.152019 3.3837 -0.893598 -0.893598 -3.96847 -3.18954 -3.18954 1.87546 0.962115 0.962115 1.59503 -0.538421 -0.538421 
4 -1 0.156242 0.156242 127.515 -4.04933 -0.915343 -0.915343 6.07971 6.07971 0.156463 3.37805 -0.903246 -0.903246 -3.97077 -3.19722 -3.19722 1.87456 0.969558 0.969558 1.59841 -0.541171 -0.541171 
4 -1 0.156072 0.156072 128.096 -4.04772 -0.892612 -0.892612 6.08214 6.08214 0.148295 3.38484 -0.891156 -0.891156 -3.97093 -3.19207 -3.19207 1.86784 0.984103 0.984103 1.60662 -0.541296 -0.541296 
4 -1 0.156061 0.156061 128.377 -4.04567 -0.872196 -0.872196 6.08469 6.08469 0.140734 3.39045 -0.880691 -0.880691 -3.9707 -3.18698 -3.18698 1.86307 0.990961 0.990961 1.61173 -0.540918 -0.540918 
4 -1 0.155536 0.155536 128.951 -4.04542 -0.861608 -0.861608 6.08474 6.08474 0.139323 3.39509 -0.875025 -0.875025 -3.97154 -3.19264 -3.19264 1.8658 0.997889 0.997889 1.61064 -0.541497 -0.541497 
4 -1 0.155907 0.155907 129.181 -4.04885 -0.732812 -0.732812 6.11347 6.11347 0.108785 3.43133 -0.794586 -0.794586 -3.97052 -3.16281 -3.16281 1.84361 1.03318 1.03318 1.63164 -0.538396 -0.538396 
4 -1 0.155608 0.155608 130.131 -4.04887 -0.744134 -0.744134 6.11029 6.11029 0.111989 3.42861 -0.801897 -0.801897 -3.97079 -3.17167 -3.17167 1.84533 1.03199 1.03199 1.63243 -0.537406 -0.537406 
4 -1 0.155437 0.155437 130.472 -4.05303 -0.705047 -0.705047 6.12205 6.12205 0.103195 3.43798 -0.778896 -0.778896 -3.97117 -3.16052 -3.16052 1.83565 1.03874 1.03874 1.64042 -0.532524 -0.532524 
4 -1 0.15545 0.15545 130.331 -4.05299 -0.704145 -0.704145 6.12205 6.12205 0.102768 3.43819 -0.778361 -0.778361 -3.97119 -3.15987 -3.15987 1.83567 1.04015 1.04015 1.64027 -0.532925 -0.532925 
4 -1 0.15537 0.15537 130.873 -4.05319 -0.705556 -0.705556 6.12199 6.12199 0.103773 3.43785 -0.779309 -0.779309 -3.97112 -3.16282 -3.16282 1.83573 1.0378 1.0378 1.64126 -0.531844 -0.531844 
4 -1 0.155203 0.155203 132.181 -4.05008 -0.769399 -0.769399 6.10785 6.10785 0.120214 3.42182 -0.819265 -0.819265 -3.96901 -3.18715 -3.18715 1.8464 1.00742 1.00742 1.63146 -0.52783 -0.52783 
4 -1 0.155078 0.155078 132.742 -4.05016 -0.783295 -0.783295 6.10576 6.10576 0.122826 3.41769 -0.829874 -0.829874 -3.96947 -3.19768 -3.19768 1.85195 0.99682 0.99682 1.62783 -0.523674 -0.523674 
4 -1 0.154939 0.154939 133.356 -4.0507 -0.779575 -0.779575 6.10693 6.10693 0.121863 3.41913 -0.828491 -0.828491 -3.96946 -3.2029 -3.2029 1.85316 0.994912 0.994912 1.62626 -0.520734 -0.520734 
4 -1 0.154909 0.154909 134.194 -4.05208 -0.752168 -0.752168 6.11404 6.11404 0.117052 3.42504 -0.813281 -0.813281 -3.96935 -3.19331 -3.19331 1.84101 1.00021 1.00021 1.63776 -0.517862 -0.517862 
4 -1 0.155021 0.155021 133.73 -4.0513 -0.753908 -0.753908 6.11214 6.11214 0.116877 3.42461 -0.813954 -0.813954 -3.9693 -3.19356 -3.19356 1.84349 1.00645 1.00645 1.6356 -0.521271 -0.521271 
3 -1 0.155036 0.155036 133.664 -4.0513 -0.747784 -0.747784 6.11249 6.11249 0.115817 3.42651 -0.809662 -0.809662 -3.96913 -3.19285 -3.19285 1.84344 1.01298 1.01298 1.63606 -0.522819 -0.522819 
4 -1 0.154736 0.154736 134.362 -4.05358 -0.728811 -0.728811 6.11801 6.11801 0.11405 3.43284 -0.795871 -0.795871 -3.96994 -3.18674 -3.18674 1.83771 1.01686 1.01686 1.64351 -0.519629 -0.519629 
4 -1 0.154784 0.154784 134.995 -4.05264 -0.751303 -0.751303 6.11305 6.11305 0.11983 3.42632 -0.811328 -0.811328 -3.96877 -3.20038 -3.20038 1.84492 1.00602 1.00602 1.63679 -0.519187 -0.519187 
4 -1 0.154763 0.154763 135.474 -4.05021 -0.795999 -0.795999 6.10226 6.10226 0.126549 3.41218 -0.842625 -0.842625 -3.96794 -3.21604 -3.21604 1.85328 0.992103 0.992103 1.62785 -0.519256 -0.519256 
4 -1 0.15453 0.15453 136.423 -4.0533 -0.773227 -0.773227 6.11113 6.11113 0.126357 3.41996 -0.826734 -0.826734 -3.96826 -3.21147 -3.21147 1.84666 0.983654 0.983654 1.63601 -0.511263 -0.511263 
4 -1 0.154651 0.154651 136.799 -4.05316 -0.785916 -0.785916 6.11056 6.11056 0.128407 3.41539 -0.83763 -0.83763 -3.96721 -3.21941 -3.21941 1.85038 0.965983 0.965983 1.63133 -0.504236 -0.504236 
4 -1 0.154687 0.154687 137.253 -4.05044 -0.836322 -0.836322 6.09851 6.09851 0.13462 3.39917 -0.870931 -0.870931 -3.96621 -3.232 -3.232 1.85558 0.952919 0.952919 1.62562 -0.504222 -0.504222 
4 -1 0.154342 0.154342 138.539 -4.05251 -0.849168 -0.849168 6.09706 6.09706 0.139285 3.3965 -0.878051 -0.878051 -3.9662 -3.24484 -3.24484 1.85996 0.947723 0.947723 1.62232 -0.501282 -0.501282 
4 -1 0.154314 0.154314 138.865 -4.05566 -0.874039 -0.874039 6.09662 6.09662 0.149415 3.38962 -0.891722 -0.891722 -3.96616 -3.25277 -3.25277 1.86475 0.925338 0.925338 1.61907 -0.494754 -0.494754 
4 -1 0.154352 0.154352 139.572 -4.05648 -0.879237 -0.879237 6.09708 6.09708 0.152332 3.38775 -0.895277 -0.895277 -3.96572 -3.25826 -3.25826 1.86512 0.916323 0.916323 1.61867 -0.490952 -0.490952 
4 -1 0.154242 0.154242 140.264 -4.05709 -0.878396 -0.878396 6.09702 6.09702 0.153677 3.38785 -0.895496 -0.895496 -3.9647 -3.26424 -3.26424 1.86742 0.915585 0.915585 1.61653 -0.491013 -0.491013 
4 -1 0.154145 0.154145 140.977 -4.05782 -0.91169 -0.91169 6.09222 6.09222 0.161312 3.37672 -0.916561 -0.916561 -3.96392 -3.27857 -3.27857 1.87357 0.889141 0.889141 1.60938 -0.483416 -0.483416 
4 -1 0.154148 0.154148 140.912 -4.05756 -0.922204 -0.922204 6.08998 6.08998 0.163804 3.37323 -0.9226 -0.9226 -3.96386 -3.28153 -3.28153 1.87574 0.88334 0.88334 1.60717 -0.483171 -0.483171 
4 -1 0.15424 0.15424 140.284 -4.05703 -0.916156 -0.916156 6.0888 6.0888 0.163452 3.37592 -0.917569 -0.917569 -3.96529 -3.27368 -3.27368 1.87218 0.905103 0.905103 1.61205 -0.489589 -0.489589 
4 -1 0.154297 0.154297 139.759 -4.05601 -0.910294 -0.910294 6.08817 6.08817 0.161284 3.37817 -0.91342 -0.91342 -3.96515 -3.26817 -3.26817 1.87071 0.915769 0.915769 1.61213 -0.493849 -0.493849 
4 -1 0.154346 0.154346 139.202 -4.05585 -0.913992 -0.913992 6.08684 6.08684 0.162765 3.37719 -0.914274 -0.914274 -3.96554 -3.26485 -3.26485 1.87076 0.918805 0.918805 1.61174 -0.498125 -0.498125 
4 -1 0.154728 0.154728 138.738 -4.05683 -0.900408 -0.900408 6.0951 6.0951 0.160216 3.3806 -0.906591 -0.906591 -3.9649 -3.25705 -3.25705 1.8687 0.896997 0.896997 1.61359 -0.492019 -0.492019 
4 -1 0.154601 0.154601 134.791 -4.05528 -0.887481 -0.887481 6.09276 6.09276 0.154182 3.38746 -0.893434 -0.893434 -3.96924 -3.23086 -3.23086 1.86779 0.937125 0.937125 1.61325 -0.511262 -0.511262 
4 -1 0.155016 0.155016 134.718 -4.04978 -0.815599 -0.815599 6.1018 6.1018 0.127899 3.40568 -0.855931 -0.855931 -3.96831 -3.21459 -3.21459 1.85455 0.969013 0.969013 1.62407 -0.514334 -0.514334 
4 -1 0.154553 0.154553 136.957 -4.05088 -0.861837 -0.861837 6.09324 6.09324 0.142825 3.393 -0.884397 -0.884397 -3.96646 -3.23955 -3.23955 1.86351 0.946359 0.946359 1.61874 -0.506828 -0.506828 
4 -1 0.154512 0.154512 137.501 -4.05166 -0.870036 -0.870036 6.09235 6.09235 0.14521 3.39027 -0.889432 -0.889432 -3.96628 -3.24419 -3.24419 1.86387 0.942104 0.942104 1.61938 -0.504482 -0.504482 
4 -1 0.154501 0.154501 137.508 -4.05077 -0.852016 -0.852016 6.09511 6.09511 0.140467 3.39548 -0.879754 -0.879754 -3.96632 -3.24147 -3.24147 1.86231 0.947396 0.947396 1.62121 -0.504411 -0.504411 
4 -1 0.154306 0.154306 138.478 -4.05511 -0.867904 -0.867904 6.09655 6.09655 0.147669 3.39196 -0.886839 -0.886839 -3.96636 -3.2459 -3.2459 1.86234 0.934706 0.934706 1.61992 -0.500005 -0.500005 
4 -1 0.154438 0.154438 138.759 -4.05536 -0.868803 -0.868803 6.09806 6.09806 0.14803 3.39102 -0.888431 -0.888431 -3.96602 -3.24825 -3.24825 1.86226 0.925285 0.925285 1.62055 -0.495367 -0.495367 
4 -1 0.154445 0.154445 138.754 -4.05524 -0.867836 -0.867836 6.09811 6.09811 0.147616 3.39127 -0.88792 -0.88792 -3.96599 -3.24795 -3.24795 1.86204 0.926019 0.926019 1.62072 -0.495521 -0.495521 
4 -1 0.154491 0.154491 137.947 -4.05539 -0.87777 -0.87777 6.09415 6.09415 0.152336 3.38883 -0.891305 -0.891305 -3.96639 -3.24833 -3.24833 1.86613 0.935645 0.935645 1.61825 -0.503183 -0.503183 
4 -1 0.154492 0.154492 137.472 -4.05191 -0.828559 -0.828559 6.10179 6.10179 0.1326 3.40207 -0.865792 -0.865792 -3.96729 -3.23121 -3.23121 1.85541 0.95159 0.95159 1.62657 -0.503237 -0.503237 
4 -1 0.15449 0.15449 136.868 -4.05138 -0.826171 -0.826171 6.10088 6.10088 0.131846 3.40313 -0.863734 -0.863734 -3.96776 -3.22825 -3.22825 1.85405 0.959107 0.959107 1.62535 -0.506936 -0.506936 
4 -1 0.154438 0.154438 137 -4.05152 -0.852213 -0.852213 6.09545 6.09545 0.138375 3.39556 -0.878805 -0.878805 -3.96704 -3.23466 -3.23466 1.85881 0.952769 0.952769 1.62321 -0.506039 -0.506039 
4 -1 0.154676 0.154676 136.389 -4.05065 -0.850116 -0.850116 6.09532 6.09532 0.137433 3.39584 -0.877002 -0.877002 -3.96656 -3.2281 -3.2281 1.85697 0.955912 0.955912 1.62358 -0.508941 -0.508941 
4 -1 0.154985 0.154985 135.106 -4.04939 -0.854618 -0.854618 6.09262 6.09262 0.138153 3.39467 -0.877877 -0.877877 -3.96688 -3.22321 -3.22321 1.85888 0.963852 0.963852 1.61976 -0.517159 -0.517159 
4 -1 0.154635 0.154635 134.268 -4.05129 -0.770922 -0.770922 6.10865 6.10865 0.118132 3.42049 -0.826534 -0.826534 -3.96968 -3.20484 -3.20484 1.85048 0.998965 0.998965 1.63098 -0.517719 -0.517719 
4 -1 0.154677 0.154677 135.048 -4.05189 -0.766812 -0.766812 6.11149 6.11149 0.117917 3.42086 -0.82461 -0.82461 -3.96949 -3.20388 -3.20388 1.84565 0.990813 0.990813 1.63549 -0.513906 -0.513906 
4 -1 0.154871 0.154871 135.324 -4.0517 -0.764622 -0.764622 6.11247 6.11247 0.117336 3.42085 -0.82361 -0.82361 -3.96867 -3.20343 -3.20343 1.84424 0.988082 0.988082 1.6361 -0.513184 -0.513184 
4 -1 0.154982 0.154982 135.526 -4.05161 -0.765572 -0.765572 6.11037 6.11037 0.122655 3.42231 -0.8202 -0.8202 -3.96731 -3.21256 -3.21256 1.85043 0.993645 0.993645 1.63135 -0.514985 -0.514985 
4 -1 0.154672 0.154672 134.999 -4.05326 -0.748279 -0.748279 6.11399 6.11399 0.118952 3.42798 -0.807763 -0.807763 -3.9686 -3.20313 -3.20313 1.846 1.00582 1.00582 1.6349 -0.518771 -0.518771 
4 -1 0.154909 0.154909 133.438 -4.05547 -0.679434 -0.679434 6.12677 6.12677 0.097049 3.4436 -0.768563 -0.768563 -3.97044 -3.17841 -3.17841 1.83537 1.04718 1.04718 1.64518 -0.523486 -0.523486 
4 -1 0.155309 0.155309 131.125 -4.05542 -0.659086 -0.659086 6.12964 6.12964 0.092063 3.44841 -0.755124 -0.755124 -3.97088 -3.15933 -3.15933 1.83354 1.06517 1.06517 1.64606 -0.532775 -0.532775 
4 -1 0.155393 0.155393 130.591 -4.05508 -0.660844 -0.660844 6.12885 6.12885 0.092468 3.44816 -0.755247 -0.755247 -3.97111 -3.1552 -3.1552 1.83309 1.06801 1.06801 1.64498 -0.535698 -0.535698 
4 -1 0.155642 0.155642 129.794 -4.05149 -0.719663 -0.719663 6.11687 6.11687 0.105828 3.43425 -0.78689 -0.78689 -3.97035 -3.16363 -3.16363 1.8416 1.04285 1.04285 1.63455 -0.537649 -0.537649 
4 -1 0.155792 0.155792 129.193 -4.05099 -0.711842 -0.711842 6.11761 6.11761 0.103926 3.43644 -0.781471 -0.781471 -3.97081 -3.15875 -3.15875 1.84051 1.0495 1.0495 1.63566 -0.539771 -0.539771 
4 -1 0.155917 0.155917 128.656 -4.05055 -0.710751 -0.710751 6.11708 6.11708 0.10324 3.43649 -0.780166 -0.780166 -3.97097 -3.15372 -3.15372 1.83879 1.05489 1.05489 1.63616 -0.542828 -0.542828 
4 -1 0.156 0.156 128.235 -4.05035 -0.706772 -0.706772 6.11725 6.11725 0.101608 3.43731 -0.777666 -0.777666 -3.97115 -3.15008 -3.15008 1.83797 1.06044 1.06044 1.63639 -0.544575 -0.544575 
4 -1 0.156157 0.156157 127.724 -4.0472 -0.72939 -0.72939 6.10964 6.10964 0.106402 3.43285 -0.791232 -0.791232 -3.97013 -3.15984 -3.15984 1.84677 1.05611 1.05611 1.62497 -0.54799 -0.54799 
4 -1 0.156429 0.156429 127.127 -4.04606 -0.735769 -0.735769 6.10757 6.10757 0.107239 3.4309 -0.794853 -0.794853 -3.96973 -3.15919 -3.15919 1.8486 1.05629 1.05629 1.62233 -0.549913 -0.549913 
4 -1 0.156679 0.156679 126.533 -4.04568 -0.732408 -0.732408 6.1084 6.1084 0.106145 3.43139 -0.792684 -0.792684 -3.96963 -3.15544 -3.15544 1.84898 1.05711 1.05711 1.6219 -0.550183 -0.550183 
4 -1 0.156662 0.156662 126.027 -4.0474 -0.712928 -0.712928 6.11458 6.11458 0.101972 3.43624 -0.779855 -0.779855 -3.96999 -3.1399 -3.1399 1.84359 1.05987 1.05987 1.62915 -0.549749 -0.549749 
4 -1 0.157058 0.157058 125.131 -4.04494 -0.74482 -0.74482 6.10817 6.10817 0.108205 3.42759 -0.798416 -0.798416 -3.96954 -3.13914 -3.13914 1.84639 1.04524 1.04524 1.62387 -0.551737 -0.551737 
4 -1 0.157311 0.157311 124.498 -4.04366 -0.769809 -0.769809 6.10328 6.10328 0.113509 3.42056 -0.813418 -0.813418 -3.96939 -3.13951 -3.13951 1.8493 1.03535 1.03535 1.61918 -0.553288 -0.553288 
4 -1 0.157387 0.157387 124.282 -4.04444 -0.759153 -0.759153 6.10506 6.10506 0.113561 3.42415 -0.804922 -0.804922 -3.97091 -3.14254 -3.14254 1.85199 1.04423 1.04423 1.61629 -0.554716 -0.554716 
4 -1 0.157667 0.157667 123.685 -4.04411 -0.750999 -0.750999 6.10671 6.10671 0.109972 3.42575 -0.800654 -0.800654 -3.97006 -3.13897 -3.13897 1.85081 1.04729 1.04729 1.61512 -0.554321 -0.554321 
4 -1 0.157862 0.157862 123.181 -4.04392 -0.743542 -0.743542 6.10812 6.10812 0.10685 3.42714 -0.796644 -0.796644 -3.96937 -3.13453 -3.13453 1.84919 1.05112 1.05112 1.61559 -0.554047 -0.554047 
4 -1 0.158063 0.158063 122.597 -4.04268 -0.739161 -0.739161 6.10694 6.10694 0.107727 3.42857 -0.7921 -0.7921 -3.97095 -3.1284 -3.1284 1.84851 1.06209 1.06209 1.61668 -0.560524 -0.560524 
4 -1 0.158453 0.158453 121.863 -4.04265 -0.721189 -0.721189 6.11111 6.11111 0.100933 3.4321 -0.782459 -0.782459 -3.97038 -3.12049 -3.12049 1.84487 1.06775 1.06775 1.6185 -0.558466 -0.558466 
4 -1 0.15877 0.15877 121.239 -4.04308 -0.699628 -0.699628 6.11646 6.11646 0.092824 3.43625 -0.77092 -0.77092 -3.96956 -3.10888 -3.10888 1.83976 1.07312 1.07312 1.62171 -0.557847 -0.557847 
4 -1 0.158832 0.158832 120.757 -4.04218 -0.710625 -0.710625 6.11284 6.11284 0.09498 3.43415 -0.775873 -0.775873 -3.96904 -3.10822 -3.10822 1.84521 1.07567 1.07567 1.6176 -0.562869 -0.562869 
4 -1 0.159038 0.159038 120.181 -4.04084 -0.729503 -0.729503 6.10882 6.10882 0.10045 3.42979 -0.785625 -0.785625 -3.96917 -3.10826 -3.10826 1.84852 1.06864 1.06864 1.61308 -0.564951 -0.564951 
4 -1 0.159346 0.159346 119.623 -4.03958 -0.741419 -0.741419 6.10628 6.10628 0.103418 3.42662 -0.792105 -0.792105 -3.96913 -3.1075 -3.1075 1.85095 1.06354 1.06354 1.60927 -0.566343 -0.566343 
4 -1 0.159655 0.159655 119.201 -4.03775 -0.747291 -0.747291 6.10416 6.10416 0.103984 3.42445 -0.797585 -0.797585 -3.96842 -3.11022 -3.11022 1.8516 1.05983 1.05983 1.60632 -0.563664 -0.563664 
4 -1 0.160173 0.160173 118.482 -4.03632 -0.75513 -0.75513 6.1026 6.1026 0.104536 3.42169 -0.802683 -0.802683 -3.96725 -3.10836 -3.10836 1.85352 1.05515 1.05515 1.60177 -0.56363 -0.56363 
4 -1 0.160606 0.160606 117.814 -4.03494 -0.765712 -0.765712 6.1002 6.1002 0.105928 3.41822 -0.808749 -0.808749 -3.96663 -3.10509 -3.10509 1.85512 1.05215 1.05215 1.59838 -0.566175 -0.566175 
4 -1 0.160859 0.160859 117.255 -4.03489 -0.76305 -0.76305 6.10099 6.10099 0.106059 3.41848 -0.805408 -0.805408 -3.96642 -3.09727 -3.09727 1.85136 1.05503 1.05503 1.60092 -0.568208 -0.568208 
4 -1 0.161165 0.161165 116.804 -4.03404 -0.763625 -0.763625 6.10039 6.10039 0.105475 3.41788 -0.805019 -0.805019 -3.96612 -3.0918 -3.0918 1.85105 1.0576 1.0576 1.60054 -0.571093 -0.571093 
4 -1 0.161431 0.161431 116.336 -4.03318 -0.769532 -0.769532 6.09901 6.09901 0.106277 3.41602 -0.80828 -0.80828 -3.96586 -3.08917 -3.08917 1.85223 1.05601 1.05601 1.59813 -0.572569 -0.572569 
4 -1 0.162222 0.162222 115.493 -4.0312 -0.803648 -0.803648 6.09365 6.09365 0.111268 3.40385 -0.835616 -0.835616 -3.96392 -3.10131 -3.10131 1.86394 1.03224 1.03224 1.58171 -0.567041 -0.567041 
4 -1 0.162657 0.162657 114.629 -4.03134 -0.78757 -0.78757 6.09864 6.09864 0.10687 3.40843 -0.824172 -0.824172 -3.96439 -3.08793 -3.08793 1.86011 1.03374 1.03374 1.5839 -0.566033 -0.566033 
4 -1 0.163085 0.163085 114.027 -4.03024 -0.790791 -0.790791 6.09782 6.09782 0.106713 3.40674 -0.825777 -0.825777 -3.96407 -3.08278 -3.08278 1.85969 1.0337 1.0337 1.58242 -0.568315 -0.568315 
4 -1 0.163864 0.163864 113.358 -4.02599 -0.816932 -0.816932 6.09045 6.09045 0.104562 3.39634 -0.845867 -0.845867 -3.96209 -3.0852 -3.0852 1.86163 1.02787 1.02787 1.57544 -0.568872 -0.568872 
4 -1 0.164434 0.164434 112.592 -4.02481 -0.81208 -0.81208 6.09097 6.09097 0.102854 3.39673 -0.841899 -0.841899 -3.96167 -3.07504 -3.07504 1.85877 1.03277 1.03277 1.57588 -0.572899 -0.572899 
4 -1 0.164885 0.164885 111.976 -4.02458 -0.800522 -0.800522 6.09392 6.09392 0.100451 3.39954 -0.833937 -0.833937 -3.96144 -3.06606 -3.06606 1.85687 1.03557 1.03557 1.57603 -0.574479 -0.574479 
4 -1 0.165681 0.165681 111.285 -4.02349 -0.79099 -0.79099 6.09703 6.09703 0.095925 3.40046 -0.829593 -0.829593 -3.95974 -3.06121 -3.06121 1.85438 1.03217 1.03217 1.57504 -0.570759 -0.570759 
4 -1 0.166135 0.166135 110.7 -4.0226 -0.784491 -0.784491 6.09768 6.09768 0.094097 3.40192 -0.824954 -0.824954 -3.95915 -3.05522 -3.05522 1.85398 1.03766 1.03766 1.5738 -0.572495 -0.572495 
4 -1 0.166525 0.166525 110.22 -4.0219 -0.777645 -0.777645 6.09862 6.09862 0.092603 3.40357 -0.819923 -0.819923 -3.9588 -3.04948 -3.04948 1.85326 1.04244 1.04244 1.57342 -0.574129 -0.574129 
4 -1 0.167083 0.167083 109.622 -4.02116 -0.773945 -0.773945 6.09961 6.09961 0.094572 3.40469 -0.814753 -0.814753 -3.95849 -3.04093 -3.04093 1.85057 1.04448 1.04448 1.57507 -0.57575 -0.57575 
4 -1 0.167836 0.167836 109.007 -4.01958 -0.778028 -0.778028 6.09915 6.09915 0.093619 3.40203 -0.818452 -0.818452 -3.95702 -3.03975 -3.03975 1.85229 1.03944 1.03944 1.57042 -0.574693 -0.574693 
4 -1 0.168458 0.168458 108.482 -4.0182 -0.780405 -0.780405 6.09864 6.09864 0.092501 3.4004 -0.820726 -0.820726 -3.95558 -3.03838 -3.03838 1.85396 1.03697 1.03697 1.56552 -0.574358 -0.574358 
4 -1 0.168985 0.168985 107.784 -4.01644 -0.748407 -0.748407 6.10536 6.10536 0.079944 3.4092 -0.800291 -0.800291 -3.95573 -3.0223 -3.0223 1.84726 1.04205 1.04205 1.56882 -0.57587 -0.57587 
4 -1 0.169935 0.169935 107.022 -4.0145 -0.753786 -0.753786 6.10484 6.10484 0.078261 3.4061 -0.805796 -0.805796 -3.95391 -3.02436 -3.02436 1.8508 1.03445 1.03445 1.56112 -0.572328 -0.572328 
4 -1 0.170524 0.170524 106.505 -4.01303 -0.749792 -0.749792 6.10509 6.10509 0.075844 3.40636 -0.80366 -0.80366 -3.95301 -3.02087 -3.02087 1.85121 1.0364 1.0364 1.55841 -0.572997 -0.572997 
4 -1 0.171602 0.171602 105.712 -4.0115 -0.738788 -0.738788 6.10905 6.10905 0.073862 3.40778 -0.795798 -0.795798 -3.95093 -3.00791 -3.00791 1.8471 1.0319 1.0319 1.55952 -0.570789 -0.570789 
4 -1 0.172314 0.172314 105.075 -4.00983 -0.741467 -0.741467 6.10829 6.10829 0.073467 3.40586 -0.79656 -0.79656 -3.94985 -2.99858 -2.99858 1.84409 1.03259 1.03259 1.55871 -0.573887 -0.573887 
4 -1 0.173139 0.173139 104.401 -4.00801 -0.748949 -0.748949 6.10699 6.10699 0.073901 3.40232 -0.800731 -0.800731 -3.94867 -2.99184 -2.99184 1.84353 1.02925 1.02925 1.55625 -0.575961 -0.575961 
4 -1 0.173675 0.173675 103.891 -4.00698 -0.755894 -0.755894 6.10605 6.10605 0.069811 3.39884 -0.807677 -0.807677 -3.94787 -2.98941 -2.98941 1.84472 1.02579 1.02579 1.5518 -0.575815 -0.575815 
4 -1 0.174696 0.174696 103.11 -4.00518 -0.7739 -0.7739 6.10336 6.10336 0.072157 3.39156 -0.81863 -0.81863 -3.94608 -2.98198 -2.98198 1.84483 1.01841 1.01841 1.54741 -0.577994 -0.577994 
2 2 0.00496735 -3.24738 -3.2244 -3.24643 -0.980993 -0.980993 6.40558 6.40558 -0.486569 2.66084 -1.1984 -1.1984 -3.22417 -1.80948 -1.80948 1.27792 0.202903 0.202903 0.836936 -0.292724 -0.292724 
2 2 0.00496735 -3.24738 -3.2244 -3.24643 -0.980993 -0.980993 6.40558 6.40558 -0.486569 2.66084 -1.1984 -1.1984 -3.22417 -1.80948 -1.80948 1.27792 0.202903 0.202903 0.836936 -0.292724 -0.292724 
2 3 0.00514574 -3.15659 -3.13664 -3.15704 -0.992605 -0.992605 6.44231 6.44231 -0.534455 2.57801 -1.23277 -1.23277 -3.13643 -1.73524 -1.73524 1.20966 0.172812 0.172812 0.776204 -0.274321 -0.274321 
2 3 0.00514574 -3.15659 -3.13664 -3.15704 -0.992605 -0.992605 6.44231 6.44231 -0.534455 2.57801 -1.23277 -1.23277 -3.13643 -1.73524 -1.73524 1.20966 0.172812 0.172812 0.776204 -0.274321 -0.274321 
2 4 0.00660565 -3.63963 -3.60505 -3.63769 -0.944728 -0.944728 6.23628 6.23628 -0.223298 3.01352 -1.0496 -1.0496 -3.6044 -2.23921 -2.23921 1.58869 0.41453 0.41453 1.13317 -0.40309 -0.40309 
2 4 0.00660565 -3.63963 -3.60505 -3.63769 -0.944728 -0.944728 6.23628 6.23628 -0.223298 3.01352 -1.0496 -1.0496 -3.6044 -2.23921 -2.23921 1.58869 0.41453 0.41453 1.13317 -0.40309 -0.40309 
