2 1 0.1 0.2 0 -4.12552 5.93112 5.93112 -1.65934e-16 -5.70555e-16 3.7449 -7.23785e-20 -9.5527e-17 -2.92687e-16 -4.12553 5.93113 5.93113 3.74491 -5.03962e-16 -1.47904e-16 -1.16763e-19 -8.57964e-17 -3.05806e-16 
1 1 0.10076 0.2 95.2123 -4.12261 5.92697 5.92697 -1.44941e-15 -7.59952e-15 3.74232 8.02644e-17 -5.76627e-16 -1.5527e-14 -4.12261 5.92697 5.92697 3.74232 -7.59952e-15 -1.44941e-15 8.02644e-17 -5.76627e-16 -1.5527e-14 
1 1 0.101522 0.2 95.0039 -4.11969 5.92282 5.92282 -3.48425e-16 -3.21995e-15 3.73973 4.17319e-17 -2.49573e-16 -3.08269e-15 -4.11969 5.92282 5.92282 3.73973 -3.21995e-15 -3.48425e-16 4.17319e-17 -2.49573e-16 -3.08269e-15 
1 1 0.10305 0.2 94.5996 -4.11384 5.91452 5.91452 -1.57827e-16 2.10706e-15 3.73455 3.06156e-17 -5.1023e-17 1.17897e-15 -4.11384 5.91452 5.91452 3.73455 2.10706e-15 -1.57827e-16 3.06156e-17 -5.1023e-17 1.17897e-15 
1 1 0.106117 0.2 93.8405 -4.10216 5.89791 5.89791 -2.26791e-16 9.79712e-16 3.72419 3.06726e-17 -7.25802e-17 8.52528e-16 -4.10216 5.89791 5.89791 3.72419 9.79712e-16 -2.26791e-16 3.06726e-17 -7.25802e-17 8.52528e-16 
1 1 0.109975 0.2 92.9808 -4.08756 5.87716 5.87716 -2.4943e-16 3.23839e-15 3.71124 -2.47387e-17 -1.5381e-16 1.7575e-15 -4.08756 5.87716 5.87716 3.71124 3.23839e-15 -2.4943e-16 -2.47387e-17 -1.5381e-16 1.7575e-15 
1 1 0.11386 0.2 92.2162 -4.07295 5.8564 5.8564 -3.05931e-16 -4.99369e-15 3.69829 1.79714e-17 -1.74707e-16 -2.2785e-15 -4.07295 5.8564 5.8564 3.69829 -4.99369e-15 -3.05931e-16 1.79714e-17 -1.74707e-16 -2.2785e-15 
1 1 0.117772 0.2 91.5432 -4.05835 5.83565 5.83565 -8.39363e-17 -7.42089e-16 3.68534 1.85633e-17 -5.24946e-17 -3.74778e-16 -4.05835 5.83565 5.83565 3.68534 -7.42089e-16 -8.39363e-17 1.85633e-17 -5.24946e-17 -3.74778e-16 
1 1 0.121711 0.2 90.959 -4.04375 5.8149 5.8149 2.87604e-16 7.85584e-15 3.67239 -1.36943e-17 1.33134e-16 3.54782e-15 -4.04375 5.8149 5.8149 3.67239 7.85584e-15 2.87604e-16 -1.36943e-17 1.33134e-16 3.54782e-15 
1 1 0.125678 0.2 90.4615 -4.02914 5.79414 5.79414 -4.58918e-16 -3.92224e-15 3.65945 9.45518e-18 -2.44762e-16 -2.38181e-15 -4.02914 5.79414 5.79414 3.65945 -3.92224e-15 -4.58918e-16 9.45518e-18 -2.44762e-16 -2.38181e-15 
1 1 0.129673 0.2 90.0491 -4.01454 5.77339 5.77339 -5.91227e-17 -8.32638e-16 3.6465 -6.30081e-18 -8.49801e-17 -1.42976e-16 -4.01454 5.77339 5.77339 3.6465 -8.32638e-16 -5.91227e-17 -6.30081e-18 -8.49801e-17 -1.42976e-16 
1 1 0.133696 0.2 89.7211 -3.99994 5.75264 5.75264 6.71494e-17 -2.2688e-15 3.63356 -2.43917e-18 3.59915e-17 -7.6526e-16 -3.99994 5.75264 5.75264 3.63356 -2.2688e-15 6.71494e-17 -2.43917e-18 3.59915e-17 -7.6526e-16 
1 1 0.137748 0.2 89.4772 -3.98534 5.73189 5.73189 -9.44935e-17 4.7438e-15 3.62061 1.51116e-18 -5.41874e-17 3.18321e-15 -3.98534 5.73189 5.73189 3.62061 4.7438e-15 -9.44935e-17 1.51116e-18 -5.41874e-17 3.18321e-15 
1 1 0.141828 0.2 89.3178 -3.97074 5.71114 5.71114 2.77384e-17 -2.46441e-15 3.60767 -7.87253e-18 -6.40631e-18 -1.74015e-15 -3.97074 5.71114 5.71114 3.60767 -2.46441e-15 2.77384e-17 -7.87253e-18 -6.40631e-18 -1.74015e-15 
1 1 0.145938 0.2 89.244 -3.95614 5.6904 5.6904 -2.03621e-16 6.30353e-15 3.59473 -4.19117e-18 -1.14789e-16 3.4486e-15 -3.95614 5.6904 5.6904 3.59473 6.30353e-15 -2.03621e-16 -4.19117e-18 -1.14789e-16 3.4486e-15 
1 1 0.149129 0.2 89.2453 -3.94489 5.6744 5.6744 -4.97839e-16 4.6673e-15 3.58475 -5.46763e-18 -2.8785e-16 1.9382e-15 -3.94489 5.6744 5.6744 3.58475 4.6673e-15 -4.97839e-16 -5.46763e-18 -2.8785e-16 1.9382e-15 
2 1 0.153288 0.2 89.3288 -3.93029 5.65366 5.65366 -2.22947e-17 -1.07816e-14 3.57181 -4.53655e-17 -6.49734e-17 -5.83615e-15 -3.93029 5.65366 5.65366 3.57181 -1.07816e-14 -2.22947e-17 -4.53655e-17 -6.49734e-17 -5.83615e-15 
2 1 0.15748 0.2 89.5033 -3.91569 5.63291 5.63291 2.60246e-16 -1.11045e-15 3.55887 9.91266e-18 9.28273e-17 -1.44614e-15 -3.91569 5.63291 5.63291 3.55887 -1.11045e-15 2.60246e-16 9.91266e-18 9.28273e-17 -1.44614e-15 
2 1 0.161702 0.2 89.7739 -3.90109 5.61217 5.61217 -4.2103e-16 3.15173e-15 3.54593 -9.49303e-18 -2.45897e-16 1.46926e-15 -3.90109 5.61217 5.61217 3.54593 3.15173e-15 -4.2103e-16 -9.49303e-18 -2.45897e-16 1.46926e-15 
2 1 0.165955 0.2 90.1454 -3.8865 5.59143 5.59143 -5.80427e-17 8.3406e-16 3.53299 5.23868e-18 -1.3413e-18 1.00132e-15 -3.8865 5.59143 5.59143 3.53299 8.3406e-16 -5.80427e-17 5.23868e-18 -1.3413e-18 1.00132e-15 
2 1 0.170239 0.2 90.624 -3.8719 5.57068 5.57068 -2.46443e-17 -2.25324e-15 3.52006 1.15006e-17 -1.32082e-17 -2.13355e-15 -3.8719 5.57068 5.57068 3.52006 -2.25324e-15 -2.46443e-17 1.15006e-17 -1.32082e-17 -2.13355e-15 
2 1 0.174554 0.2 91.2169 -3.85731 5.54994 5.54994 -1.04637e-16 -7.89666e-16 3.50712 -2.10714e-17 -7.06102e-17 -6.1567e-16 -3.85731 5.54994 5.54994 3.50712 -7.89666e-16 -1.04637e-16 -2.10714e-17 -7.06102e-17 -6.1567e-16 
2 1 0.178901 0.2 91.933 -3.84271 5.5292 5.5292 5.19602e-17 1.01492e-15 3.49419 -8.10427e-18 -1.1395e-17 2.72225e-16 -3.84271 5.5292 5.5292 3.49419 1.01492e-15 5.19602e-17 -8.10427e-18 -1.1395e-17 2.72225e-16 
2 1 0.18328 0.2 92.7831 -3.82812 5.50847 5.50847 1.0134e-16 -3.71194e-15 3.48125 -2.12516e-18 3.81552e-17 -1.89801e-15 -3.82812 5.50847 5.50847 3.48125 -3.71194e-15 1.0134e-16 -2.12516e-18 3.81552e-17 -1.89801e-15 
2 1 0.187691 0.2 93.7802 -3.81353 5.48773 5.48773 6.71165e-17 7.7457e-16 3.46832 -2.17441e-17 3.43295e-17 3.82068e-16 -3.81353 5.48773 5.48773 3.46832 7.7457e-16 6.71165e-17 -2.17441e-17 3.43295e-17 3.82068e-16 
2 1 0.192135 0.2 94.9401 -3.79893 5.46699 5.46699 -5.39407e-17 -1.86464e-15 3.45539 2.18536e-17 -3.68254e-17 -9.56089e-16 -3.79893 5.46699 5.46699 3.45539 -1.86464e-15 -5.39407e-17 2.18536e-17 -3.68254e-17 -9.56089e-16 
2 1 0.196612 0.2 96.2818 -3.78434 5.44626 5.44626 -4.84438e-17 1.26908e-15 3.44246 -3.32591e-18 -7.28997e-17 4.3399e-17 -3.78434 5.44626 5.44626 3.44246 1.26908e-15 -4.84438e-17 -3.32591e-18 -7.28997e-17 4.3399e-17 
2 1 0.201122 0.2 97.8291 -3.76975 5.42552 5.42552 7.90231e-17 -9.27454e-15 3.42953 1.24627e-17 5.35859e-19 -4.6332e-15 -3.76975 5.42552 5.42552 3.42953 -9.27454e-15 7.90231e-17 1.24627e-17 5.35859e-19 -4.6332e-15 
2 1 0.205667 0.2 99.6109 -3.75516 5.40479 5.40479 -4.01716e-16 6.26608e-15 3.4166 3.05176e-17 -2.42768e-16 2.96294e-15 -3.75516 5.40479 5.40479 3.4166 6.26608e-15 -4.01716e-16 3.05176e-17 -2.42768e-16 2.96294e-15 
2 1 0.210245 0.2 101.664 -3.74057 5.38406 5.38406 -1.49533e-17 -2.52726e-16 3.40367 1.75474e-17 -5.67562e-18 1.22256e-16 -3.74057 5.38406 5.38406 3.40367 -2.52726e-16 -1.49533e-17 1.75474e-17 -5.67562e-18 1.22256e-16 
2 1 0.214858 0.2 104.034 -3.72599 5.36333 5.36333 5.96782e-17 -4.34717e-15 3.39074 -1.05736e-17 1.09765e-17 -2.58602e-15 -3.72599 5.36333 5.36333 3.39074 -4.34717e-15 5.96782e-17 -1.05736e-17 1.09765e-17 -2.58602e-15 
2 1 0.219505 0.2 106.781 -3.7114 5.3426 5.3426 1.87748e-17 -7.7235e-15 3.37782 -3.9179e-18 -9.40633e-18 -3.72915e-15 -3.7114 5.3426 5.3426 3.37782 -7.7235e-15 1.87748e-17 -3.9179e-18 -9.40633e-18 -3.72915e-15 
2 1 0.224189 0.2 109.982 -3.69681 5.32187 5.32187 -9.01021e-17 1.28487e-15 3.36489 -7.19805e-18 -5.03573e-17 -2.49883e-16 -3.69681 5.32187 5.32187 3.36489 1.28487e-15 -9.01021e-17 -7.19805e-18 -5.03573e-17 -2.49883e-16 
2 1 0.228907 0.2 113.74 -3.68223 5.30115 5.30115 -7.46187e-17 9.22244e-15 3.35197 4.30467e-17 -5.72337e-17 4.43173e-15 -3.68223 5.30115 5.30115 3.35197 9.22244e-15 -7.46187e-17 4.30467e-17 -5.72337e-17 4.43173e-15 
2 1 0.233662 0.2 118.198 -3.66764 5.28042 5.28042 -1.79263e-16 4.55394e-15 3.33905 2.99453e-17 -1.22078e-16 2.55646e-15 -3.66764 5.28042 5.28042 3.33905 4.55394e-15 -1.79263e-16 2.99453e-17 -1.22078e-16 2.55646e-15 
2 1 0.238454 0.2 123.554 -3.65306 5.2597 5.2597 -1.25356e-16 7.22703e-15 3.32613 1.94501e-17 -9.78263e-17 4.16584e-15 -3.65306 5.2597 5.2597 3.32613 7.22703e-15 -1.25356e-16 1.94501e-17 -9.78263e-17 4.16584e-15 
2 1 0.243282 0.2 130.101 -3.63848 5.23898 5.23898 -4.32111e-16 -4.23634e-15 3.31321 -2.1402e-18 -2.3515e-16 -2.02378e-15 -3.63848 5.23898 5.23898 3.31321 -4.23634e-15 -4.32111e-16 -2.1402e-18 -2.3515e-16 -2.02378e-15 
2 1 0.248148 0.2 138.285 -3.6239 5.21826 5.21826 -2.08175e-16 1.54249e-15 3.30029 3.4227e-17 -1.25888e-16 4.16523e-16 -3.6239 5.21826 5.21826 3.30029 1.54249e-15 -2.08175e-16 3.4227e-17 -1.25888e-16 4.16523e-16 
2 1 0.253052 0.2 148.834 -3.60932 5.19754 5.19754 -1.2435e-16 -1.44463e-15 3.28737 -1.96237e-17 -7.00652e-17 -1.95832e-16 -3.60932 5.19754 5.19754 3.28737 -1.44463e-15 -1.2435e-16 -1.96237e-17 -7.00652e-17 -1.95832e-16 
2 1 0.257994 0.2 163.025 -3.59474 5.17682 5.17682 4.10481e-17 -2.17363e-15 3.27446 -1.95277e-17 1.47753e-17 -8.73575e-16 -3.59474 5.17682 5.17682 3.27446 -2.17363e-15 4.10481e-17 -1.95277e-17 1.47753e-17 -8.73575e-16 
2 1 0.262975 0.2 183.378 -3.58016 5.15611 5.15611 -1.27254e-16 -7.4636e-16 3.26154 6.66211e-19 -5.49005e-17 -4.53249e-16 -3.58016 5.15611 5.15611 3.26154 -7.4636e-16 -1.27254e-16 6.66211e-19 -5.49005e-17 -4.53249e-16 
2 1 0.267994 0.2 215.8 -3.56558 5.13539 5.13539 -1.47945e-16 -2.94076e-15 3.24863 -7.57e-18 -7.67626e-17 -1.23449e-15 -3.56558 5.13539 5.13539 3.24863 -2.94076e-15 -1.47945e-16 -7.57e-18 -7.67626e-17 -1.23449e-15 
2 1 0.273054 0.2 279.193 -3.551 5.11468 5.11468 8.87585e-17 1.37036e-14 3.23572 -2.07591e-17 4.21917e-17 6.72582e-15 -3.551 5.11468 5.11468 3.23572 1.37036e-14 8.87585e-17 -2.07591e-17 4.21917e-17 6.72582e-15 
2 1 0.278153 0.2 512.952 -3.53643 5.09397 5.09397 3.53975e-16 1.35462e-16 3.22281 2.61651e-18 1.8913e-16 2.93631e-16 -3.53643 5.09397 5.09397 3.22281 1.35462e-16 3.53975e-16 2.61651e-18 1.8913e-16 2.93631e-16 
2 1 0.283293 0.2 512.952 -3.52185 5.07326 5.07326 -5.94964e-16 2.37592e-15 3.2099 2.68013e-19 -3.25713e-16 1.99342e-15 -3.52185 5.07326 5.07326 3.2099 2.37592e-15 -5.94964e-16 2.68013e-19 -3.25713e-16 1.99342e-15 
2 1 0.288474 0.2 512.952 -3.50728 5.05255 5.05255 8.83478e-17 1.55543e-14 3.19699 6.82911e-18 6.83995e-17 7.28688e-15 -3.50728 5.05255 5.05255 3.19699 1.55543e-14 8.83478e-17 6.82911e-18 6.83995e-17 7.28688e-15 
2 1 0.293696 0.2 512.952 -3.49271 5.03185 5.03185 -3.76702e-17 -1.98353e-14 3.18409 1.47185e-18 3.82839e-18 -1.05422e-14 -3.49271 5.03185 5.03185 3.18409 -1.98353e-14 -3.76702e-17 1.47185e-18 3.82839e-18 -1.05422e-14 
2 1 0.298961 0.2 512.952 -3.47814 5.01114 5.01114 -2.57756e-16 1.38928e-15 3.17118 -2.36881e-18 -1.35192e-16 2.36925e-16 -3.47814 5.01114 5.01114 3.17118 1.38928e-15 -2.57756e-16 -2.36881e-18 -1.35192e-16 2.36925e-16 
2 1 0.304268 0.2 4.62192e+12 -3.46357 4.99044 4.99044 1.12753e-16 4.94383e-15 3.15828 4.49729e-17 1.24407e-16 2.25121e-15 -3.46357 4.99044 4.99044 3.15828 4.94383e-15 1.12753e-16 4.49729e-17 1.24407e-16 2.25121e-15 
2 1 0.309618 0.2 4.62192e+12 -3.449 4.96974 4.96974 -7.91338e-17 -2.3477e-15 3.14538 -3.88524e-18 -3.89612e-17 -1.44399e-15 -3.449 4.96974 4.96974 3.14538 -2.3477e-15 -7.91338e-17 -3.88524e-18 -3.89612e-17 -1.44399e-15 
2 1 0.315011 0.2 4.62192e+12 -3.43444 4.94904 4.94904 -4.16551e-17 -6.8857e-17 3.13248 -6.74089e-18 -1.91182e-18 5.12304e-16 -3.43444 4.94904 4.94904 3.13248 -6.8857e-17 -4.16551e-17 -6.74089e-18 -1.91182e-18 5.12304e-16 
2 1 0.320448 0.2 4.62192e+12 -3.41987 4.92834 4.92834 -2.16752e-16 1.75408e-15 3.11958 -2.66221e-17 -8.69068e-17 6.9865e-16 -3.41987 4.92834 4.92834 3.11958 1.75408e-15 -2.16752e-16 -2.66221e-17 -8.69068e-17 6.9865e-16 
2 1 0.32593 0.2 4.62192e+12 -3.40531 4.90765 4.90765 4.1057e-17 -4.82312e-15 3.10668 9.84774e-19 5.41325e-17 -2.5821e-15 -3.40531 4.90765 4.90765 3.10668 -4.82312e-15 4.1057e-17 9.84774e-19 5.41325e-17 -2.5821e-15 
2 1 0.331457 0.2 4.62192e+12 -3.39074 4.88696 4.88696 2.41685e-16 4.65669e-15 3.09379 -1.31605e-17 1.31446e-16 1.93927e-15 -3.39074 4.88696 4.88696 3.09379 4.65669e-15 2.41685e-16 -1.31605e-17 1.31446e-16 1.93927e-15 
2 1 0.33703 0.2 4.62192e+12 -3.37618 4.86627 4.86627 -1.90995e-16 7.93182e-15 3.0809 8.32852e-18 -2.5494e-17 4.03343e-15 -3.37618 4.86627 4.86627 3.0809 7.93182e-15 -1.90995e-16 8.32852e-18 -2.5494e-17 4.03343e-15 
2 1 0.342649 0.2 4.62192e+12 -3.36162 4.84558 4.84558 -7.14389e-17 8.62916e-15 3.068 -1.31749e-17 -4.11208e-17 4.33158e-15 -3.36162 4.84558 4.84558 3.068 8.62916e-15 -7.14389e-17 -1.31749e-17 -4.11208e-17 4.33158e-15 
2 1 0.348314 0.2 4.62192e+12 -3.34707 4.82489 4.82489 2.54696e-16 -4.22116e-15 3.05511 1.20692e-18 1.4443e-16 -2.25507e-15 -3.34707 4.82489 4.82489 3.05511 -4.22116e-15 2.54696e-16 1.20692e-18 1.4443e-16 -2.25507e-15 
2 1 0.354027 0.2 4.62192e+12 -3.33251 4.80421 4.80421 -1.47468e-16 -1.01468e-14 3.04223 -2.37751e-17 -5.78178e-17 -5.85869e-15 -3.33251 4.80421 4.80421 3.04223 -1.01468e-14 -1.47468e-16 -2.37751e-17 -5.78178e-17 -5.85869e-15 
2 1 0.359788 0.2 4.62192e+12 -3.31796 4.78352 4.78352 3.72317e-16 7.18451e-15 3.02934 -1.0361e-18 2.14963e-16 3.81329e-15 -3.31796 4.78352 4.78352 3.02934 7.18451e-15 3.72317e-16 -1.0361e-18 2.14963e-16 3.81329e-15 
2 1 0.365598 0.2 4.62192e+12 -3.3034 4.76284 4.76284 -9.22739e-17 4.38222e-15 3.01645 -5.67283e-18 -3.78927e-17 2.04068e-15 -3.3034 4.76284 4.76284 3.01645 4.38222e-15 -9.22739e-17 -5.67283e-18 -3.78927e-17 2.04068e-15 
2 1 0.371456 0.2 4.62192e+12 -3.28885 4.74217 4.74217 -4.31401e-16 -5.53168e-15 3.00357 -3.62048e-17 -1.8968e-16 -2.74701e-15 -3.28885 4.74217 4.74217 3.00357 -5.53168e-15 -4.31401e-16 -3.62048e-17 -1.8968e-16 -2.74701e-15 
2 1 0.377364 0.2 4.62192e+12 -3.2743 4.72149 4.72149 -1.43321e-16 1.01552e-14 2.99069 1.53472e-18 -5.31681e-17 5.42608e-15 -3.2743 4.72149 4.72149 2.99069 1.01552e-14 -1.43321e-16 1.53472e-18 -5.31681e-17 5.42608e-15 
2 1 0.383323 0.2 4.62192e+12 -3.25975 4.70082 4.70082 -1.91283e-16 -4.70212e-15 2.97781 1.34977e-17 -9.0569e-17 -2.63899e-15 -3.25975 4.70082 4.70082 2.97781 -4.70212e-15 -1.91283e-16 1.34977e-17 -9.0569e-17 -2.63899e-15 
2 1 0.389332 0.2 6.33923e+12 -3.24521 4.68015 4.68015 -1.8808e-17 -9.25763e-16 2.96494 -1.5367e-18 2.33455e-17 -1.62999e-16 -3.24521 4.68015 4.68015 2.96494 -9.25763e-16 -1.8808e-17 -1.5367e-18 2.33455e-17 -1.62999e-16 
2 1 0.395393 0.2 6.33923e+12 -3.23066 4.65948 4.65948 4.2034e-19 3.61457e-15 2.95206 -2.25957e-17 3.20753e-17 1.98028e-15 -3.23066 4.65948 4.65948 2.95206 3.61457e-15 4.2034e-19 -2.25957e-17 3.20753e-17 1.98028e-15 
2 1 0.401507 0.2 6.33923e+12 -3.21612 4.63881 4.63881 -2.7348e-16 1.10931e-14 2.93919 -1.19487e-17 -1.09566e-16 5.79543e-15 -3.21612 4.63881 4.63881 2.93919 1.10931e-14 -2.7348e-16 -1.19487e-17 -1.09566e-16 5.79543e-15 
2 1 0.407673 0.2 6.33923e+12 -3.20158 4.61815 4.61815 -5.17191e-16 9.54008e-15 2.92632 -1.03353e-17 -2.76739e-16 4.67827e-15 -3.20158 4.61815 4.61815 2.92632 9.54008e-15 -5.17191e-16 -1.03353e-17 -2.76739e-16 4.67827e-15 
2 1 0.413893 0.2 6.33923e+12 -3.18704 4.59749 4.59749 -3.04625e-16 1.90317e-14 2.91345 -1.84097e-17 -1.69708e-16 1.0577e-14 -3.18704 4.59749 4.59749 2.91345 1.90317e-14 -3.04625e-16 -1.84097e-17 -1.69708e-16 1.0577e-14 
2 1 0.420167 0.2 6.33923e+12 -3.1725 4.57683 4.57683 5.05396e-17 -4.54741e-15 2.90058 3.74269e-17 1.97749e-17 -2.38615e-15 -3.1725 4.57683 4.57683 2.90058 -4.54741e-15 5.05396e-17 3.74269e-17 1.97749e-17 -2.38615e-15 
2 1 0.426496 0.2 6.33923e+12 -3.15797 4.55618 4.55618 3.90466e-17 2.99134e-16 2.88772 -1.48203e-17 2.43752e-17 5.57817e-16 -3.15797 4.55618 4.55618 2.88772 2.99134e-16 3.90466e-17 -1.48203e-17 2.43752e-17 5.57817e-16 
2 1 0.432881 0.2 6.33923e+12 -3.14343 4.53553 4.53553 -2.84324e-18 -7.42783e-15 2.87486 -1.71571e-17 2.69598e-17 -3.49369e-15 -3.14343 4.53553 4.53553 2.87486 -7.42783e-15 -2.84324e-18 -1.71571e-17 2.69598e-17 -3.49369e-15 
2 1 0.439322 0.2 6.33923e+12 -3.1289 4.51488 4.51488 -3.91629e-16 3.96258e-15 2.862 -4.1072e-18 -1.86633e-16 2.01532e-15 -3.1289 4.51488 4.51488 2.862 3.96258e-15 -3.91629e-16 -4.1072e-18 -1.86633e-16 2.01532e-15 
2 1 0.44582 0.2 6.33923e+12 -3.11437 4.49423 4.49423 -1.9963e-16 -1.26963e-16 2.84914 7.68694e-18 -8.44923e-17 -7.51679e-16 -3.11437 4.49423 4.49423 2.84914 -1.26963e-16 -1.9963e-16 7.68694e-18 -8.44923e-17 -7.51679e-16 
2 1 0.452376 0.2 6.33923e+12 -3.09985 4.47359 4.47359 1.04591e-16 9.65504e-15 2.83629 -8.5203e-18 6.85169e-17 5.33111e-15 -3.09985 4.47359 4.47359 2.83629 9.65504e-15 1.04591e-16 -8.5203e-18 6.85169e-17 5.33111e-15 
2 1 0.458991 0.2 6.33923e+12 -3.08532 4.45295 4.45295 -1.88073e-16 -5.06988e-17 2.82343 2.83566e-19 -9.11897e-17 -4.95309e-16 -3.08532 4.45295 4.45295 2.82343 -5.06988e-17 -1.88073e-16 2.83566e-19 -9.11897e-17 -4.95309e-16 
2 1 0.465665 0.2 6.33923e+12 -3.0708 4.43232 4.43232 1.02979e-16 2.83385e-15 2.81058 -4.79425e-18 5.62882e-17 1.51811e-15 -3.0708 4.43232 4.43232 2.81058 2.83385e-15 1.02979e-16 -4.79425e-18 5.62882e-17 1.51811e-15 
2 1 0.472399 0.2 368.019 -3.05628 4.41168 4.41168 4.12756e-16 -2.32821e-15 2.79774 1.65466e-17 2.41532e-16 -1.12364e-15 -3.05628 4.41168 4.41168 2.79774 -2.32821e-15 4.12756e-16 1.65466e-17 2.41532e-16 -1.12364e-15 
2 1 0.479194 0.2 213.401 -3.04176 4.39105 4.39105 -2.87647e-17 6.37699e-15 2.78489 -1.55045e-17 1.62508e-17 3.75401e-15 -3.04176 4.39105 4.39105 2.78489 6.37699e-15 -2.87647e-17 -1.55045e-17 1.62508e-17 3.75401e-15 
2 1 0.486051 0.2 165.338 -3.02725 4.37043 4.37043 -3.6175e-16 1.32925e-15 2.77205 1.72197e-17 -1.89555e-16 9.46373e-16 -3.02725 4.37043 4.37043 2.77205 1.32925e-15 -3.6175e-16 1.72197e-17 -1.89555e-16 9.46373e-16 
2 1 0.49297 0.2 139.681 -3.01273 4.3498 4.3498 -7.10591e-16 -1.1495e-14 2.75921 -1.98248e-18 -4.03134e-16 -5.93406e-15 -3.01273 4.3498 4.3498 2.75921 -1.1495e-14 -7.10591e-16 -1.98248e-18 -4.03134e-16 -5.93406e-15 
2 1 0.499953 0.2 123.108 -2.99822 4.32918 4.32918 -1.4896e-16 1.12107e-14 2.74638 -1.27811e-17 -6.44335e-17 6.01624e-15 -2.99822 4.32918 4.32918 2.74638 1.12107e-14 -1.4896e-16 -1.27811e-17 -6.44335e-17 6.01624e-15 
2 1 0.506999 0.2 111.269 -2.98372 4.30857 4.30857 -1.76613e-16 -1.61496e-14 2.73354 1.97297e-18 -6.69728e-17 -9.32658e-15 -2.98372 4.30857 4.30857 2.73354 -1.61496e-14 -1.76613e-16 1.97297e-18 -6.69728e-17 -9.32658e-15 
2 1 0.514111 0.2 102.264 -2.96921 4.28796 4.28796 7.78696e-17 1.2169e-14 2.72071 -8.25598e-18 6.88128e-17 6.98334e-15 -2.96921 4.28796 4.28796 2.72071 1.2169e-14 7.78696e-17 -8.25598e-18 6.88128e-17 6.98334e-15 
2 1 0.521289 0.2 95.1123 -2.95471 4.26735 4.26735 -7.378e-18 2.11793e-15 2.70789 -2.14836e-18 1.67042e-17 1.01928e-15 -2.95471 4.26735 4.26735 2.70789 2.11793e-15 -7.378e-18 -2.14836e-18 1.67042e-17 1.01928e-15 
2 1 0.528534 0.2 89.2518 -2.94021 4.24674 4.24674 -5.7856e-16 -5.60387e-15 2.69506 -2.40577e-17 -2.92601e-16 -3.17101e-15 -2.94021 4.24674 4.24674 2.69506 -5.60387e-15 -5.7856e-16 -2.40577e-17 -2.92601e-16 -3.17101e-15 
2 1 0.535846 0.2 84.333 -2.92571 4.22614 4.22614 4.16881e-16 7.5677e-15 2.68224 2.97845e-17 2.26538e-16 3.75385e-15 -2.92571 4.22614 4.22614 2.68224 7.5677e-15 4.16881e-16 2.97845e-17 2.26538e-16 3.75385e-15 
2 1 0.543227 0.2 80.1259 -2.91122 4.20555 4.20555 -3.03103e-16 -1.00382e-15 2.66943 -7.85836e-18 -1.49077e-16 -3.63627e-16 -2.91122 4.20555 4.20555 2.66943 -1.00382e-15 -3.03103e-16 -7.85836e-18 -1.49077e-16 -3.63627e-16 
2 1 0.550677 0.2 76.4721 -2.89673 4.18496 4.18496 -3.41309e-16 1.91712e-14 2.65661 8.52393e-19 -2.07238e-16 1.15429e-14 -2.89673 4.18496 4.18496 2.65661 1.91712e-14 -3.41309e-16 8.52393e-19 -2.07238e-16 1.15429e-14 
2 1 0.558198 0.2 73.2585 -2.88224 4.16437 4.16437 1.26131e-16 4.17027e-15 2.6438 -6.35826e-18 8.66143e-17 2.12515e-15 -2.88224 4.16437 4.16437 2.6438 4.17027e-15 1.26131e-16 -6.35826e-18 8.66143e-17 2.12515e-15 
2 1 0.56579 0.2 70.4021 -2.86775 4.14378 4.14378 6.68102e-17 1.89356e-14 2.63099 -8.12348e-18 6.13593e-17 1.05411e-14 -2.86775 4.14378 4.14378 2.63099 1.89356e-14 6.68102e-17 -8.12348e-18 6.13593e-17 1.05411e-14 
2 1 0.573455 0.2 67.84 -2.85327 4.12321 4.12321 -2.54515e-17 -7.42651e-15 2.61819 -3.1099e-17 -1.23736e-17 -4.78988e-15 -2.85327 4.12321 4.12321 2.61819 -7.42651e-15 -2.54515e-17 -3.1099e-17 -1.23736e-17 -4.78988e-15 
2 1 0.581193 0.2 65.5241 -2.83879 4.10263 4.10263 -3.96629e-16 3.08863e-15 2.60539 -4.42378e-18 -2.08835e-16 1.97244e-15 -2.83879 4.10263 4.10263 2.60539 3.08863e-15 -3.96629e-16 -4.42378e-18 -2.08835e-16 1.97244e-15 
2 1 0.589006 0.2 63.4162 -2.82432 4.08206 4.08206 -3.36606e-16 -3.22295e-15 2.59259 5.15987e-18 -2.08685e-16 -1.89664e-15 -2.82432 4.08206 4.08206 2.59259 -3.22295e-15 -3.36606e-16 5.15987e-18 -2.08685e-16 -1.89664e-15 
2 1 0.596894 0.2 3.46016e+12 -2.80985 4.0615 4.0615 6.88551e-17 8.1397e-15 2.5798 1.35971e-17 6.69061e-17 4.43666e-15 -2.80985 4.0615 4.0615 2.5798 8.1397e-15 6.88551e-17 1.35971e-17 6.69061e-17 4.43666e-15 
2 1 0.604858 0.2 59.7101 -2.79538 4.04094 4.04094 -5.28021e-17 9.11902e-15 2.56701 -2.95103e-18 -1.29703e-17 5.29022e-15 -2.79538 4.04094 4.04094 2.56701 9.11902e-15 -5.28021e-17 -2.95103e-18 -1.29703e-17 5.29022e-15 
2 1 0.6129 0.2 58.0675 -2.78091 4.02038 4.02038 -1.89298e-16 -4.29436e-16 2.55423 -1.47718e-17 -7.41147e-17 -1.17529e-16 -2.78091 4.02038 4.02038 2.55423 -4.29436e-16 -1.89298e-16 -1.47718e-17 -7.41147e-17 -1.17529e-16 
2 1 0.621021 0.2 56.5419 -2.76645 3.99983 3.99983 -2.99421e-16 3.35054e-16 2.54145 -7.57315e-18 -1.34956e-16 6.99235e-16 -2.76645 3.99983 3.99983 2.54145 3.35054e-16 -2.99421e-16 -7.57315e-18 -1.34956e-16 6.99235e-16 
2 1 0.629221 0.2 55.1198 -2.75199 3.97929 3.97929 -1.19283e-16 3.82821e-15 2.52867 1.1506e-17 -6.76667e-17 2.58382e-15 -2.75199 3.97929 3.97929 2.52867 3.82821e-15 -1.19283e-16 1.1506e-17 -6.76667e-17 2.58382e-15 
2 1 0.637502 0.2 53.7894 -2.73754 3.95875 3.95875 -4.78363e-16 2.89192e-16 2.5159 1.42832e-17 -2.8947e-16 2.37304e-16 -2.73754 3.95875 3.95875 2.5159 2.89192e-16 -4.78363e-16 1.42832e-17 -2.8947e-16 2.37304e-16 
2 1 0.645865 0.2 52.5409 -2.72309 3.93822 3.93822 -7.88956e-17 9.13107e-15 2.50313 -4.74406e-18 -9.78308e-19 5.20808e-15 -2.72309 3.93822 3.93822 2.50313 9.13107e-15 -7.88956e-17 -4.74406e-18 -9.78308e-19 5.20808e-15 
2 1 0.654311 0.2 51.3659 -2.70864 3.91769 3.91769 -6.58148e-17 -7.47464e-16 2.49037 -4.95314e-18 -2.69317e-17 -1.23547e-15 -2.70864 3.91769 3.91769 2.49037 -7.47464e-16 -6.58148e-17 -4.95314e-18 -2.69317e-17 -1.23547e-15 
2 1 0.662842 0.2 50.2572 -2.6942 3.89717 3.89717 -2.06913e-16 7.85451e-15 2.47761 -1.40671e-17 -9.40902e-17 4.7444e-15 -2.6942 3.89717 3.89717 2.47761 7.85451e-15 -2.06913e-16 -1.40671e-17 -9.40902e-17 4.7444e-15 
2 1 0.671458 0.2 49.2084 -2.67976 3.87665 3.87665 -5.32012e-17 1.23483e-15 2.46486 1.32555e-17 -2.75266e-17 4.76597e-16 -2.67976 3.87665 3.87665 2.46486 1.23483e-15 -5.32012e-17 1.32555e-17 -2.75266e-17 4.76597e-16 
2 1 0.680161 0.2 48.2142 -2.66532 3.85615 3.85615 2.76867e-16 -3.45267e-15 2.45211 7.17659e-18 1.98775e-16 -1.69874e-15 -2.66532 3.85615 3.85615 2.45211 -3.45267e-15 2.76867e-16 7.17659e-18 1.98775e-16 -1.69874e-15 
2 1 0.688951 0.2 47.2698 -2.65089 3.83564 3.83564 1.51182e-16 -1.02679e-14 2.43937 6.63186e-18 1.00072e-16 -5.81336e-15 -2.65089 3.83564 3.83564 2.43937 -1.02679e-14 1.51182e-16 6.63186e-18 1.00072e-16 -5.81336e-15 
2 1 0.697831 0.2 46.3709 -2.63647 3.81515 3.81515 2.37497e-17 -1.13124e-16 2.42663 4.79696e-18 2.18849e-17 1.05436e-16 -2.63647 3.81515 3.81515 2.42663 -1.13124e-16 2.37497e-17 4.79696e-18 2.18849e-17 1.05436e-16 
2 1 0.706802 0.2 45.5138 -2.62205 3.79466 3.79466 -1.2608e-16 4.8851e-15 2.4139 -2.06475e-17 -6.27015e-17 3.75334e-15 -2.62205 3.79466 3.79466 2.4139 4.8851e-15 -1.2608e-16 -2.06475e-17 -6.27015e-17 3.75334e-15 
2 1 0.715864 0.2 44.6952 -2.60763 3.77417 3.77417 5.55901e-17 -1.52377e-14 2.40117 5.59382e-18 3.72227e-17 -8.80233e-15 -2.60763 3.77417 3.77417 2.40117 -1.52377e-14 5.55901e-17 5.59382e-18 3.72227e-17 -8.80233e-15 
2 1 0.725019 0.2 43.9123 -2.59322 3.7537 3.7537 -4.88137e-16 3.50945e-15 2.38845 1.25683e-18 -2.98994e-16 2.18246e-15 -2.59322 3.7537 3.7537 2.38845 3.50945e-15 -4.88137e-16 1.25683e-18 -2.98994e-16 2.18246e-15 
2 1 0.734269 0.2 43.1624 -2.57881 3.73323 3.73323 -2.34682e-16 1.04736e-14 2.37573 -1.25477e-17 -1.59653e-16 6.43068e-15 -2.57881 3.73323 3.73323 2.37573 1.04736e-14 -2.34682e-16 -1.25477e-17 -1.59653e-16 6.43068e-15 
2 1 0.743614 0.2 42.443 -2.56441 3.71277 3.71277 -1.77059e-16 1.11492e-14 2.36302 2.40296e-17 -1.18068e-16 7.29659e-15 -2.56441 3.71277 3.71277 2.36302 1.11492e-14 -1.77059e-16 2.40296e-17 -1.18068e-16 7.29659e-15 
2 1 0.753057 0.2 41.7523 -2.55001 3.69231 3.69231 -2.05532e-16 2.13898e-14 2.35031 1.63837e-18 -1.26803e-16 1.38314e-14 -2.55001 3.69231 3.69231 2.35031 2.13898e-14 -2.05532e-16 1.63837e-18 -1.26803e-16 1.38314e-14 
2 1 0.762599 0.2 41.0881 -2.53562 3.67187 3.67187 -1.868e-17 2.07364e-14 2.33761 1.2514e-17 2.06428e-17 1.35142e-14 -2.53562 3.67187 3.67187 2.33761 2.07364e-14 -1.868e-17 1.2514e-17 2.06428e-17 1.35142e-14 
2 1 0.77224 0.2 40.4488 -2.52123 3.65143 3.65143 1.31271e-17 2.67585e-15 2.32492 8.6042e-18 1.53531e-18 1.68025e-15 -2.52123 3.65143 3.65143 2.32492 2.67585e-15 1.31271e-17 8.6042e-18 1.53531e-18 1.68025e-15 
2 1 0.781983 0.2 39.8328 -2.50685 3.631 3.631 -4.6958e-16 3.90314e-14 2.31223 1.35066e-17 -3.05828e-16 2.31673e-14 -2.50685 3.631 3.631 2.31223 3.90314e-14 -4.6958e-16 1.35066e-17 -3.05828e-16 2.31673e-14 
2 1 0.79183 0.2 39.2387 -2.49247 3.61058 3.61058 4.11335e-16 -2.99849e-14 2.29955 -9.9688e-18 2.31008e-16 -1.79754e-14 -2.49247 3.61058 3.61058 2.29955 -2.99849e-14 4.11335e-16 -9.9688e-18 2.31008e-16 -1.79754e-14 
2 1 0.801781 0.2 4.26832e+12 -2.47811 3.59017 3.59017 -4.10919e-16 -3.83712e-14 2.28688 -2.47205e-17 -2.70893e-16 -2.25987e-14 -2.47811 3.59017 3.59017 2.28688 -3.83712e-14 -4.10919e-16 -2.47205e-17 -2.70893e-16 -2.25987e-14 
2 1 0.811838 0.2 38.1111 -2.46374 3.56976 3.56976 3.67603e-17 5.20145e-15 2.27421 -1.99935e-17 2.64453e-17 3.22952e-15 -2.46374 3.56976 3.56976 2.27421 5.20145e-15 3.67603e-17 -1.99935e-17 2.64453e-17 3.22952e-15 
2 1 0.822003 0.2 37.5752 -2.44938 3.54937 3.54937 -3.68979e-16 -2.42972e-14 2.26155 -7.6756e-18 -2.35509e-16 -1.44817e-14 -2.44938 3.54937 3.54937 2.26155 -2.42972e-14 -3.68979e-16 -7.6756e-18 -2.35509e-16 -1.44817e-14 
2 1 0.832277 0.2 37.0567 -2.43503 3.52898 3.52898 2.18609e-16 7.17954e-15 2.24889 -6.74227e-18 1.285e-16 5.88908e-15 -2.43503 3.52898 3.52898 2.24889 7.17954e-15 2.18609e-16 -6.74227e-18 1.285e-16 5.88908e-15 
2 1 0.842662 0.2 36.5545 -2.42069 3.50861 3.50861 -1.6161e-17 3.0154e-14 2.23625 6.82202e-18 -5.09176e-17 1.84069e-14 -2.42069 3.50861 3.50861 2.23625 3.0154e-14 -1.6161e-17 6.82202e-18 -5.09176e-17 1.84069e-14 
2 1 0.85316 0.2 36.0678 -2.40635 3.48824 3.48824 -3.62485e-16 3.82341e-14 2.22361 4.57067e-18 -2.3752e-16 2.30784e-14 -2.40635 3.48824 3.48824 2.22361 3.82341e-14 -3.62485e-16 4.57067e-18 -2.3752e-16 2.30784e-14 
2 1 0.863772 0.2 8.07852e+11 -2.39202 3.46788 3.46788 -8.83684e-16 2.47365e-14 2.21097 9.6224e-18 -5.54742e-16 1.59321e-14 -2.39202 3.46788 3.46788 2.21097 2.47365e-14 -8.83684e-16 9.6224e-18 -5.54742e-16 1.59321e-14 
2 1 0.8745 0.2 35.1379 -2.3777 3.44754 3.44754 -5.20789e-16 2.64904e-14 2.19835 9.83231e-18 -3.29796e-16 1.64159e-14 -2.3777 3.44754 3.44754 2.19835 2.64904e-14 -5.20789e-16 9.83231e-18 -3.29796e-16 1.64159e-14 
2 1 0.885347 0.2 34.6932 -2.36338 3.4272 3.4272 -6.08127e-16 -1.09557e-14 2.18573 5.15134e-18 -3.84326e-16 -5.92347e-15 -2.36338 3.4272 3.4272 2.18573 -1.09557e-14 -6.08127e-16 5.15134e-18 -3.84326e-16 -5.92347e-15 
2 1 0.896312 0.2 34.2612 -2.34907 3.40688 3.40688 -6.44054e-16 7.66276e-15 2.17312 -1.42619e-17 -4.06174e-16 5.50392e-15 -2.34907 3.40688 3.40688 2.17312 7.66276e-15 -6.44054e-16 -1.42619e-17 -4.06174e-16 5.50392e-15 
2 1 0.9074 0.2 2.12884e+13 -2.33477 3.38657 3.38657 -8.9505e-16 -9.17236e-17 2.16052 -8.16739e-18 -5.79555e-16 -7.81784e-16 -2.33477 3.38657 3.38657 2.16052 -9.17236e-17 -8.9505e-16 -8.16739e-18 -5.79555e-16 -7.81784e-16 
2 1 0.91861 0.2 33.4327 -2.32047 3.36627 3.36627 -3.52798e-16 2.27275e-15 2.14793 -3.96043e-18 -2.39205e-16 1.78155e-15 -2.32047 3.36627 3.36627 2.14793 2.27275e-15 -3.52798e-16 -3.96043e-18 -2.39205e-16 1.78155e-15 
2 1 0.929946 0.2 33.0352 -2.30619 3.34598 3.34598 1.98268e-16 -7.37432e-15 2.13534 -2.9348e-18 1.17043e-16 -4.85953e-15 -2.30619 3.34598 3.34598 2.13534 -7.37432e-15 1.98268e-16 -2.9348e-18 1.17043e-16 -4.85953e-15 
2 1 0.941409 0.2 32.6483 -2.29191 3.3257 3.3257 -1.82156e-15 1.05689e-13 2.12277 8.73382e-18 -1.17782e-15 6.78181e-14 -2.29191 3.3257 3.3257 2.12277 1.05689e-13 -1.82156e-15 8.73382e-18 -1.17782e-15 6.78181e-14 
2 1 0.953002 0.2 32.2714 -2.27764 3.30544 3.30544 -1.95872e-15 -4.26099e-14 2.1102 -1.69817e-17 -1.27278e-15 -2.76131e-14 -2.27764 3.30544 3.30544 2.1102 -4.26099e-14 -1.95872e-15 -1.69817e-17 -1.27278e-15 -2.76131e-14 
2 1 0.964725 0.2 31.9041 -2.26338 3.28518 3.28518 -1.47992e-15 3.9524e-14 2.09764 1.74472e-17 -9.43299e-16 2.56112e-14 -2.26338 3.28518 3.28518 2.09764 3.9524e-14 -1.47992e-15 1.74472e-17 -9.43299e-16 2.56112e-14 
2 1 0.976581 0.2 31.546 -2.24913 3.26495 3.26495 -1.74774e-15 1.84099e-13 2.08509 -4.60112e-18 -1.1454e-15 1.17954e-13 -2.24913 3.26495 3.26495 2.08509 1.84099e-13 -1.74774e-15 -4.60112e-18 -1.1454e-15 1.17954e-13 
2 1 0.988572 0.2 31.1968 -2.23489 3.24472 3.24472 -1.14901e-15 -1.50576e-13 2.07255 8.2484e-18 -7.39311e-16 -9.76421e-14 -2.23489 3.24472 3.24472 2.07255 -1.50576e-13 -1.14901e-15 8.2484e-18 -7.39311e-16 -9.76421e-14 
2 1 1.0007 0.2 30.856 -2.22066 3.22451 3.22451 -2.11633e-15 -2.09775e-13 2.06002 5.12063e-18 -1.37593e-15 -1.35406e-13 -2.22066 3.22451 3.22451 2.06002 -2.09775e-13 -2.11633e-15 5.12063e-18 -1.37593e-15 -1.35406e-13 
2 1 0.1 0.2 0 -4.12552 5.93112 5.93112 -1.65934e-16 -5.70555e-16 3.7449 -7.23785e-20 -9.5527e-17 -2.92687e-16 -4.12553 5.93113 5.93113 3.74491 -5.03962e-16 -1.47904e-16 -1.16763e-19 -8.57964e-17 -3.05806e-16 
1 1 0.0992392 0.2 95.6421 -4.12845 5.93527 5.93527 -1.35603e-15 -2.3353e-14 3.7475 -7.56458e-17 -2.85095e-16 -9.14767e-15 -4.12845 5.93527 5.93527 3.7475 -2.3353e-14 -1.35603e-15 -7.56458e-17 -2.85095e-16 -9.14767e-15 
1 1 0.0984802 0.2 95.8635 -4.13137 5.93943 5.93943 -3.86565e-16 4.65481e-15 3.75009 -2.99857e-17 -1.87009e-16 2.88108e-15 -4.13137 5.93943 5.93943 3.75009 4.65481e-15 -3.86565e-16 -2.99857e-17 -1.87009e-16 2.88108e-15 
1 1 0.0969654 0.2 96.3198 -4.13721 5.94773 5.94773 -2.08363e-17 -3.89846e-16 3.75527 -5.45658e-17 -1.06957e-17 5.64607e-16 -4.13721 5.94773 5.94773 3.75527 -3.89846e-16 -2.08363e-17 -5.45658e-17 -1.06957e-17 5.64607e-16 
1 1 0.0939482 0.2 97.2873 -4.1489 5.96434 5.96434 -2.42729e-16 4.19474e-16 3.76563 5.59909e-20 -1.53653e-16 1.21689e-16 -4.1489 5.96434 5.96434 3.76563 4.19474e-16 -2.42729e-16 5.59909e-20 -1.53653e-16 1.21689e-16 
1 1 0.0901998 0.2 98.6051 -4.1635 5.9851 5.9851 -9.66625e-17 7.43146e-15 3.77858 -2.83144e-17 -2.37899e-17 3.5433e-15 -4.1635 5.9851 5.9851 3.77858 7.43146e-15 -9.66625e-17 -2.83144e-17 -2.37899e-17 3.5433e-15 
1 1 0.0864768 0.2 100.052 -4.17811 6.00585 6.00585 1.11094e-16 -1.47162e-16 3.79153 -1.6588e-17 4.95235e-17 -7.7372e-17 -4.17811 6.00585 6.00585 3.79153 -1.47162e-16 1.11094e-16 -1.6588e-17 4.95235e-17 -7.7372e-17 
1 1 0.082779 0.2 101.638 -4.19272 6.02662 6.02662 -3.5549e-16 3.33111e-15 3.80449 1.75654e-17 -1.77924e-16 1.83514e-15 -4.19272 6.02662 6.02662 3.80449 3.33111e-15 -3.5549e-16 1.75654e-17 -1.77924e-16 1.83514e-15 
1 1 0.0791061 0.2 103.377 -4.20733 6.04738 6.04738 -1.25008e-16 -4.21156e-15 3.81744 4.08876e-17 -6.14368e-17 -1.94195e-15 -4.20733 6.04738 6.04738 3.81744 -4.21156e-15 -1.25008e-16 4.08876e-17 -6.14368e-17 -1.94195e-15 
1 1 0.0754579 0.2 105.282 -4.22194 6.06814 6.06814 1.76036e-16 -5.68866e-15 3.83039 2.98295e-17 6.0608e-17 -2.29112e-15 -4.22194 6.06814 6.06814 3.83039 -5.68866e-15 1.76036e-16 2.98295e-17 6.0608e-17 -2.29112e-15 
1 1 0.0718342 0.2 107.371 -4.23654 6.0889 6.0889 -3.55681e-16 -3.21043e-15 3.84335 7.4101e-18 -2.21689e-16 -9.75034e-16 -4.23654 6.0889 6.0889 3.84335 -3.21043e-15 -3.55681e-16 7.4101e-18 -2.21689e-16 -9.75034e-16 
1 1 0.0682346 0.2 109.666 -4.25115 6.10966 6.10966 1.1038e-16 2.49996e-17 3.8563 1.83745e-17 4.92045e-17 2.35416e-16 -4.25115 6.10966 6.10966 3.8563 2.49996e-17 1.1038e-16 1.83745e-17 4.92045e-17 2.35416e-16 
1 1 0.0646589 0.2 112.191 -4.26576 6.13043 6.13043 -1.98459e-16 -1.64641e-16 3.86926 -1.70622e-17 -1.19261e-16 7.65042e-17 -4.26576 6.13043 6.13043 3.86926 -1.64641e-16 -1.98459e-16 -1.70622e-17 -1.19261e-16 7.65042e-17 
1 1 0.061107 0.2 114.976 -4.28037 6.15119 6.15119 -3.47863e-16 4.66085e-15 3.88222 2.59958e-17 -2.01094e-16 2.36015e-15 -4.28037 6.15119 6.15119 3.88222 4.66085e-15 -3.47863e-16 2.59958e-17 -2.01094e-16 2.36015e-15 
1 1 0.0575786 0.2 118.059 -4.29499 6.17196 6.17196 -1.86719e-16 -5.98926e-17 3.89517 3.15919e-17 -8.14911e-17 -2.89344e-16 -4.29499 6.17196 6.17196 3.89517 -5.98926e-17 -1.86719e-16 3.15919e-17 -8.14911e-17 -2.89344e-16 
1 1 0.0540734 0.2 121.484 -4.3096 6.19272 6.19272 3.59643e-16 -3.64343e-15 3.90813 4.51406e-17 1.99563e-16 -2.32658e-15 -4.3096 6.19272 6.19272 3.90813 -3.64343e-15 3.59643e-16 4.51406e-17 1.99563e-16 -2.32658e-15 
1 1 0.0505913 0.2 125.309 -4.32421 6.21349 6.21349 4.11251e-17 7.56014e-16 3.92109 9.27285e-18 7.25537e-18 -4.8075e-16 -4.32421 6.21349 6.21349 3.92109 7.56014e-16 4.11251e-17 9.27285e-18 7.25537e-18 -4.8075e-16 
1 1 0.0471319 0.2 129.605 -4.33882 6.23426 6.23426 -1.07644e-16 2.66002e-15 3.93405 -1.1263e-17 -6.18249e-17 1.27748e-15 -4.33882 6.23426 6.23426 3.93405 2.66002e-15 -1.07644e-16 -1.1263e-17 -6.18249e-17 1.27748e-15 
1 1 0.0436952 0.2 134.464 -4.35343 6.25503 6.25503 -7.02888e-17 2.13421e-17 3.94701 1.88293e-17 -3.70825e-17 4.62839e-16 -4.35343 6.25503 6.25503 3.94701 2.13421e-17 -7.02888e-17 1.88293e-17 -3.70825e-17 4.62839e-16 
1 1 0.0402808 0.2 140.007 -4.36805 6.2758 6.2758 -4.20951e-16 -2.13444e-15 3.95997 -6.14559e-18 -2.14324e-16 -5.62966e-16 -4.36805 6.2758 6.2758 3.95997 -2.13444e-15 -4.20951e-16 -6.14559e-18 -2.14324e-16 -5.62966e-16 
1 1 0.0368885 0.2 146.395 -4.38266 6.29657 6.29657 -1.53912e-17 -1.1131e-15 3.97293 -2.39393e-17 -1.03718e-17 -2.08226e-16 -4.38266 6.29657 6.29657 3.97293 -1.1131e-15 -1.53912e-17 -2.39393e-17 -1.03718e-17 -2.08226e-16 
1 1 0.0335183 0.2 153.85 -4.39728 6.31733 6.31733 -3.10277e-16 2.61073e-15 3.98589 7.89586e-19 -1.96377e-16 1.15574e-15 -4.39728 6.31733 6.31733 3.98589 2.61073e-15 -3.10277e-16 7.89586e-19 -1.96377e-16 1.15574e-15 
1 1 0.0301697 0.2 162.687 -4.41189 6.33811 6.33811 -2.74235e-16 3.2122e-15 3.99885 2.87425e-17 -1.64534e-16 1.9725e-15 -4.41189 6.33811 6.33811 3.99885 3.2122e-15 -2.74235e-16 2.87425e-17 -1.64534e-16 1.9725e-15 
1 1 0.0268427 0.2 173.368 -4.4265 6.35888 6.35888 5.34191e-17 -2.86905e-17 4.01181 6.06706e-19 4.60134e-17 -2.70804e-16 -4.4265 6.35888 6.35888 4.01181 -2.86905e-17 5.34191e-17 6.06706e-19 4.60134e-17 -2.70804e-16 
1 1 0.023537 0.2 186.614 -4.44112 6.37965 6.37965 -1.21202e-16 5.96181e-15 4.02477 -2.66031e-17 -5.59116e-17 2.87282e-15 -4.44112 6.37965 6.37965 4.02477 5.96181e-15 -1.21202e-16 -2.66031e-17 -5.59116e-17 2.87282e-15 
1 1 0.0202524 0.2 203.61 -4.45574 6.40042 6.40042 1.16786e-16 6.58946e-15 4.03773 -3.28723e-17 6.99267e-17 2.91728e-15 -4.45574 6.40042 6.40042 4.03773 6.58946e-15 1.16786e-16 -3.28723e-17 6.99267e-17 2.91728e-15 
1 1 0.0169887 0.2 226.494 -4.47035 6.42119 6.42119 2.93686e-16 5.09707e-15 4.05069 -2.59576e-19 1.60436e-16 2.63327e-15 -4.47035 6.42119 6.42119 4.05069 5.09707e-15 2.93686e-16 -2.59576e-19 1.60436e-16 2.63327e-15 
1 1 0.0137458 0.2 2.61701e+14 -4.48497 6.44197 6.44197 5.34147e-17 -9.61722e-15 4.06366 -1.14366e-17 2.79694e-17 -4.05993e-15 -4.48497 6.44197 6.44197 4.06366 -9.61722e-15 5.34147e-17 -1.14366e-17 2.79694e-17 -4.05993e-15 
1 1 0.0105234 0.2 313.866 -4.49959 6.46274 6.46274 -2.52315e-16 6.44029e-15 4.07662 -3.49201e-17 -9.77251e-17 3.31456e-15 -4.49959 6.46274 6.46274 4.07662 6.44029e-15 -2.52315e-16 -3.49201e-17 -9.77251e-17 3.31456e-15 
1 1 0.00732136 0.2 428.573 -4.5142 6.48352 6.48352 4.53049e-17 -8.48264e-16 4.08958 3.34552e-17 -7.68154e-18 -5.86519e-16 -4.5142 6.48352 6.48352 4.08958 -8.48264e-16 4.53049e-17 3.34552e-17 -7.68154e-18 -5.86519e-16 
1 1 0.00413945 0.2 1179.3 -4.52882 6.50429 6.50429 -7.40852e-16 1.03021e-14 4.10255 -5.43296e-18 -3.71657e-16 5.4423e-15 -4.52882 6.50429 6.50429 4.10255 1.03021e-14 -7.40852e-16 -5.43296e-18 -3.71657e-16 5.4423e-15 
1 1 0.000977512 0.2 1.9658e+12 -4.54344 6.52507 6.52507 -3.18006e-16 -5.47022e-15 4.11551 -2.69553e-17 -1.63633e-16 -3.3568e-15 -4.54344 6.52507 6.52507 4.11551 -5.47022e-15 -3.18006e-16 -2.69553e-17 -1.63633e-16 -3.3568e-15 
1 1 -0.00216465 0.2 1.9658e+12 -4.55806 6.54584 6.54584 -2.52229e-16 4.62031e-17 4.12847 -2.19711e-17 -1.39422e-16 2.46463e-16 -4.55806 6.54584 6.54584 4.12847 4.62031e-17 -2.52229e-16 -2.19711e-17 -1.39422e-16 2.46463e-16 
4 -2 0.149126 0.149126 89.2453 -3.94489 5.6744 5.6744 -4.97839e-16 4.6673e-15 3.58475 -5.46763e-18 -2.8785e-16 1.9382e-15 -3.94489 5.6744 5.6744 3.58475 4.6673e-15 -4.97839e-16 -5.46763e-18 -2.8785e-16 1.9382e-15 
4 -2 0.148794 0.148794 89.3986 -3.94606 5.67607 5.67606 0.00380096 -1.2514e-08 3.58579 -6.93541e-12 0.00205899 -6.77755e-09 -3.94606 5.67607 5.67606 3.58579 1.11265e-09 -0.000518567 -5.00186e-12 -0.000280966 6.02646e-10 
4 -2 0.148164 0.148164 89.6864 -3.94827 5.67922 5.67921 0.0064695 -9.5695e-13 3.58775 -1.34555e-15 0.00350506 -5.19915e-13 -3.94827 5.67922 5.67921 3.58775 1.46529e-13 -0.000877653 -1.11044e-15 -0.000475782 7.92245e-14 
4 -2 0.147571 0.147571 89.9615 -3.95037 5.68219 5.68219 0.00825498 2.3573e-13 3.58961 3.47186e-16 0.00447305 1.28515e-13 -3.95037 5.6822 5.68219 3.58961 1.38271e-14 -0.00111394 1.95574e-16 -0.000604186 7.75249e-15 
4 -2 0.146912 0.146912 90.2713 -3.95269 5.6855 5.68549 0.00989357 -1.84235e-12 3.59167 -2.96855e-15 0.00536181 -1.00926e-12 -3.95269 5.6855 5.68549 3.59167 7.73179e-14 -0.00132702 -2.20774e-15 -0.000720181 4.0014e-14 
4 -2 0.145916 0.145916 90.7482 -3.95621 5.69051 5.69049 0.0120006 -1.04574e-12 3.59479 -1.94079e-15 0.00650531 -5.75023e-13 -3.95621 5.69051 5.69049 3.5948 4.29929e-13 -0.00159442 -2.28566e-15 -0.000866068 2.31042e-13 
4 -2 0.144415 0.144415 91.487 -3.96153 5.69806 5.69804 0.0147148 2.94766e-12 3.59951 8.4519e-15 0.00797977 1.61177e-12 -3.96153 5.69807 5.69804 3.59951 -8.95393e-14 -0.00192605 6.45306e-15 -0.00104765 -4.74477e-14 
4 -2 0.142163 0.142163 92.6426 -3.96954 5.70945 5.70941 0.0182619 -1.12449e-13 3.60661 2.22019e-16 0.00990937 -6.6372e-14 -3.96954 5.70945 5.70942 3.60661 3.35193e-13 -0.00233355 -1.35285e-15 -0.00127205 1.76722e-13 
4 -2 0.138793 0.138793 94.4761 -3.98158 5.72656 5.7265 0.0230785 1.10398e-14 3.61728 4.5064e-17 0.0125357 5.79557e-15 -3.98158 5.72657 5.72652 3.61728 5.70662e-18 -0.00283486 5.31273e-17 -0.0015507 5.67569e-17 
4 -2 0.135109 0.135109 96.6189 -3.99482 5.74539 5.7453 0.0283162 2.89978e-14 3.62901 2.31181e-16 0.0154005 1.50976e-14 -3.99482 5.74539 5.74532 3.62902 -5.51486e-16 -0.0033173 1.85534e-16 -0.0018223 -4.47082e-16 
4 -2 0.131144 0.131144 99.0583 -4.00917 5.76579 5.76566 0.0348499 2.49486e-15 3.64173 7.95938e-17 0.0189888 1.60206e-15 -4.00918 5.7658 5.76568 3.64174 4.29686e-15 -0.00387521 -1.94503e-17 -0.00214031 2.23885e-15 
4 -2 0.127321 0.127321 101.382 -4.0231 5.78562 5.78533 0.0469715 -8.52133e-15 3.65407 -1.02867e-16 0.0256914 -5.65571e-15 -4.0231 5.78563 5.78538 3.65409 -3.05366e-15 -0.00507433 -2.92889e-17 -0.00282723 -1.90264e-15 
4 -2 0.127139 0.127139 101.463 -4.02375 5.78658 5.78624 0.0491353 9.11256e-15 3.65466 3.96865e-16 0.0268943 3.71004e-15 -4.02376 5.78658 5.7863 3.65467 1.45186e-14 -0.00532886 3.40915e-17 -0.00297332 7.68727e-15 
3 -2 0.127075 0.127075 101.466 -4.02398 5.78692 5.78653 0.0515748 -7.25736e-15 3.65486 -1.76759e-16 0.0282527 -4.36631e-15 -4.02399 5.78693 5.7866 3.65488 1.21943e-15 -0.00562795 -7.82837e-17 -0.0031454 8.8186e-16 
3 -2 0.127203 0.127203 101.332 -4.02351 5.78628 5.7858 0.05538 7.60454e-15 3.65444 1.04231e-16 0.0303765 2.90508e-15 -4.02351 5.78628 5.78588 3.65446 -7.04477e-15 -0.00611138 1.63691e-16 -0.003425 -3.68854e-15 
3 -2 0.127611 0.127611 101.028 -4.022 5.78419 5.78357 0.0602819 -4.78461e-15 3.65312 -1.20574e-16 0.0331214 -1.50808e-15 -4.022 5.78418 5.78367 3.65313 -1.13312e-15 -0.00674331 -5.46261e-17 -0.00379457 -1.38708e-16 
3 -2 0.128074 0.128074 100.711 -4.02028 5.78182 5.78104 0.065023 -1.54014e-14 3.65161 -7.78715e-16 0.0357868 -8.82879e-15 -4.02029 5.78181 5.78118 3.65163 -8.28906e-15 -0.00734368 -1.65052e-16 -0.00415206 -4.69692e-15 
3 -2 0.128592 0.128592 100.37 -4.01834 5.77921 5.7781 0.0735947 -7.36421e-16 3.64992 -8.13882e-18 0.0406364 5.35085e-16 -4.01834 5.77918 5.77829 3.64994 -3.07219e-16 -0.00833296 -1.8842e-17 -0.00476475 -1.22959e-16 
4 -2 0.128596 0.128596 100.367 -4.01831 5.77922 5.778 0.0760111 5.73443e-15 3.6499 2.40089e-16 0.042012 4.50807e-15 -4.01831 5.77917 5.7782 3.64992 2.34178e-15 -0.0085849 3.24958e-17 -0.00492807 1.23024e-15 
4 -2 0.127802 0.127802 100.911 -4.02113 5.78346 5.78175 0.0855281 4.09288e-15 3.65246 1.90377e-16 0.0474759 1.82566e-15 -4.02112 5.78338 5.78201 3.65248 3.54592e-15 -0.00933149 2.53757e-17 -0.00546214 1.98497e-15 
4 -2 0.126616 0.126616 101.785 -4.02539 5.78971 5.78763 0.0914637 -2.57755e-15 3.65628 1.77908e-16 0.0509292 2.12937e-15 -4.02538 5.7896 5.78794 3.65631 1.14172e-14 -0.00956339 3.3502e-17 -0.00568933 6.42905e-15 
4 -2 0.125344 0.125344 102.79 -4.02997 5.7964 5.794 0.0960644 -1.11815e-15 3.6604 -1.49016e-17 0.0536353 -1.12588e-15 -4.02997 5.79628 5.79437 3.66043 3.12682e-16 -0.00959514 -3.84173e-17 -0.00579643 8.81452e-17 
4 -2 0.123927 0.123927 103.995 -4.0351 5.80387 5.80114 0.100331 -9.80634e-14 3.665 -2.24251e-15 0.0561705 -4.89039e-14 -4.03511 5.80372 5.80157 3.66504 -4.23461e-14 -0.0094586 -9.1884e-16 -0.00581261 -2.09164e-14 
4 -2 0.121784 0.121784 105.988 -4.04287 5.81519 5.81199 0.105889 -6.557e-15 3.67197 -1.84106e-16 0.0595152 -1.08827e-14 -4.04291 5.81501 5.81252 3.67202 3.96e-14 -0.00902449 -2.04986e-16 -0.00570321 2.225e-14 
4 -2 0.118562 0.118562 109.407 -4.05458 5.83228 5.82835 0.113259 -6.00967e-16 3.6825 -1.89652e-17 0.0640312 5.83817e-16 -4.0547 5.83203 5.8291 3.68257 2.98665e-16 -0.00788103 -4.56966e-18 -0.00525589 1.83042e-16 
4 -2 0.115033 0.115033 113.827 -4.06746 5.85112 5.84635 0.120618 -5.04412e-17 3.6941 3.2254e-17 0.0686407 8.344e-16 -4.0677 5.85078 5.84741 3.69418 7.50543e-17 -0.00604058 1.24301e-17 -0.00442766 1.20484e-16 
4 -2 0.111249 0.111249 119.525 -4.08133 5.87145 5.86572 0.128166 -1.44522e-15 3.70662 6.37244e-17 0.0734826 -3.91871e-16 -4.08175 5.871 5.8672 3.70671 6.26255e-16 -0.00323987 8.14347e-18 -0.0030584 2.80572e-16 
4 -2 0.107509 0.107509 126.394 -4.09508 5.89168 5.88492 0.135523 6.42264e-16 3.71907 7.22473e-17 0.0783165 1.89943e-15 -4.09573 5.8911 5.88692 3.71917 1.79335e-15 0.00053098 2.44554e-17 -0.00111041 9.73209e-16 
4 -2 0.103823 0.103823 134.721 -4.10869 5.91175 5.90391 0.142882 2.55706e-15 3.73141 -2.19546e-17 0.0832711 2.21343e-15 -4.1096 5.91103 5.90649 3.73152 1.79587e-15 0.00553943 2.16167e-17 0.00159155 9.88044e-16 
4 -2 0.100204 0.100204 144.864 -4.12212 5.93157 5.92263 0.150296 -6.82453e-16 3.74359 2.21511e-17 0.0883818 4.00598e-16 -4.12331 5.93071 5.92583 3.74371 -1.04133e-15 0.0119363 -2.5676e-18 0.00516225 -4.85598e-16 
4 -2 0.0966701 0.0966701 157.142 -4.13531 5.95102 5.94104 0.1578 4.7574e-15 3.75554 -9.88843e-17 0.0936664 2.79438e-15 -4.13678 5.95004 5.94484 3.75568 1.67379e-15 0.0198433 -2.85307e-17 0.00970708 1.05492e-15 
4 -2 0.0932385 0.0932385 171.225 -4.14823 5.96997 5.9591 0.165465 -4.94973e-16 3.7672 4.28406e-17 0.0991804 -1.46809e-16 -4.14994 5.96891 5.9634 3.76737 -6.86924e-16 0.029385 -4.54156e-18 0.0153393 -3.01701e-16 
4 -2 0.08992 0.08992 183.193 -4.16089 5.98834 5.97691 0.172201 4.75818e-16 3.77853 4.23226e-17 0.104084 -1.92397e-16 -4.16278 5.98723 5.98155 3.77872 9.59791e-16 0.0373573 -1.38285e-17 0.0201161 5.06938e-16 
4 -2 0.0870267 0.0870267 175.709 -4.1721 6.0044 5.99281 0.177444 2.05293e-15 3.7885 1.79299e-18 0.107761 4.49764e-16 -4.17424 6.00305 5.99797 3.78863 5.32112e-16 0.0285069 1.54428e-17 0.0146363 6.96452e-16 
4 -2 0.0867268 0.0867268 165.803 -4.17309 6.00596 5.99402 0.188866 -2.78756e-15 3.78935 -1.29398e-16 0.115932 6.27729e-16 -4.17548 6.00442 5.99982 3.78952 1.28095e-15 0.0163444 -1.86094e-17 0.00737703 1.06722e-15 
4 -2 0.0867134 0.0867134 164.139 -4.17309 6.00588 5.99393 0.196667 2.07056e-15 3.78923 -4.14506e-17 0.121661 1.10706e-16 -4.17547 6.00446 5.99976 3.78951 2.39608e-16 0.0183563 -1.46867e-17 0.0087681 1.26028e-16 
4 -2 0.149126 0.149126 89.2453 -3.94489 5.6744 5.6744 -4.97839e-16 4.6673e-15 3.58475 -5.46763e-18 -2.8785e-16 1.9382e-15 -3.94489 5.6744 5.6744 3.58475 4.6673e-15 -4.97839e-16 -5.46763e-18 -2.8785e-16 1.9382e-15 
4 -2 0.148794 0.148794 89.3986 -3.94606 5.67607 5.67606 -0.00380096 1.25132e-08 3.58579 -6.93638e-12 -0.00205899 6.77711e-09 -3.94606 5.67607 5.67606 3.58579 -1.1086e-09 0.000518567 -4.99991e-12 0.000280966 -6.0045e-10 
4 -2 0.148708 0.148708 89.4375 -3.94636 5.67649 5.67649 -0.00426049 5.26489e-13 3.58606 -3.80152e-16 -0.00230796 2.85831e-13 -3.94636 5.67649 5.67649 3.58606 3.13349e-14 0.000580632 -2.04484e-16 0.000314618 1.67099e-14 
4 -1 0.6 0.6 43.4 -3.2761 3.4726 3.4726 -5.29651 5.29651 0.800749 -1.40011 -2.01421 2.01421 -3.29918 2.25137 2.25137 1.53256 -0.286735 0.286735 -0.662091 -0.171526 0.171526 
4 -1 0.598149 0.598149 43.4676 -3.27854 3.47327 3.47327 -5.29477 5.29477 0.802544 -1.39617 -2.01699 2.01699 -3.30116 2.25605 2.25605 1.53413 -0.28863 0.28863 -0.662373 -0.170937 0.170937 
4 -1 0.593007 0.593007 43.6809 -3.28598 3.47409 3.47409 -5.29113 5.29113 0.805813 -1.40275 -2.01641 2.01641 -3.30818 2.26523 2.26523 1.54093 -0.286502 0.286502 -0.66541 -0.172557 0.172557 
4 -1 0.592125 0.592125 43.7412 -3.29065 3.47478 3.47478 -5.28938 5.28938 0.805934 -1.40698 -2.01257 2.01257 -3.31022 2.27017 2.27017 1.54383 -0.281757 0.281757 -0.66486 -0.17358 0.17358 
4 -1 0.592695 0.592695 43.7087 -3.28982 3.47027 3.47027 -5.292 5.292 0.802357 -1.40987 -2.01165 2.01165 -3.30945 2.26933 2.26933 1.54289 -0.279013 0.279013 -0.664707 -0.174516 0.174516 
4 -1 0.571111 0.571111 44.6332 -3.3184 3.43731 3.43731 -5.29462 5.29462 0.787001 -1.46318 -2.00614 2.00614 -3.33883 2.31055 2.31055 1.56986 -0.249802 0.249802 -0.679571 -0.188748 0.188748 
4 -1 0.567746 0.567746 44.7774 -3.31929 3.43789 3.43789 -5.2917 5.2917 0.793069 -1.46862 -2.00649 2.00649 -3.34396 2.31539 2.31539 1.57126 -0.250509 0.250509 -0.684418 -0.189889 0.189889 
4 -1 0.563885 0.563885 44.9485 -3.32494 3.44081 3.44081 -5.28763 5.28763 0.797509 -1.47177 -2.00639 2.00639 -3.34947 2.3229 2.3229 1.57677 -0.250035 0.250035 -0.686391 -0.190622 0.190622 
4 -1 0.562338 0.562338 45.0162 -3.3273 3.44383 3.44383 -5.28514 5.28514 0.800641 -1.47146 -2.00674 2.00674 -3.3517 2.32581 2.32581 1.57923 -0.251175 0.251175 -0.686917 -0.190391 0.190391 
4 -1 0.556261 0.556261 45.3303 -3.34022 3.44847 3.44847 -5.27825 5.27825 0.803456 -1.47449 -2.00645 2.00645 -3.36109 2.33989 2.33989 1.58923 -0.244138 0.244138 -0.687511 -0.193401 0.193401 
4 -1 0.551724 0.551724 45.5428 -3.34597 3.44477 3.44477 -5.27634 5.27634 0.804251 -1.48378 -2.00509 2.00509 -3.36747 2.35005 2.35005 1.5956 -0.239711 0.239711 -0.690211 -0.195709 0.195708 
4 -1 0.580935 0.580935 44.1745 -3.30566 3.41092 3.41092 -5.3219 5.3219 0.762422 -1.47039 -2.00281 2.00281 -3.32618 2.29367 2.29367 1.55346 -0.248886 0.248886 -0.675939 -0.187548 0.187548 
4 -1 0.586533 0.586533 43.9681 -3.29609 3.38796 3.38796 -5.34059 5.34059 0.745353 -1.48157 -2.00098 2.00098 -3.31723 2.28269 2.28269 1.54534 -0.24789 0.24789 -0.675137 -0.185773 0.185773 
4 -1 0.595201 0.595201 43.6001 -3.28444 3.3865 3.3865 -5.34919 5.34919 0.739054 -1.47251 -2.00102 2.00102 -3.30539 2.26543 2.26543 1.5341 -0.253338 0.253338 -0.670092 -0.182709 0.182709 
4 -1 0.60067 0.60067 43.3731 -3.27704 3.38687 3.38687 -5.35357 5.35357 0.736211 -1.46604 -2.00116 2.00116 -3.298 2.25472 2.25472 1.52718 -0.256903 0.256903 -0.666699 -0.180783 0.180783 
4 -1 0.610109 0.610109 42.9716 -3.26381 3.39169 3.39169 -5.35576 5.35576 0.735503 -1.44939 -2.00302 2.00302 -3.28542 2.23911 2.23911 1.51577 -0.263569 0.263569 -0.660361 -0.176496 0.176497 
3 -1 0.620829 0.620829 42.5522 -3.24884 3.3886 3.3886 -5.36525 5.36525 0.727462 -1.43872 -2.00372 2.00372 -3.27116 2.21994 2.21994 1.50248 -0.268496 0.268496 -0.653213 -0.173139 0.173139 
4 -1 0.643068 0.643068 41.7235 -3.21894 3.39703 3.39703 -5.37627 5.37627 0.721188 -1.40631 -2.00801 2.00801 -3.24234 2.18118 2.18118 1.47583 -0.283817 0.283817 -0.637162 -0.165094 0.165094 
4 -1 0.655863 0.655863 41.2499 -3.20452 3.39556 3.39556 -5.39045 5.39045 0.71015 -1.39511 -2.00841 2.00841 -3.22622 2.15562 2.15562 1.45921 -0.286775 0.286775 -0.629339 -0.16297 0.16297 
4 -1 0.671915 0.671915 40.7006 -3.18518 3.40091 3.40091 -5.39698 5.39698 0.703986 -1.36734 -2.01445 2.01445 -3.20661 2.13294 2.13294 1.4412 -0.295519 0.295519 -0.618134 -0.156969 0.156969 
4 -1 0.685716 0.685716 40.2473 -3.16852 3.40172 3.40172 -5.40511 5.40511 0.696122 -1.3468 -2.01922 2.01922 -3.18981 2.1141 2.1141 1.42579 -0.302279 0.302279 -0.609547 -0.151988 0.151988 
4 -1 0.699154 0.699154 39.7841 -3.14677 3.40207 3.40207 -5.40804 5.40804 0.692188 -1.3288 -2.02483 2.02483 -3.17221 2.09408 2.09408 1.41042 -0.307354 0.307354 -0.60134 -0.148575 0.148575 
3 -1 0.712486 0.712486 39.3761 -3.12982 3.40058 3.40058 -5.41751 5.41751 0.685732 -1.31483 -2.02532 2.02532 -3.15584 2.075 2.075 1.39518 -0.311809 0.31181 -0.594571 -0.145225 0.145226 
4 -1 0.731416 0.731416 38.8122 -3.10723 3.39617 3.39617 -5.43342 5.43342 0.673621 -1.29673 -2.02484 2.02484 -3.13265 2.04831 2.04831 1.37397 -0.316556 0.316556 -0.586215 -0.141325 0.141325 
4 -1 0.746666 0.746666 38.3461 -3.0939 3.38113 3.38113 -5.46012 5.46012 0.645984 -1.29224 -2.02351 2.02351 -3.11451 2.0249 2.0249 1.356 -0.31746 0.31746 -0.580565 -0.138349 0.138349 
4 -1 0.762895 0.762895 37.8764 -3.07603 3.3779 3.3779 -5.47485 5.47485 0.635866 -1.27831 -2.02231 2.02231 -3.09491 2.00247 2.00247 1.33933 -0.321676 0.321676 -0.574083 -0.134684 0.134684 
3 -1 0.778463 0.778463 37.4436 -3.05862 3.37784 3.37784 -5.48639 5.48639 0.62928 -1.26195 -2.02181 2.02181 -3.07637 1.98192 1.98192 1.32393 -0.326392 0.326392 -0.567735 -0.131099 0.131099 
3 -1 0.795004 0.795004 37.0009 -3.03873 3.37831 3.37831 -5.49578 5.49578 0.625885 -1.24266 -2.02177 2.02177 -3.05775 1.96155 1.96155 1.30602 -0.329639 0.329639 -0.560135 -0.128534 0.128534 
3 -1 0.812631 0.812631 36.5539 -3.01843 3.3777 3.3777 -5.50719 5.50719 0.61933 -1.22421 -2.02218 2.02218 -3.03761 1.94039 1.94039 1.28954 -0.333563 0.333563 -0.551546 -0.124986 0.124986 
4 -1 0.846634 0.846634 35.7523 -2.97929 3.35909 3.35909 -5.53785 5.53785 0.594407 -1.20079 -2.02421 2.02421 -2.99961 1.903 1.903 1.25809 -0.335805 0.335805 -0.534822 -0.119659 0.119659 
4 -1 0.864993 0.864993 35.3213 -2.95948 3.369 3.369 -5.53772 5.53772 0.591882 -1.17528 -2.02699 2.02699 -2.97963 1.88346 1.88346 1.24436 -0.338051 0.338051 -0.52413 -0.117339 0.117339 
4 -1 0.883896 0.883896 34.8897 -2.94087 3.36754 3.36754 -5.55053 5.55053 0.581831 -1.15727 -2.02861 2.02861 -2.9596 1.86331 1.86331 1.22767 -0.341259 0.341259 -0.51499 -0.114026 0.114026 
4 -1 0.901628 0.901628 34.4998 -2.92387 3.36649 3.36649 -5.56266 5.56266 0.573716 -1.13994 -2.02966 2.02966 -2.94108 1.84496 1.84496 1.21198 -0.344154 0.344154 -0.507116 -0.110951 0.110951 
4 -1 0.91936 0.91936 34.1439 -2.90792 3.35594 3.35594 -5.58586 5.58586 0.559881 -1.12677 -2.03116 2.03116 -2.92236 1.82546 1.82546 1.19454 -0.346929 0.346929 -0.501774 -0.108058 0.108058 
4 -1 0.938414 0.938414 33.7528 -2.88956 3.3553 3.3553 -5.59966 5.59966 0.553629 -1.10922 -2.03069 2.03069 -2.90285 1.80581 1.80581 1.17799 -0.349929 0.349929 -0.494852 -0.10497 0.10497 
3 -1 0.96425 0.96425 33.2399 -2.86349 3.34449 3.34449 -5.62128 5.62128 0.539878 -1.09409 -2.02796 2.02796 -2.87658 1.78188 1.78188 1.15672 -0.350376 0.350376 -0.485923 -0.101606 0.101606 
4 -1 0.6 0.6 43.4 -3.2761 3.4726 3.4726 -5.29651 5.29651 0.800749 -1.40011 -2.01421 2.01421 -3.29918 2.25137 2.25137 1.53256 -0.286735 0.286735 -0.662091 -0.171526 0.171526 
4 -1 0.600626 0.600626 43.3656 -3.27499 3.47319 3.47319 -5.29637 5.29637 0.801196 -1.39282 -2.01729 2.01729 -3.29779 2.25159 2.25159 1.53091 -0.289777 0.289777 -0.660869 -0.170117 0.170117 
4 -1 0.605633 0.605633 43.161 -3.26789 3.47363 3.47363 -5.29931 5.29931 0.798884 -1.3857 -2.01795 2.01795 -3.29103 2.24257 2.24257 1.52452 -0.292335 0.292335 -0.657753 -0.168377 0.168377 
4 -1 0.607399 0.607399 43.078 -3.26909 3.47087 3.47087 -5.30729 5.30729 0.793489 -1.39351 -2.01029 2.01029 -3.2902 2.23606 2.23606 1.52232 -0.288731 0.288731 -0.659943 -0.171271 0.171271 
4 -1 0.614562 0.614562 42.7928 -3.25846 3.46774 3.46774 -5.31378 5.31378 0.787792 -1.38697 -2.0106 2.0106 -3.28051 2.22379 2.22379 1.51358 -0.291887 0.291887 -0.65537 -0.169108 0.169108 
4 -1 0.616147 0.616147 42.7317 -3.2561 3.46541 3.46541 -5.31594 5.31594 0.785321 -1.38677 -2.01048 2.01048 -3.27834 2.22133 2.22133 1.51167 -0.291545 0.291545 -0.654327 -0.168943 0.168943 
4 -1 0.618604 0.618604 42.6462 -3.24886 3.46783 3.46783 -5.30983 5.30983 0.78555 -1.38007 -2.01702 2.01702 -3.27404 2.21963 2.21963 1.50992 -0.293582 0.293582 -0.649056 -0.165132 0.165132 
4 -1 0.628159 0.628159 42.2772 -3.23652 3.4663 3.46629 -5.31817 5.31817 0.777892 -1.3693 -2.0178 2.0178 -3.26171 2.20288 2.20288 1.49797 -0.297528 0.297528 -0.642619 -0.16239 0.16239 
4 -1 0.631543 0.631543 42.1493 -3.23225 3.46516 3.46516 -5.32149 5.32149 0.774705 -1.36595 -2.01807 2.01807 -3.25738 2.19713 2.19713 1.49375 -0.298644 0.298644 -0.640361 -0.161505 0.161505 
4 -1 0.629338 0.629338 42.2475 -3.23578 3.46346 3.46347 -5.32288 5.32288 0.774602 -1.3725 -2.01504 2.01504 -3.26036 2.19937 2.19937 1.49627 -0.297016 0.297016 -0.643251 -0.163889 0.163889 
4 -1 0.637247 0.637247 41.9498 -3.22546 3.46561 3.46561 -5.32674 5.32674 0.770972 -1.36019 -2.01665 2.01665 -3.25037 2.18633 2.18633 1.487 -0.301217 0.301217 -0.637094 -0.161357 0.161357 
4 -1 0.64894 0.64894 41.5176 -3.21076 3.46621 3.46621 -5.33457 5.33457 0.763296 -1.34406 -2.01926 2.01926 -3.23571 2.16728 2.16728 1.47306 -0.306522 0.306522 -0.6284 -0.157876 0.157876 
4 -1 0.662686 0.662686 41.0164 -3.19504 3.45869 3.45869 -5.35182 5.35182 0.749976 -1.33264 -2.02123 2.02123 -3.21864 2.14586 2.14586 1.45589 -0.312256 0.312256 -0.620729 -0.152996 0.152996 
4 -1 0.676599 0.676599 40.5381 -3.17896 3.45299 3.45299 -5.36688 5.36688 0.737279 -1.31886 -2.02388 2.02388 -3.20137 2.12401 2.12401 1.43851 -0.316798 0.316798 -0.612791 -0.149455 0.149455 
4 -1 0.69011 0.69011 40.0895 -3.16334 3.44618 3.44618 -5.3822 5.3822 0.724695 -1.30715 -2.0259 2.0259 -3.18463 2.10312 2.10312 1.42154 -0.320284 0.320284 -0.605833 -0.146325 0.146325 
4 -1 0.704271 0.704271 39.65 -3.14586 3.43641 3.43641 -5.39788 5.39788 0.709874 -1.29718 -2.02744 2.02744 -3.16712 2.08176 2.08176 1.40443 -0.321189 0.321189 -0.59951 -0.143479 0.143479 
4 -1 0.669481 0.669481 40.793 -3.18801 3.41865 3.41865 -5.38334 5.38334 0.718453 -1.35486 -2.01774 2.01774 -3.20997 2.13682 2.13682 1.44488 -0.300998 0.300998 -0.619528 -0.154599 0.154599 
