2 1 0.1 0.4 0 -4.05885 6.19741 6.19741 -3.24692e-16 -7.05044e-17 3.92067 -9.50752e-19 -2.25942e-16 -6.24008e-17 -4.05885 6.19741 6.19741 3.92067 -1.68085e-17 -3.49395e-16 1.4868e-19 -2.43733e-16 -7.35872e-17 
1 1 0.102953 0.4 91.8753 -4.04774 6.18063 6.18063 -1.4703e-16 -2.57658e-16 3.91022 1.62254e-18 -1.24223e-16 -1.04081e-15 -4.04774 6.18063 6.18063 3.91022 -2.57658e-16 -1.4703e-16 1.62254e-18 -1.24223e-16 -1.04081e-15 
1 1 0.105922 0.4 90.5023 -4.03663 6.16385 6.16385 -2.7585e-16 3.08308e-15 3.89977 -9.49504e-18 -2.38174e-16 1.9677e-15 -4.03663 6.16385 6.16385 3.89977 3.08308e-15 -2.7585e-16 -9.49504e-18 -2.38174e-16 1.9677e-15 
1 1 0.111907 0.4 87.9248 -4.01441 6.1303 6.1303 4.3873e-16 -1.03454e-14 3.87886 8.18503e-18 2.84598e-16 -6.80286e-15 -4.01441 6.1303 6.1303 3.87886 -1.03454e-14 4.3873e-16 8.18503e-18 2.84598e-16 -6.80286e-15 
1 1 0.124074 0.4 83.3486 -3.96997 6.06321 6.06321 -4.79784e-16 8.99082e-15 3.83704 -3.84177e-19 -3.24649e-16 4.95462e-15 -3.96997 6.06321 6.06321 3.83704 8.99082e-15 -4.79784e-16 -3.84177e-19 -3.24649e-16 4.95462e-15 
1 1 0.14283 0.4 77.6254 -3.90334 5.96259 5.96259 -3.84077e-16 7.89956e-15 3.77431 8.43534e-18 -2.25369e-16 5.28219e-15 -3.90334 5.96259 5.96259 3.77431 7.89956e-15 -3.84077e-16 8.43534e-18 -2.25369e-16 5.28219e-15 
1 1 0.172164 0.4 70.8923 -3.80342 5.8117 5.8117 -3.7728e-16 9.40807e-15 3.68022 -1.3666e-17 -2.54294e-16 4.62279e-15 -3.80342 5.8117 5.8117 3.68022 9.40807e-15 -3.7728e-16 -1.3666e-17 -2.54294e-16 4.62279e-15 
1 1 0.215481 0.4 64.0516 -3.66474 5.60224 5.60224 3.01649e-16 5.0136e-14 3.54952 -8.15202e-17 1.46879e-16 3.59105e-14 -3.66474 5.60224 5.60224 3.54952 5.0136e-14 3.01649e-16 -8.15202e-17 1.46879e-16 3.59105e-14 
1 1 0.262099 0.4 59.254 -3.52616 5.39292 5.39292 7.6293e-17 3.91084e-14 3.41884 1.99954e-17 9.82309e-17 1.78487e-14 -3.52616 5.39292 5.39292 3.41884 3.91084e-14 7.6293e-17 1.99954e-17 9.82309e-17 1.78487e-14 
1 1 0.291521 0.4 57.1764 -3.44393 5.26871 5.26871 -2.91466e-16 -1.63588e-15 3.34126 1.57315e-17 -2.71455e-16 4.14103e-16 -3.44393 5.26871 5.26871 3.34126 -1.63588e-15 -2.91466e-16 1.57315e-17 -2.71455e-16 4.14103e-16 
2 1 0.344192 0.4 54.9011 -3.30555 5.05966 5.05966 -2.98291e-16 -3.13971e-14 3.21065 -1.62393e-17 -1.97441e-16 -1.53679e-14 -3.30555 5.05966 5.05966 3.21065 -3.13971e-14 -2.98291e-16 -1.62393e-17 -1.97441e-16 -1.53679e-14 
2 1 0.401312 0.4 54.3492 -3.16731 4.85083 4.85083 7.7204e-16 1.06417e-14 3.08013 -8.57671e-17 9.97487e-16 1.63498e-14 -3.16731 4.85083 4.85083 3.08013 1.06417e-14 7.7204e-16 -8.57671e-17 9.97487e-16 1.63498e-14 
2 1 0.463419 0.4 56.4556 -3.02923 4.64226 4.64226 -2.1628e-15 -3.1142e-14 2.94972 1.70892e-16 -1.20288e-15 -1.83095e-14 -3.02923 4.64226 4.64226 2.94972 -3.1142e-14 -2.1628e-15 1.70892e-16 -1.20288e-15 -1.83095e-14 
2 1 0.531173 0.4 64.7951 -2.89135 4.43402 4.43402 3.25967e-15 -7.65652e-15 2.81948 3.86178e-17 2.16001e-15 -5.26413e-14 -2.89135 4.43402 4.43402 2.81948 -7.65652e-15 3.25967e-15 3.86178e-17 2.16001e-15 -5.26413e-14 
2 1 0.605344 0.4 109.408 -2.75371 4.22618 4.22618 -1.28242e-15 -5.91552e-14 2.68945 1.48751e-15 2.80349e-16 -7.70621e-15 -2.75371 4.22618 4.22618 2.68945 -5.91552e-14 -1.28242e-15 1.48751e-15 2.80349e-16 -7.70621e-15 
2 1 0.686844 0.4 127.417 -2.61636 4.01883 4.01883 4.21236e-15 -1.79527e-13 2.55972 -3.76799e-16 2.45539e-15 -8.92713e-14 -2.61636 4.01883 4.01883 2.55972 -1.79527e-13 4.21236e-15 -3.76799e-16 2.45539e-15 -8.92713e-14 
2 1 0.776747 0.4 48.7993 -2.47939 3.81211 3.81211 5.81708e-16 -2.10914e-13 2.43037 -9.73565e-18 -5.62294e-17 -8.67835e-14 -2.47939 3.81211 3.81211 2.43037 -2.10914e-13 5.81708e-16 -9.73565e-18 -5.62294e-17 -8.67835e-14 
2 1 0.876331 0.4 36.2257 -2.3429 3.60619 3.60619 -2.82481e-15 -3.52418e-13 2.30152 2.20812e-15 5.43687e-16 -1.07402e-13 -2.3429 3.60619 3.60619 2.30152 -3.52418e-13 -2.82481e-15 2.20812e-15 5.43687e-16 -1.07402e-13 
2 1 0.987114 0.4 30.5288 -2.20704 3.40128 3.40128 -2.19013e-15 -8.26376e-13 2.17332 -2.53116e-15 3.84243e-16 -5.93686e-13 -2.20704 3.40128 3.40128 2.17332 -8.26376e-13 -2.19013e-15 -2.53116e-15 3.84243e-16 -5.93686e-13 
2 1 1.11089 0.4 27.2702 -2.07203 3.1977 3.1977 -5.7067e-16 1.00364e-12 2.04598 1.94854e-15 -1.14641e-15 3.95968e-13 -2.07203 3.1977 3.1977 2.04598 1.00364e-12 -5.7067e-16 1.94854e-15 -1.14641e-15 3.95968e-13 
2 1 1.24979 0.4 25.1848 -1.93812 2.99584 2.99584 -2.394e-14 2.1468e-12 1.91977 -3.23756e-15 -1.42082e-14 1.25458e-12 -1.93812 2.99584 2.99584 1.91977 2.1468e-12 -2.394e-14 -3.23756e-15 -1.42082e-14 1.25458e-12 
2 1 1.40624 0.4 23.7469 -1.8057 2.79625 2.79625 -4.66985e-15 9.33667e-14 1.79505 7.77766e-18 -8.02407e-16 -2.82193e-13 -1.8057 2.79625 2.79625 1.79505 9.33667e-14 -4.66985e-15 7.77766e-18 -8.02407e-16 -2.82193e-13 
2 1 1.58305 0.4 22.6898 -1.67525 2.59967 2.59967 1.53287e-14 5.36831e-12 1.67232 2.11378e-15 9.55773e-15 2.60614e-12 -1.67525 2.59967 2.59967 1.67232 5.36831e-12 1.53287e-14 2.11378e-15 9.55773e-15 2.60614e-12 
2 1 1.58497 0.4 22.68 -1.67401 2.5978 2.5978 7.00641e-15 6.01501e-13 1.67115 -4.65227e-16 3.90479e-15 4.22319e-13 -1.67401 2.5978 2.5978 1.67115 6.01501e-13 7.00641e-15 -4.65227e-16 3.90479e-15 4.22319e-13 
2 1 1.7853 0.4 4.02205e+11 -1.5462 2.40525 2.40525 1.30137e-15 4.49555e-14 1.55107 -6.44481e-17 -2.09877e-16 1.58531e-14 -1.5462 2.40525 2.40525 1.55107 4.49555e-14 1.30137e-15 -6.44481e-17 -2.09877e-16 1.58531e-14 
2 1 2.0123 0.4 19.8209 -1.42184 2.21794 2.21794 6.75267e-17 6.66445e-15 1.43441 -6.11311e-18 3.50436e-17 2.70832e-15 -1.42184 2.21794 2.21794 1.43441 6.66445e-15 6.75267e-17 -6.11311e-18 3.50436e-17 2.70832e-15 
4 -2 0.291496 0.291496 57.1764 -3.44393 5.26871 5.26871 -2.91466e-16 -1.63588e-15 3.34126 1.57315e-17 -2.71455e-16 4.14103e-16 -3.44393 5.26871 5.26871 3.34126 -1.63588e-15 -2.91466e-16 1.57315e-17 -2.71455e-16 4.14103e-16 
4 -2 0.264185 0.264185 60.9278 -3.52038 5.38376 5.38435 0.014952 7.14103e-11 3.41313 -1.19066e-13 0.0101412 4.7885e-11 -3.52035 5.38371 5.38436 3.41314 8.52669e-12 -0.00305647 -4.90587e-14 -0.00207693 5.82952e-12 
4 -2 0.262055 0.262055 61.2566 -3.52648 5.39294 5.39358 0.0155132 -1.32105e-13 3.41887 -2.7515e-17 0.01053 -9.3669e-14 -3.52645 5.39289 5.39359 3.41888 2.32232e-14 -0.00316841 3.90692e-18 -0.0021549 1.73754e-14 
4 -2 0.258876 0.258876 61.7585 -3.53562 5.4067 5.40742 0.0163114 5.75193e-16 3.42746 -7.8269e-18 0.0110845 2.00651e-16 -3.5356 5.40665 5.40743 3.42748 3.85647e-16 -0.003329 -2.34884e-18 -0.00226705 1.02255e-16 
4 -2 0.254136 0.254136 62.5319 -3.54935 5.42734 5.42818 0.0174378 -1.56819e-15 3.44036 -2.78904e-18 0.0118702 -1.07503e-15 -3.54932 5.42729 5.42819 3.44037 5.88208e-17 -0.00354972 -1.98667e-18 -0.00242195 -5.96e-17 
4 -2 0.247093 0.247093 63.7401 -3.56994 5.45831 5.45934 0.0189931 2.62552e-15 3.4597 4.29195e-18 0.0129614 1.74943e-15 -3.5699 5.45825 5.45934 3.45972 -4.55562e-16 -0.00384833 1.35249e-17 -0.00263285 -4.1935e-16 
4 -2 0.236674 0.236674 65.668 -3.60083 5.50476 5.50609 0.021106 6.17141e-15 3.48872 3.76152e-17 0.014456 4.68609e-15 -3.60078 5.50469 5.50607 3.48875 1.57722e-16 -0.00423823 3.58741e-17 -0.00291066 1.28565e-16 
4 -2 0.221367 0.221367 68.8484 -3.64719 5.57442 5.57626 0.0239525 -4.74734e-15 3.53225 -1.47463e-17 0.0164912 -3.13272e-15 -3.64711 5.57436 5.5762 3.53228 3.45498e-15 -0.00472135 -8.70427e-17 -0.0032588 2.30049e-15 
4 -2 0.199104 0.199104 74.3931 -3.71676 5.67888 5.6816 0.0278404 -1.65359e-14 3.59752 -3.09046e-16 0.0193051 -1.14697e-14 -3.71665 5.67886 5.68144 3.59757 1.89907e-15 -0.00525972 -2.82679e-16 -0.00365146 1.07258e-15 
4 -2 0.175538 0.175538 81.8902 -3.79335 5.7937 5.79762 0.031998 1.45591e-13 3.66929 3.30735e-15 0.0223383 9.20028e-14 -3.79316 5.79377 5.79726 3.66937 -3.62455e-14 -0.005598 4.38891e-15 -0.00389884 -2.05848e-14 
4 -2 0.233629 0.233629 66.2659 -3.60996 5.51848 5.51991 0.0216874 1.0722e-14 3.4973 6.18124e-17 0.0148698 7.12104e-15 -3.60991 5.51842 5.51989 3.49732 -5.61902e-16 -0.00434553 6.37083e-17 -0.0029875 -3.37112e-16 
4 -2 0.189136 0.189136 77.3221 -3.74877 5.7269 5.73009 0.0295652 -1.88745e-14 3.62753 -4.63415e-16 0.0205621 -1.29196e-14 -3.74863 5.72691 5.72986 3.62759 1.5863e-15 -0.00543959 -3.8395e-16 -0.0037832 1.00921e-15 
4 -2 0.245944 0.245944 63.9443 -3.57332 5.46339 5.46446 0.0192358 4.36818e-15 3.46288 1.59378e-17 0.0131324 3.49874e-15 -3.57328 5.46333 5.46446 3.4629 1.69386e-16 -0.00389421 1.79472e-17 -0.0026654 1.33144e-16 
4 -2 0.200574 0.200574 73.9871 -3.71209 5.67186 5.67452 0.027587 -1.00279e-14 3.59314 -1.77571e-16 0.0191207 -7.23249e-15 -3.71197 5.67184 5.67437 3.59319 2.45488e-15 -0.00522982 -1.89766e-16 -0.00362957 1.61691e-15 
4 -2 0.159601 0.159601 88.3189 -3.84696 5.87395 5.87889 0.0350705 -1.93795e-11 3.71946 -8.03949e-13 0.024579 -1.31086e-11 -3.84671 5.87412 5.87832 3.71956 1.787e-12 -0.00564445 -7.4587e-13 -0.0039286 1.04628e-12 
4 -2 0.120305 0.120305 112.06 -3.98616 6.08116 6.09023 0.0463924 8.37844e-15 3.84917 1.13954e-15 0.0326706 1.10201e-14 -3.98557 6.08183 6.08865 3.84937 6.04593e-15 -0.0048615 5.32105e-16 -0.00326697 4.69412e-15 
4 -2 0.111009 0.111009 119.105 -4.02112 6.13184 6.14373 0.0548392 3.03263e-14 3.88108 5.11926e-15 0.0384724 1.98838e-14 -4.02023 6.13286 6.14135 3.88136 4.95627e-14 -0.00538758 -8.31876e-16 -0.00348512 3.33227e-14 
4 -2 0.110474 0.110474 119.283 -4.02329 6.13467 6.14714 0.0567194 3.18295e-15 3.8829 1.0539e-15 0.0397395 3.40227e-15 -4.02232 6.13576 6.14458 3.8832 1.58246e-14 -0.00571609 -2.50686e-16 -0.00367898 1.08882e-14 
4 -2 0.110256 0.110256 119.165 -4.0243 6.13573 6.14879 0.0586831 4.63143e-14 3.88362 7.0962e-15 0.0410551 2.41344e-14 -4.02325 6.1369 6.14605 3.88394 5.26594e-14 -0.00610585 -3.19663e-16 -0.00391327 3.54959e-14 
4 -2 0.110246 0.110246 119.029 -4.02443 6.13571 6.14905 0.0596165 -4.05119e-14 3.88364 -6.62559e-15 0.0416778 -2.58521e-14 -4.02334 6.13691 6.14622 3.88396 -4.53566e-14 -0.00630138 3.38705e-16 -0.00403154 -3.06984e-14 
4 -2 0.110409 0.110409 118.547 -4.02405 6.13462 6.14864 0.0619412 2.35316e-12 3.88302 4.40347e-13 0.0432216 1.51094e-12 -4.02287 6.1359 6.14558 3.88337 3.53018e-12 -0.00679752 -3.12741e-14 -0.00433185 2.40262e-12 
4 -2 0.11103 0.11103 117.535 -4.02212 6.13087 6.14596 0.0656684 -2.79021e-13 3.88079 -4.99156e-14 0.0456769 -1.43832e-13 -4.02078 6.13229 6.14254 3.88117 -3.90475e-13 -0.00762928 4.4142e-15 -0.00483546 -2.65945e-13 
4 -2 0.112029 0.112029 116.229 -4.01887 6.12496 6.14132 0.0701937 -7.26781e-14 3.87724 -1.26844e-14 0.0486262 -4.34036e-14 -4.01733 6.12655 6.13745 3.87765 -7.51716e-14 -0.00861783 4.91251e-15 -0.00542686 -4.84578e-14 
4 -2 0.113517 0.113517 114.496 -4.01405 6.11621 6.13439 0.07699 -5.32908e-15 3.87196 -1.20281e-15 0.0529911 -3.1174e-15 -4.01219 6.11803 6.12985 3.87242 -5.27693e-15 -0.00999999 -3.04469e-17 -0.00623234 -3.64734e-15 
4 -2 0.115621 0.115621 112.19 -4.00756 6.10372 6.12515 0.0901634 1.58698e-13 3.8645 4.61515e-14 0.0612265 9.4813e-14 -4.00509 6.10596 6.11938 3.86502 3.71051e-13 -0.0123438 -1.29386e-14 -0.00752518 2.45063e-13 
4 -2 0.114766 0.114766 113.117 -4.01013 6.10882 6.1288 0.084044 -2.7643e-14 3.86753 -6.33031e-15 0.0574384 -1.35588e-14 -4.00794 6.11088 6.12358 3.86803 -4.1196e-14 -0.0112973 1.30209e-15 -0.0069592 -2.64293e-14 
4 -2 0.121139 0.121139 107.343 -3.98968 6.0721 6.09866 0.121249 2.96865e-14 3.84524 -4.14369e-16 0.0795381 1.14556e-15 -3.98622 6.07472 6.0913 3.84578 1.91843e-15 -0.0181229 2.04739e-15 -0.0106314 1.99835e-15 
4 -2 0.129985 0.129985 100.682 -3.95959 6.02288 6.05266 0.187788 2.39196e-14 3.81454 2.33375e-15 0.11575 1.49437e-14 -3.95566 6.02493 6.04578 3.81511 2.054e-14 -0.0298062 6.73183e-16 -0.0168946 1.41269e-14 
4 -2 0.130404 0.130404 100.254 -3.95817 6.02017 6.05054 0.203676 3.45873e-15 3.81291 1.36731e-16 0.124141 1.45576e-15 -3.95422 6.02229 6.04368 3.81352 1.54436e-15 -0.0321204 -1.21857e-17 -0.0182014 1.39118e-15 
4 -2 0.128892 0.128892 101.097 -3.96331 6.02729 6.05855 0.231615 3.96603e-13 3.81757 -1.03026e-15 0.138932 2.44584e-13 -3.95946 6.02994 6.0515 3.81827 3.96286e-13 -0.0347449 1.23988e-14 -0.0198829 2.50247e-13 
4 -2 0.127775 0.127775 101.829 -3.96688 6.03234 6.06432 0.251755 -7.25486e-15 3.82097 -2.37795e-17 0.14977 -8.99129e-15 -3.96322 6.03572 6.05694 3.8218 1.21009e-13 -0.0366082 1.65329e-15 -0.0213225 8.14711e-14 
4 -2 0.129637 0.129637 100.541 -3.95888 6.02063 6.053 0.282669 -2.90499e-14 3.81402 3.10601e-15 0.166946 -1.79787e-14 -3.95626 6.025 6.04628 3.81503 1.10068e-14 -0.0427023 -2.66077e-16 -0.0257361 7.71165e-15 
4 -2 0.125871 0.125871 102.978 -3.96495 6.04064 6.05902 0.372078 4.61541e-14 3.82498 -3.31502e-15 0.223047 2.84559e-14 -3.97037 6.04201 6.06788 3.8258 1.82332e-14 -0.0519855 -2.67859e-16 -0.0327901 1.08856e-14 
4 -2 0.126934 0.126934 102.06 -3.97149 6.01944 6.06681 0.618983 -2.62246e-14 3.81029 -3.43861e-15 0.376281 -2.45236e-14 -3.9667 6.02539 6.0609 3.81463 -1.3904e-14 -0.0893574 -6.43276e-16 -0.0545935 -8.87626e-15 
4 -2 0.12759 0.12759 101.774 -3.96473 5.9942 6.052 0.880771 -5.14069e-16 3.7914 -2.05511e-16 0.538737 -1.15977e-15 -3.96466 6.00301 6.05632 3.80003 -1.21528e-15 -0.128376 8.65823e-17 -0.0786278 -7.77302e-16 
4 -2 0.127574 0.127574 101.789 -3.9654 5.99358 6.05284 0.887658 1.6682e-14 3.79087 3.901e-15 0.543018 1.63902e-14 -3.96478 6.00254 6.05644 3.79971 4.4497e-15 -0.129278 5.01868e-16 -0.079135 3.45313e-15 
4 -1 0.221367 0.221367 96.4 -3.76432 2.68872 2.94008 -4.76683 -5.84886 1.20184 2.96652 -1.308 -1.45766 -3.76431 2.12734 4.03438 0.928903 0.0502408 -3.91309 0.345062 -1.82517 0.220829 
3 -1 0.221892 0.221892 96.1926 -3.76292 2.70117 2.90507 -4.7569 -5.8669 1.19896 2.97255 -1.286 -1.46808 -3.76318 2.12026 4.02438 0.924455 0.0304643 -3.91566 0.354018 -1.8215 0.215458 
3 -1 0.222949 0.222949 96.0501 -3.76063 2.68219 2.88891 -4.76136 -5.87944 1.19086 2.98245 -1.27895 -1.45972 -3.76091 2.10172 4.01185 0.913469 0.031174 -3.91504 0.354145 -1.81772 0.216532 
3 -1 0.223539 0.223539 95.9808 -3.75936 2.67071 2.87973 -4.76415 -5.88657 1.18623 2.98831 -1.27496 -1.45437 -3.75969 2.09055 4.00454 0.906967 0.0312139 -3.91506 0.354384 -1.81559 0.21721 
4 -1 0.224325 0.224325 95.9122 -3.75777 2.65341 2.86643 -4.76878 -5.89675 1.17961 2.99699 -1.26932 -1.44596 -3.75809 2.07337 3.99407 0.897053 0.0304486 -3.91597 0.355106 -1.81279 0.218284 
4 -1 0.225236 0.225236 95.9051 -3.75622 2.62656 2.84756 -4.77748 -5.91052 1.17046 3.00985 -1.26194 -1.43217 -3.75637 2.04649 3.97983 0.881574 0.0272536 -3.91972 0.357149 -1.80963 0.220094 
4 -1 0.226166 0.226166 96.0447 -3.75474 2.58219 2.81573 -4.79434 -5.93136 1.15512 3.03054 -1.25069 -1.40933 -3.7549 2.00615 3.96054 0.858734 0.0195412 -3.92875 0.361259 -1.80622 0.222568 
3 -1 0.227821 0.227821 96.1772 -3.75086 2.51495 2.76364 -4.81782 -5.96511 1.12661 3.061 -1.23274 -1.3763 -3.75179 1.94615 3.92994 0.824695 0.0102439 -3.93965 0.366047 -1.80034 0.225454 
3 -1 0.231164 0.231164 95.851 -3.74544 2.44906 2.70812 -4.8334 -6.00592 1.10188 3.09289 -1.2071 -1.34315 -3.74522 1.88294 3.88989 0.789017 0.00854388 -3.93874 0.367517 -1.78753 0.228794 
4 -1 0.236292 0.236292 95.3766 -3.73462 2.35514 2.61466 -4.85 -6.07038 1.06523 3.13806 -1.16417 -1.29973 -3.73507 1.79178 3.83075 0.738929 0.00859109 -3.93518 0.367531 -1.76851 0.230958 
4 -1 0.239846 0.239846 95.5817 -3.72963 2.23077 2.52848 -4.88117 -6.12879 1.02736 3.18875 -1.12719 -1.23076 -3.72885 1.67923 3.77284 0.678176 -0.0110925 -3.94942 0.376552 -1.75288 0.237997 
4 -1 0.246134 0.246134 95.0814 -3.71553 2.1056 2.42164 -4.90177 -6.19691 0.982017 3.23821 -1.08148 -1.16639 -3.7162 1.56431 3.69959 0.616727 -0.0159643 -3.94358 0.378239 -1.72779 0.242524 
4 -1 0.25254 0.25254 94.8601 -3.70406 1.94998 2.30321 -4.92533 -6.27187 0.935995 3.29572 -1.02457 -1.0798 -3.70487 1.43588 3.623 0.551076 -0.0322226 -3.94195 0.383828 -1.69918 0.25016 
3 -1 0.259677 0.259677 94.5468 -3.69177 1.79215 2.18225 -4.94341 -6.34699 0.895517 3.34865 -0.966467 -0.988179 -3.69087 1.29352 3.53755 0.479402 -0.0481206 -3.93621 0.388746 -1.66796 0.257787 
4 -1 0.266971 0.266971 94.4191 -3.67664 1.62293 2.05454 -4.95653 -6.41993 0.851914 3.39932 -0.907439 -0.888614 -3.67817 1.15546 3.45467 0.413251 -0.0675589 -3.92875 0.392998 -1.63433 0.264031 
4 -1 0.275514 0.275514 94.1385 -3.66068 1.4375 1.91885 -4.96237 -6.49728 0.811543 3.44778 -0.83991 -0.776158 -3.66211 1.00067 3.36065 0.340622 -0.0893007 -3.9147 0.397319 -1.5949 0.273383 
3 -1 0.28636 0.28636 93.6831 -3.64077 1.23282 1.76708 -4.958 -6.58046 0.772117 3.49437 -0.763894 -0.647925 -3.64271 0.836809 3.25556 0.268187 -0.112196 -3.88929 0.399496 -1.54685 0.281541 
4 -1 0.296567 0.296567 93.7526 -3.62166 0.992466 1.6141 -4.94478 -6.6588 0.734546 3.53562 -0.687737 -0.492654 -3.62488 0.650276 3.1475 0.189213 -0.153778 -3.86875 0.406797 -1.49559 0.295445 
4 -1 0.310217 0.310217 93.5338 -3.59788 0.726192 1.43328 -4.91421 -6.74608 0.700993 3.57004 -0.596086 -0.315734 -3.60132 0.453996 3.02453 0.112568 -0.195033 -3.83029 0.409692 -1.43303 0.307517 
4 -1 0.324097 0.324097 93.7088 -3.57209 0.420632 1.26132 -4.86098 -6.8231 0.671684 3.58936 -0.508712 -0.106764 -3.57742 0.234002 2.89713 0.0307219 -0.255941 -3.78812 0.41624 -1.36438 0.327736 
4 -1 0.340081 0.340081 93.9202 -3.54359 0.0990709 1.07269 -4.77843 -6.90065 0.652146 3.59021 -0.414733 0.11827 -3.55063 0.0117197 2.76525 -0.0434394 -0.324247 -3.7321 0.420556 -1.28841 0.347636 
4 -1 0.353583 0.353583 94.8326 -3.51793 -0.217128 0.903466 -4.68423 -6.95139 0.640539 3.57128 -0.33503 0.347126 -3.52815 -0.215967 2.64908 -0.114208 -0.407045 -3.6783 0.426748 -1.21637 0.37144 
4 -1 0.36274 0.36274 96.7249 -3.49576 -0.55879 0.751142 -4.57255 -6.97094 0.635025 3.53075 -0.26654 0.596421 -3.51328 -0.445858 2.54994 -0.179631 -0.516456 -3.63138 0.43966 -1.14746 0.406485 
4 -1 0.369155 0.369155 99.2892 -3.47817 -0.877498 0.59764 -4.45445 -6.96977 0.638 3.47299 -0.203864 0.834985 -3.50297 -0.675701 2.4657 -0.237898 -0.637041 -3.582 0.45417 -1.08204 0.442272 
4 -1 0.369552 0.369552 102.939 -3.46748 -1.21088 0.470658 -4.33081 -6.93412 0.645689 3.39452 -0.156482 1.08453 -3.50159 -0.918199 2.40285 -0.298323 -0.775732 -3.53559 0.472762 -1.02233 0.492149 
4 -1 0.36954 0.36954 102.836 -3.46786 -1.20321 0.473913 -4.33404 -6.93523 0.645395 3.39662 -0.157735 1.07844 -3.50164 -0.911388 2.40452 -0.29667 -0.772163 -3.53718 0.47235 -1.024 0.490936 
4 -1 0.365404 0.365404 107.372 -3.46155 -1.51756 0.351587 -4.20912 -6.87823 0.658342 3.30578 -0.118447 1.31509 -3.50681 -1.16247 2.35863 -0.356518 -0.920374 -3.48751 0.492788 -0.968175 0.547379 
4 -1 0.358613 0.358613 112.556 -3.4616 -1.8256 0.231107 -4.07649 -6.81019 0.677755 3.19906 -0.0819422 1.54371 -3.51598 -1.41277 2.32316 -0.411416 -1.07603 -3.42982 0.513869 -0.914167 0.611022 
4 -1 0.345719 0.345719 118.989 -3.46895 -2.13349 0.135678 -3.94856 -6.7184 0.693498 3.07938 -0.0579683 1.7676 -3.53476 -1.68123 2.31286 -0.473936 -1.24304 -3.36579 0.534966 -0.86574 0.688952 
4 -1 0.330496 0.330496 126.213 -3.48271 -2.41766 0.0466201 -3.81526 -6.62807 0.715739 2.95203 -0.0371633 1.97067 -3.55751 -1.95111 2.31458 -0.535154 -1.41668 -3.28938 0.554594 -0.819328 0.774771 
4 -1 0.314338 0.314338 134.271 -3.49931 -2.70288 -0.0538383 -3.65972 -6.53979 0.739508 2.80857 -0.0106645 2.1694 -3.58112 -2.2231 2.31956 -0.590555 -1.59399 -3.19998 0.572487 -0.772195 0.866304 
4 -1 0.295687 0.295687 143.424 -3.52344 -2.972 -0.134116 -3.50941 -6.4506 0.765104 2.66115 0.00602975 2.35081 -3.60947 -2.50205 2.34028 -0.650897 -1.77667 -3.09335 0.58464 -0.726179 0.968384 
4 -1 0.277297 0.277297 153.236 -3.55116 -3.22471 -0.209433 -3.34494 -6.37397 0.790971 2.50579 0.0198354 2.51597 -3.63864 -2.77904 2.36782 -0.710373 -1.96423 -2.95985 0.588579 -0.676542 1.07749 
4 -1 0.258985 0.258985 164.228 -3.58005 -3.46119 -0.292309 -3.16897 -6.3042 0.821749 2.34499 0.0372678 2.66794 -3.66786 -3.0505 2.39526 -0.760123 -2.15466 -2.81383 0.590158 -0.625876 1.18905 
4 -1 0.241302 0.241302 176.318 -3.60735 -3.68789 -0.379356 -2.97709 -6.23671 0.855446 2.17668 0.0581631 2.80804 -3.69685 -3.31196 2.42252 -0.801646 -2.35213 -2.6509 0.586688 -0.573846 1.30666 
4 -1 0.224726 0.224726 189.184 -3.6363 -3.89682 -0.451339 -2.78317 -6.17662 0.890181 2.00872 0.0676655 2.93167 -3.72463 -3.56369 2.44879 -0.840306 -2.54983 -2.46152 0.572124 -0.516826 1.42877 
4 -1 0.207752 0.207752 204.311 -3.66804 -4.10494 -0.51835 -2.56486 -6.12035 0.920414 1.827 0.0767046 3.04881 -3.75417 -3.80914 2.47355 -0.868709 -2.76987 -2.258 0.552462 -0.459859 1.5659 
4 -1 0.191729 0.191729 221.304 -3.69964 -4.28939 -0.573863 -2.34514 -6.07349 0.947686 1.64968 0.0827958 3.14826 -3.78242 -4.03741 2.48984 -0.885428 -2.99688 -2.04772 0.528724 -0.40452 1.70852 
4 -1 0.177984 0.177984 239.388 -3.72905 -4.45903 -0.639377 -2.10826 -6.03031 0.983156 1.46588 0.0891134 3.2349 -3.80631 -4.24272 2.48074 -0.884839 -3.22507 -1.82542 0.49791 -0.345973 1.85427 
4 -1 0.16421 0.16421 260.982 -3.75629 -4.61599 -0.667077 -1.86509 -5.98944 1.00107 1.28328 0.085729 3.31168 -3.83137 -4.43384 2.46553 -0.872829 -3.47174 -1.6029 0.463659 -0.294119 2.01192 
4 -1 0.152365 0.152365 284.614 -3.78159 -4.75191 -0.731348 -1.62334 -5.9465 1.04081 1.10407 0.088187 3.36951 -3.85185 -4.59936 2.40727 -0.835007 -3.7305 -1.38689 0.428832 -0.24372 2.17862 
4 -1 0.142032 0.142032 310.856 -3.80552 -4.8709 -0.758915 -1.36925 -5.91511 1.06049 0.922528 0.0811487 3.41986 -3.86958 -4.74153 2.32914 -0.783992 -3.98283 -1.17377 0.38567 -0.196892 2.34309 
4 -1 0.133117 0.133117 340.283 -3.82383 -4.9706 -0.76504 -1.1238 -5.88197 1.06822 0.751337 0.0704934 3.45973 -3.8861 -4.85752 2.22447 -0.715123 -4.24374 -0.969055 0.336069 -0.156691 2.50998 
4 -1 0.126094 0.126094 371.618 -3.83609 -5.04622 -0.803886 -0.907306 -5.84186 1.09576 0.601466 0.0641559 3.48149 -3.89612 -4.94913 2.06561 -0.61649 -4.48994 -0.800133 0.295622 -0.122191 2.67071 
4 -1 0.12104 0.12104 402.874 -3.85133 -5.09674 -0.857629 -0.699399 -5.81925 1.131 0.461942 0.0566441 3.48861 -3.9019 -5.019 1.86713 -0.496894 -4.70757 -0.628098 0.242106 -0.0867599 2.81385 
4 -1 0.117149 0.117149 437.285 -3.8579 -5.14228 -0.934691 -0.572401 -5.76498 1.182 0.372213 0.0513131 3.48441 -3.90414 -5.06853 1.62139 -0.347248 -4.91677 -0.529015 0.219918 -0.0663978 2.94941 
4 -1 0.116274 0.116274 446.436 -3.8599 -5.15019 -0.954156 -0.541323 -5.75627 1.19464 0.352732 0.050833 3.48228 -3.90542 -5.07902 1.56047 -0.310327 -4.95947 -0.495449 0.206668 -0.061119 2.97649 
4 -1 0.115854 0.115854 450.865 -3.86062 -5.15402 -0.961343 -0.5185 -5.75246 1.19928 0.338793 0.0499978 3.48165 -3.90593 -5.0845 1.52914 -0.291536 -4.98208 -0.472712 0.19669 -0.0578668 2.9911 
4 -1 0.11582 0.11582 451.521 -3.86022 -5.15503 -0.969141 -0.506086 -5.74889 1.20403 0.331152 0.0501201 3.48037 -3.90559 -5.08617 1.51281 -0.281929 -4.99318 -0.461252 0.191536 -0.056082 2.99833 
4 -1 0.115704 0.115704 452.96 -3.86027 -5.15636 -0.976172 -0.497784 -5.74624 1.20845 0.325853 0.0502453 3.47947 -3.90563 -5.08796 1.49964 -0.274046 -5.0009 -0.453086 0.187889 -0.0547967 3.00339 
4 -1 0.115666 0.115666 453.48 -3.86028 -5.1568 -0.977957 -0.494706 -5.74548 1.20958 0.323912 0.0502065 3.47927 -3.90564 -5.08855 1.49552 -0.271577 -5.00348 -0.450281 0.186627 -0.0543782 3.00509 
4 -1 0.115614 0.115614 453.655 -3.86049 -5.15689 -0.965458 -0.49255 -5.74874 1.20189 0.322978 0.0489686 3.48125 -3.90587 -5.08871 1.50493 -0.277249 -5.00286 -0.450112 0.18641 -0.0548603 3.00472 
4 -1 0.115548 0.115548 454.508 -3.86049 -5.15778 -0.968434 -0.485697 -5.74746 1.20376 0.318709 0.0488481 3.48099 -3.90591 -5.08972 1.49786 -0.27301 -5.00714 -0.445112 0.184056 -0.0541722 3.00754 
4 -1 0.11546 0.11546 455.755 -3.86049 -5.15907 -0.973233 -0.475594 -5.74546 1.2068 0.312369 0.0486518 3.48052 -3.90593 -5.09113 1.48705 -0.266518 -5.01339 -0.438262 0.180869 -0.0532226 3.01165 
4 -1 0.11546 0.11546 455.755 -3.86049 -5.15907 -0.973233 -0.475594 -5.74546 1.2068 0.312369 0.0486518 3.48052 -3.90593 -5.09113 1.48705 -0.266518 -5.01339 -0.438262 0.180869 -0.0532226 3.01165 
4 -1 0.177984 0.177984 98.6 -3.85124 5.6356 2.55644 1.81101 5.57354 1.76727 1.26931 0.238138 3.07331 -3.85239 3.89815 4.25179 1.79728 1.63195 3.41523 0.761926 1.54461 0.696422 
3 -1 0.178232 0.178232 98.7069 -3.8505 5.62184 2.55273 1.84218 5.57797 1.7634 1.28819 0.245057 3.06741 -3.85184 3.88496 4.25108 1.79162 1.62067 3.4244 0.762296 1.54865 0.688159 
3 -1 0.178931 0.178931 98.601 -3.84803 5.61432 2.52626 1.85137 5.59155 1.74937 1.2977 0.240346 3.07137 -3.85025 3.86745 4.2361 1.77822 1.6236 3.43247 0.766555 1.54758 0.686738 
3 -1 0.179491 0.179491 98.4993 -3.84577 5.608 2.50487 1.85761 5.60262 1.73775 1.30469 0.236466 3.07499 -3.84892 3.85479 4.22521 1.76847 1.62504 3.43762 0.769254 1.54663 0.685554 
3 -1 0.180365 0.180365 98.3374 -3.84217 5.59844 2.46886 1.86623 5.62105 1.71785 1.31491 0.22969 3.08164 -3.84683 3.83588 4.209 1.75374 1.62676 3.44465 0.772826 1.54512 0.683937 
3 -1 0.18164 0.18164 98.1303 -3.83866 5.58855 2.41817 1.87937 5.64549 1.69049 1.32908 0.219956 3.08966 -3.8439 3.80674 4.18523 1.7312 1.6303 3.45601 0.778852 1.54317 0.681394 
3 -1 0.182662 0.182662 98.2454 -3.83922 5.58066 2.34851 1.9078 5.67709 1.65364 1.35327 0.206036 3.09749 -3.84216 3.76395 4.14934 1.69767 1.64677 3.48142 0.792594 1.54181 0.681443 
3 -1 0.184544 0.184544 98.2296 -3.83771 5.56951 2.25753 1.94116 5.71605 1.60832 1.38344 0.186183 3.10646 -3.83835 3.69857 4.09814 1.648 1.665 3.51521 0.810681 1.53962 0.6781 
3 -1 0.186988 0.186988 98.0138 -3.83027 5.54714 2.15802 1.97501 5.75839 1.55817 1.41608 0.166225 3.11626 -3.83279 3.62676 4.03963 1.59498 1.67922 3.54786 0.828221 1.53465 0.672318 
3 -1 0.189773 0.189773 97.8714 -3.82318 5.51892 2.02569 2.01797 5.81317 1.48931 1.45731 0.13623 3.12947 -3.82692 3.54594 3.97281 1.53451 1.69863 3.58359 0.848623 1.52736 0.667251 
3 -1 0.192784 0.192784 97.7569 -3.81867 5.49891 1.89289 2.06815 5.85903 1.42379 1.49964 0.106349 3.13612 -3.82109 3.45669 3.90044 1.47041 1.71995 3.62244 0.871499 1.51787 0.660208 
3 -1 0.196413 0.196413 97.4575 -3.80751 5.46506 1.75455 2.1144 5.90743 1.35694 1.54409 0.0732334 3.1427 -3.81287 3.35757 3.82064 1.40034 1.73718 3.6602 0.893552 1.50656 0.64997 
3 -1 0.200337 0.200337 97.3439 -3.80094 5.43146 1.57849 2.17727 5.9633 1.27038 1.59855 0.0295301 3.14667 -3.80502 3.24653 3.73008 1.32237 1.76299 3.70286 0.92036 1.49098 0.640248 
3 -1 0.205002 0.205002 97.0417 -3.79057 5.39543 1.4155 2.23698 6.0085 1.19535 1.65041 -0.0132526 3.14479 -3.79521 3.12329 3.63207 1.2409 1.78425 3.74448 0.94701 1.47181 0.625021 
3 -1 0.210538 0.210538 96.7636 -3.77812 5.34619 1.20181 2.30953 6.06347 1.09418 1.71183 -0.0721471 3.14104 -3.78415 2.98517 3.52004 1.15062 1.80992 3.78681 0.976446 1.44596 0.608374 
3 -1 0.216159 0.216159 96.6364 -3.76527 5.29698 1.00673 2.3864 6.10367 1.00967 1.774 -0.128358 3.12712 -3.77271 2.83182 3.40039 1.0553 1.84026 3.83408 1.00957 1.41722 0.587547 
3 -1 0.224652 0.224652 95.8947 -3.74901 5.22975 0.734704 2.47897 6.15484 0.889299 1.84848 -0.211082 3.10594 -3.75529 2.66141 3.2579 0.952197 1.85709 3.8665 1.03633 1.37498 0.561685 
3 -1 0.232699 0.232699 95.7022 -3.72817 5.15344 0.482196 2.57424 6.18731 0.784513 1.92251 -0.29224 3.07476 -3.73961 2.4691 3.10873 0.844714 1.89139 3.91021 1.07289 1.32885 0.530274 
3 -1 0.242413 0.242413 95.3984 -3.70856 5.07351 0.216992 2.68245 6.20828 0.68465 1.99897 -0.383168 3.02877 -3.72062 2.25514 2.94529 0.732064 1.92497 3.94797 1.1089 1.27312 0.491082 
4 -1 0.254144 0.254144 94.9222 -3.68457 4.972 -0.10059 2.8067 6.21966 0.566787 2.08229 -0.496659 2.96636 -3.69799 2.02898 2.76493 0.620836 1.95468 3.97405 1.14082 1.20473 0.448046 
3 -1 0.266795 0.266795 94.4342 -3.65664 4.86163 -0.398019 2.92204 6.21698 0.465682 2.15705 -0.609253 2.89542 -3.67364 1.79911 2.58868 0.517992 1.98345 3.99006 1.16926 1.13291 0.398843 
3 -1 0.279606 0.279606 94.1716 -3.62632 4.74562 -0.670756 3.03689 6.19646 0.384799 2.22729 -0.717815 2.81559 -3.64957 1.56566 2.41698 0.425203 2.01821 4.00079 1.197 1.05839 0.344961 
4 -1 0.294456 0.294456 93.7333 -3.59644 4.62434 -0.947045 3.15866 6.15995 0.313973 2.29301 -0.832667 2.72247 -3.62182 1.33164 2.24284 0.341032 2.04774 3.99603 1.21767 0.978045 0.287113 
4 -1 0.309558 0.309558 93.5559 -3.56463 4.48482 -1.23517 3.28318 6.10823 0.245718 2.35434 -0.957371 2.61704 -3.59396 1.09631 2.0689 0.266904 2.08373 3.98534 1.23693 0.89435 0.227037 
4 -1 0.324301 0.324301 93.6988 -3.52928 4.34583 -1.48058 3.39647 6.04223 0.201363 2.40725 -1.06772 2.513 -3.56677 0.859635 1.9073 0.202678 2.12974 3.9689 1.25594 0.812663 0.160749 
4 -1 0.34023 0.34023 93.9199 -3.49576 4.19652 -1.73579 3.52205 5.95531 0.167563 2.45526 -1.18537 2.39492 -3.53788 0.621652 1.74336 0.148632 2.17784 3.94114 1.27047 0.726397 0.0907853 
4 -1 0.35369 0.35369 94.8447 -3.46553 4.04249 -1.99215 3.64981 5.84575 0.138218 2.49269 -1.30825 2.2735 -3.51295 0.385564 1.58557 0.103717 2.24145 3.9148 1.28812 0.640956 0.0189474 
4 -1 0.362773 0.362773 96.7536 -3.43864 3.88952 -2.2079 3.78287 5.71813 0.125047 2.52706 -1.41603 2.15579 -3.49478 0.144462 1.44191 0.0675139 2.32821 3.89475 1.31253 0.558271 -0.0616086 
4 -1 0.36917 0.36917 99.3223 -3.421 3.73353 -2.44554 3.92945 5.55983 0.114499 2.54726 -1.5369 2.03184 -3.48065 -0.0907346 1.29259 0.0413044 2.42363 3.87382 1.33836 0.471267 -0.142571 
4 -1 0.369562 0.369562 102.972 -3.4128 3.59324 -2.6613 4.07571 5.38767 0.106208 2.55485 -1.6536 1.92124 -3.47506 -0.330682 1.15699 0.02085 2.53563 3.85839 1.36946 0.387723 -0.231482 
4 -1 0.365305 0.365305 107.63 -3.41235 3.45983 -2.87547 4.22933 5.19204 0.0967407 2.54865 -1.77497 1.81594 -3.47611 -0.57345 1.01744 0.00713308 2.65878 3.84399 1.40387 0.299738 -0.325857 
4 -1 0.358152 0.358152 112.906 -3.4231 3.32738 -3.09526 4.38949 4.98257 0.0915106 2.52853 -1.90197 1.71269 -3.48165 -0.809151 0.875895 0.0019818 2.7788 3.82571 1.43435 0.209416 -0.421714 
4 -1 0.345262 0.345262 119.346 -3.44373 3.22556 -3.29036 4.53866 4.77733 0.0769834 2.49635 -2.02062 1.63232 -3.49696 -1.0401 0.745946 0.000577059 2.90763 3.81094 1.46701 0.122228 -0.520425 
4 -1 0.329227 0.329227 126.796 -3.47219 3.13635 -3.47448 4.68704 4.56855 0.058646 2.45274 -2.13809 1.56193 -3.51776 -1.26565 0.610175 0.00513086 3.03745 3.7947 1.49739 0.030227 -0.620543 
4 -1 0.177984 0.177984 98.6 -3.85124 5.6356 2.55644 1.81101 5.57354 1.76727 1.26931 0.238138 3.07331 -3.85239 3.89815 4.25179 1.79728 1.63195 3.41523 0.761926 1.54461 0.696422 
3 -1 0.177772 0.177772 98.7407 -3.85189 5.62665 2.57394 1.83419 5.5673 1.7743 1.28042 0.249027 3.06429 -3.85286 3.89983 4.26352 1.80313 1.61696 3.41633 0.758222 1.54902 0.688813 
3 -1 0.177444 0.177444 98.6985 -3.85264 5.63003 2.59643 1.8254 5.55629 1.7856 1.27228 0.253412 3.06085 -3.85355 3.91639 4.27691 1.81615 1.61104 3.40575 0.753086 1.5486 0.688766 
3 -1 0.177293 0.177293 98.6323 -3.85282 5.63171 2.61228 1.81888 5.54862 1.79357 1.26651 0.256362 3.05839 -3.85384 3.92812 4.28625 1.82553 1.60596 3.39751 0.749151 1.54795 0.688377 
3 -1 0.177018 0.177018 98.5439 -3.85317 5.63431 2.63646 1.80876 5.537 1.80586 1.25762 0.260427 3.05478 -3.85437 3.94598 4.30058 1.83998 1.59828 3.38518 0.743195 1.54701 0.687832 
3 -1 0.17625 0.17625 98.5523 -3.85439 5.63848 2.67111 1.7949 5.52065 1.82351 1.24515 0.266238 3.04987 -3.85608 3.97436 4.32246 1.86259 1.58952 3.36839 0.734725 1.54602 0.688812 
3 -1 0.174998 0.174998 98.5993 -3.85613 5.64388 2.72657 1.77413 5.4944 1.8523 1.22665 0.275952 3.04117 -3.8584 4.0167 4.35394 1.8956 1.57747 3.34388 0.721972 1.54501 0.690972 
3 -1 0.172624 0.172624 98.9051 -3.86178 5.66688 2.85619 1.73309 5.42201 1.92468 1.18563 0.297829 3.01388 -3.86378 4.0796 4.41148 1.9475 1.56224 3.31139 0.70608 1.54719 0.691375 
3 -1 0.170644 0.170644 99.0678 -3.86966 5.68697 2.95177 1.70358 5.36708 1.97533 1.15336 0.31319 2.9928 -3.86864 4.14768 4.46628 2.00308 1.54417 3.27042 0.687375 1.54345 0.69285 
3 -1 0.169318 0.169318 98.7968 -3.87051 5.69549 3.04691 1.6626 5.31314 2.02521 1.11797 0.326048 2.97363 -3.87053 4.21994 4.52168 2.06226 1.51336 3.21632 0.661623 1.53601 0.690818 
3 -1 0.166116 0.166116 99.3612 -3.8767 5.72262 3.20508 1.61323 5.21006 2.11651 1.06635 0.349611 2.93148 -3.87834 4.30137 4.595 2.13187 1.49514 3.17123 0.641379 1.53417 0.691031 
3 -1 0.164409 0.164409 99.2031 -3.8821 5.74125 3.31473 1.56911 5.13664 2.17514 1.02472 0.362708 2.90235 -3.88208 4.38802 4.66219 2.20517 1.461 3.10394 0.612247 1.52052 0.687926 
3 -1 0.161328 0.161328 99.5931 -3.88477 5.757 3.47971 1.51496 5.02278 2.26896 0.970585 0.384431 2.85267 -3.88888 4.48172 4.7418 2.28601 1.43216 3.04032 0.584526 1.51102 0.685607 
3 -1 0.159373 0.159373 99.4444 -3.8944 5.78473 3.62113 1.46201 4.91526 2.34844 0.919619 0.395497 2.80308 -3.89311 4.57942 4.82057 2.3718 1.39028 2.95768 0.551036 1.49099 0.678033 
3 -1 0.156022 0.156022 99.9066 -3.90019 5.80684 3.82167 1.39288 4.75792 2.4642 0.850986 0.414944 2.72849 -3.90112 4.68595 4.91377 2.46821 1.35233 2.87595 0.519027 1.47264 0.67011 
3 -1 0.154225 0.154225 99.5431 -3.90536 5.82737 3.96452 1.33077 4.63243 2.54445 0.792161 0.421907 2.67019 -3.90442 4.79847 5.00083 2.56971 1.29623 2.76443 0.476719 1.43749 0.657033 
3 -1 0.150758 0.150758 99.9958 -3.91413 5.85928 4.18187 1.25287 4.42754 2.67408 0.715339 0.433475 2.56723 -3.91281 4.91981 5.10532 2.6822 1.24539 2.65408 0.437519 1.40368 0.642785 
3 -1 0.14719 0.14719 100.529 -3.91989 5.88201 4.40235 1.17353 4.20327 2.80547 0.639214 0.441995 2.45088 -3.92169 5.04701 5.21387 2.80203 1.18829 2.52875 0.395596 1.36008 0.624808 
3 -1 0.144117 0.144117 100.789 -3.92582 5.90014 4.60875 1.09182 3.97518 2.92625 0.56353 0.443003 2.331 -3.92909 5.17937 5.32251 2.92813 1.1194 2.37802 0.348012 1.30049 0.601284 
4 -1 0.146331 0.146331 100.596 -3.92469 5.89185 4.44149 1.15942 4.16015 2.82782 0.62548 0.441791 2.42821 -3.92368 5.08587 5.24116 2.83703 1.17177 2.486 0.381526 1.34243 0.621005 
3 -1 0.143046 0.143046 100.974 -3.93206 5.91711 4.67159 1.0664 3.89538 2.96602 0.540451 0.440327 2.28691 -3.93145 5.21814 5.3538 2.96452 1.10022 2.33394 0.334294 1.28279 0.594575 
3 -1 0.140236 0.140236 101.127 -3.93697 5.93953 4.89573 0.964932 3.60211 3.10198 0.453745 0.427723 2.12776 -3.93839 5.35086 5.46588 3.09549 1.01622 2.15897 0.285252 1.20657 0.559639 
3 -1 0.137565 0.137565 101.437 -3.94202 5.95507 5.08883 0.876169 3.32503 3.21841 0.382726 0.412358 1.97298 -3.94499 5.46862 5.5646 3.21258 0.937238 1.98793 0.240821 1.12699 0.524976 
3 -1 0.135554 0.135554 101.471 -3.94817 5.97373 5.26155 0.791542 3.03803 3.32362 0.317169 0.392366 1.81099 -3.94915 5.57471 5.65367 3.32021 0.851932 1.80845 0.197273 1.03953 0.485035 
4 -1 0.135031 0.135031 101.589 -3.94839 5.97781 5.29576 0.776961 2.9735 3.34715 0.30517 0.388594 1.77198 -3.95092 5.59532 5.66984 3.34035 0.836979 1.77566 0.19105 1.02235 0.477415 
3 -1 0.133116 0.133116 101.785 -3.95225 6.005 5.46738 0.586856 2.64531 3.45929 0.214213 0.304064 1.58696 -3.9555 5.69609 5.75846 3.44602 0.696504 1.572 0.12892 0.917176 0.405772 
3 -1 0.132988 0.132988 101.813 -3.95512 6.01182 5.48183 0.578475 2.61156 3.46939 0.211408 0.299586 1.56596 -3.95574 5.69901 5.7654 3.45144 0.685026 1.56726 0.124951 0.915456 0.399656 
4 -1 0.133015 0.133015 101.779 -3.95551 6.01266 5.48492 0.584976 2.60195 3.47129 0.212457 0.303314 1.55989 -3.95568 5.69754 5.76729 3.45175 0.684515 1.57083 0.125771 0.917755 0.399177 
4 -1 0.133043 0.133043 101.753 -3.9551 6.01132 5.48474 0.595821 2.60019 3.47074 0.214506 0.309535 1.55866 -3.95564 5.69614 5.76738 3.45107 0.688791 1.5744 0.128148 0.919782 0.401276 
4 -1 0.13304 0.13304 101.755 -3.95481 6.01041 5.4839 0.599914 2.60176 3.46998 0.215288 0.31188 1.55959 -3.95567 5.69608 5.76693 3.45078 0.691452 1.57486 0.129237 0.91995 0.402663 
4 -1 0.132988 0.132988 101.795 -3.95343 6.0062 5.47851 0.61088 2.61477 3.46565 0.2174 0.318096 1.56764 -3.95589 5.69806 5.76384 3.4501 0.702467 1.57186 0.132837 0.917603 0.408611 
4 -1 0.132973 0.132973 101.816 -3.95246 6.00345 5.47402 0.615424 2.62581 3.46228 0.218484 0.320559 1.57453 -3.95597 5.69941 5.76139 3.44949 0.708725 1.56926 0.134689 0.915653 0.41204 
4 -1 0.133011 0.133011 101.827 -3.9511 5.99954 5.46539 0.627038 2.64487 3.45607 0.222301 0.326553 1.58612 -3.95606 5.69737 5.75738 3.44605 0.718441 1.57413 0.138769 0.917677 0.417064 
4 -1 0.133096 0.133096 101.811 -3.95064 5.99725 5.45739 0.642285 2.6604 3.45036 0.228088 0.334081 1.5952 -3.95606 5.69317 5.75396 3.44178 0.727379 1.58357 0.143311 0.92243 0.421516 
4 -1 0.133223 0.133223 101.774 -3.95109 5.99476 5.44814 0.67032 2.6767 3.44315 0.238562 0.347907 1.60415 -3.95587 5.68837 5.74963 3.43679 0.742213 1.59466 0.150453 0.928025 0.429073 
4 -1 0.133264 0.133264 101.76 -3.95173 5.99302 5.44414 0.689723 2.68394 3.43935 0.245288 0.357814 1.60779 -3.95574 5.68634 5.74741 3.43448 0.752385 1.59984 0.154889 0.930685 0.434386 
4 -1 0.133266 0.133266 101.76 -3.95197 5.99238 5.44312 0.696336 2.68597 3.4382 0.247445 0.361283 1.60876 -3.9557 5.68581 5.74678 3.43384 0.755847 1.60134 0.156324 0.931473 0.436213 
4 -1 0.13314 0.13314 101.799 -3.95324 5.98805 5.44238 0.732585 2.6891 3.43439 0.257283 0.381467 1.60913 -3.95578 5.68502 5.74518 3.43234 0.774947 1.6066 0.164027 0.934378 0.446302 
4 -1 0.13301 0.13301 101.827 -3.953 5.98527 5.44965 0.744923 2.67472 3.4378 0.258296 0.389659 1.59964 -3.95604 5.68808 5.74748 3.43528 0.780128 1.60252 0.166771 0.932257 0.44885 
4 -1 0.132973 0.132973 101.816 -3.95305 5.98418 5.45078 0.749669 2.67262 3.43785 0.258741 0.392635 1.59818 -3.95603 5.69145 5.74745 3.43728 0.784187 1.59557 0.168099 0.92819 0.451073 
4 -1 0.13302 0.13302 101.77 -3.95415 5.98386 5.44085 0.758029 2.69389 3.43009 0.26219 0.396131 1.6112 -3.95564 5.69455 5.74254 3.43658 0.795549 1.58718 0.17059 0.922774 0.457638 
4 -1 0.133043 0.133043 101.753 -3.95459 5.98295 5.43616 0.767572 2.70348 3.42599 0.264848 0.401183 1.61675 -3.95541 5.69456 5.74005 3.43529 0.803124 1.58684 0.172875 0.922347 0.461858 
4 -1 0.132998 0.132998 101.797 -3.95478 5.9807 5.43675 0.783189 2.70296 3.42492 0.268399 0.410079 1.61559 -3.95542 5.69091 5.73974 3.43285 0.809908 1.59663 0.176214 0.928111 0.46529 
4 -1 0.132988 0.132988 101.813 -3.95474 5.98004 5.43779 0.78721 2.70105 3.42528 0.269324 0.412404 1.61415 -3.95545 5.68875 5.74013 3.43175 0.810556 1.60191 0.17703 0.931264 0.465478 
3 -1 0.133037 0.133037 101.81 -3.95462 5.97959 5.43741 0.791212 2.70142 3.42492 0.270701 0.414526 1.61409 -3.95536 5.68374 5.74013 3.42878 0.810051 1.61269 0.177868 0.937608 0.464907 
3 -1 0.133211 0.133211 101.755 -3.95454 5.98228 5.43101 0.780434 2.71268 3.42227 0.270035 0.407684 1.62148 -3.95506 5.67837 5.73842 3.42485 0.802921 1.62162 0.175133 0.942628 0.46109 
3 -1 0.133373 0.133373 101.7 -3.95448 5.98506 5.42436 0.768227 2.72428 3.41952 0.268762 0.400107 1.62914 -3.95473 5.67571 5.73647 3.42242 0.796667 1.62458 0.172108 0.944128 0.457951 
3 -1 0.133852 0.133852 101.499 -3.954 5.98789 5.40661 0.759938 2.75378 3.41008 0.270068 0.393708 1.64727 -3.95343 5.66779 5.72974 3.41485 0.793121 1.63468 0.170499 0.949324 0.456195 
3 -1 0.134172 0.134172 101.351 -3.95367 5.99273 5.39587 0.732157 2.77234 3.40666 0.265723 0.376944 1.65914 -3.95244 5.66417 5.72646 3.41156 0.778943 1.63652 0.164388 0.950252 0.44888 
3 -1 0.134363 0.134363 101.265 -3.95338 5.99475 5.38998 0.718885 2.78254 3.40456 0.263766 0.368827 1.66542 -3.95187 5.66199 5.72448 3.40958 0.772267 1.63782 0.161503 0.950872 0.445461 
3 -1 0.134606 0.134606 101.154 -3.95287 5.99437 5.38119 0.722794 2.79663 3.39945 0.266477 0.369974 1.67343 -3.95116 5.65808 5.72057 3.40558 0.774591 1.64329 0.162551 0.953619 0.446697 
3 -1 0.134757 0.134757 101.084 -3.95248 5.99396 5.37611 0.725044 2.80473 3.3965 0.268049 0.370656 1.67799 -3.95071 5.6557 5.71821 3.40318 0.775903 1.64653 0.163201 0.955239 0.447376 
3 -1 0.135056 0.135056 100.94 -3.95155 5.99272 5.36646 0.729334 2.82034 3.39088 0.270956 0.372111 1.68668 -3.94982 5.65089 5.71351 3.39839 0.778471 1.65304 0.164544 0.958481 0.448671 
3 -1 0.135433 0.135433 100.754 -3.95008 5.99031 5.35332 0.735488 2.8427 3.38307 0.274785 0.374616 1.69897 -3.94866 5.64391 5.7067 3.39143 0.782604 1.66317 0.166676 0.963515 0.45072 
3 -1 0.13571 0.13571 100.646 -3.94853 5.98687 5.33744 0.744421 2.87278 3.37339 0.279962 0.378595 1.71537 -3.94779 5.63451 5.69779 3.38183 0.790203 1.68015 0.170324 0.972034 0.454459 
4 -1 0.135728 0.135728 100.663 -3.94819 5.98583 5.33303 0.747371 2.8821 3.37066 0.281731 0.379856 1.72046 -3.94776 5.63132 5.69501 3.37852 0.793371 1.68711 0.171866 0.97558 0.455996 
4 -1 0.135068 0.135068 101.408 -3.9486 5.98181 5.31069 0.767151 2.93905 3.35692 0.296047 0.386335 1.75208 -3.95083 5.60857 5.67932 3.35406 0.82348 1.74798 0.185888 1.00734 0.470524 
4 -1 0.135001 0.135001 101.547 -3.94851 5.97962 5.30266 0.772777 2.95817 3.35176 0.30122 0.387644 1.76303 -3.95111 5.60104 5.67407 3.34619 0.831699 1.76461 0.189136 1.0163 0.474671 
4 -1 0.135028 0.135028 101.588 -3.94839 5.97795 5.29607 0.776378 2.9728 3.3474 0.304876 0.388344 1.77159 -3.95094 5.59563 5.67004 3.34065 0.83664 1.77506 0.190897 1.02202 0.477244 
3 -1 0.135864 0.135864 101.356 -3.94812 5.97371 5.24506 0.798811 3.06436 3.31283 0.321763 0.394467 1.82666 -3.94847 5.56756 5.64712 3.31304 0.85696 1.81864 0.199952 1.0442 0.487437 
3 -1 0.137401 0.137401 100.723 -3.9463 5.97118 5.17988 0.828164 3.16206 3.27322 0.342208 0.401085 1.88163 -3.94456 5.53861 5.61888 3.28407 0.873503 1.8562 0.209797 1.06104 0.495255 
4 -1 0.137995 0.137995 100.514 -3.94469 5.96715 5.15159 0.840981 3.20708 3.2567 0.352659 0.403429 1.90602 -3.94251 5.52171 5.60314 3.26702 0.883715 1.88139 0.215125 1.07349 0.500244 
3 -1 0.137603 0.137603 101.429 -3.94181 5.95455 5.08614 0.876851 3.32938 3.21666 0.383412 0.412478 1.97558 -3.94493 5.46724 5.56345 3.21122 0.938315 1.98989 0.241386 1.12787 0.525472 
4 -1 0.140312 0.140312 100.543 -3.93988 5.94728 4.94067 0.938921 3.5325 3.12806 0.432941 0.421117 2.08936 -3.93698 5.39628 5.49727 3.13992 0.979159 2.08047 0.263613 1.16902 0.544635 
3 -1 0.143194 0.143194 100.298 -3.9321 5.92252 4.72755 1.03209 3.81879 2.99802 0.513318 0.434129 2.24737 -3.93047 5.26845 5.39071 3.01436 1.05987 2.25437 0.311969 1.2462 0.578267 
3 -1 0.146127 0.146127 100.093 -3.92438 5.89538 4.51857 1.12068 4.07297 2.87129 0.593816 0.439324 2.38394 -3.92327 5.13597 5.28244 2.88655 1.13374 2.41633 0.359488 1.31459 0.60638 
3 -1 0.148665 0.148665 100.288 -3.91771 5.86777 4.29636 1.20971 4.31892 2.73927 0.67601 0.437416 2.51282 -3.91783 4.99781 5.16772 2.75404 1.21338 2.57724 0.411131 1.37624 0.634775 
4 -1 0.148533 0.148533 100.322 -3.91768 5.86812 4.30333 1.20739 4.31195 2.74348 0.673788 0.437781 2.50925 -3.91818 5.00087 5.17074 2.75698 1.21242 2.57467 0.410406 1.3755 0.634435 
4 -1 0.148649 0.148649 100.291 -3.91774 5.8656 4.29455 1.21871 4.32031 2.73732 0.679436 0.441085 2.51272 -3.91788 4.99718 5.16659 2.75317 1.21818 2.57872 0.414555 1.37665 0.636439 
