4 -1 0 0.101664 0.101664 70.9 -4.12715 6.01462 6.01388 4.32446 4.32704 2.70311 1.15367 2.67887 2.68046 -4.13015 5.50442 5.50349 2.67969 3.29903 3.3016 0.568739 1.93146 1.93392 -4.1347 4.07997 4.07652 -2.99448 -3.46257 2.63968 -1.14824 -1.46242 -1.88268 -4.13058 4.55748 4.55453 2.66143 -3.30494 -0.0772612 -0.5631 -0.08984 -1.93321 0 0 0 0 0 0 0 0 0 0 0 0 0 0 0 0 0 0 0 0 0 0 0 0 0 0 0 0 0 0 0 0 0 0 0 0 
4 -1 0 0.101664 0.101664 70.9 -4.12715 6.01462 6.01388 4.32446 4.32704 2.70311 1.15367 2.67887 2.68046 -4.13015 5.50442 5.50349 2.67969 3.29903 3.3016 0.568739 1.93146 1.93392 -4.1347 4.07997 4.07652 -2.99448 -3.46257 2.63968 -1.14824 -1.46242 -1.88268 -4.13058 4.55748 4.55453 2.66143 -3.30494 -0.0772612 -0.5631 -0.08984 -1.93321 0 0 0 0 0 0 0 0 0 0 0 0 0 0 0 0 0 0 0 0 0 0 0 0 0 0 0 0 0 0 0 0 0 0 0 0 
4 -1 0 0.5 0.5 48.2 -3.38239 6.49864 6.49864 6.157 6.4206 3.32862 0.973162 2.03387 2.0862 -3.41151 2.50374 2.50374 1.71461 2.10656 2.39715 -0.687972 0.461581 0.364172 -3.47394 -6.21492 -6.21492 -6.4206 -6.157 -0.75587 -3.2061 -2.0862 -2.03387 -3.44311 -2.03182 -2.03182 0.888177 -2.39715 -2.10656 -1.52941 -0.364172 -0.461581 0 0 0 0 0 0 0 0 0 0 0 0 0 0 0 0 0 0 0 0 0 0 0 0 0 0 0 0 0 0 0 0 0 0 0 0 
3 -1 0 0.490291 0.490291 48.7596 -3.39594 6.49324 6.49324 6.1485 6.41459 3.33947 0.960162 2.03369 2.08614 -3.42526 2.52664 2.52664 1.7309 2.12259 2.42152 -0.694109 0.468007 0.367619 -3.48914 -6.20666 -6.20666 -6.41459 -6.1485 -0.742178 -3.21497 -2.08614 -2.03369 -3.4575 -2.04871 -2.04871 0.894524 -2.42152 -2.12259 -1.54518 -0.367619 -0.468007 1.01458 0 -0.0499057 0.207014 -0.0499057 -0.207014 -0.0246879 0.0522179 -0.0246879 -0.0522179 0.0455049 0 0.0151502 0.0185861 0.0151502 -0.0185861 0.0105649 0 -0.00160065 0 -0.107692 0 -0.071816 0 7.61811e-10 0 7.34496e-12 0 7.07616e-17 0 1.5639e-18 0 -4.69036e-17 0 -2.91549e-17 0 
3 -1 0 0.480867 0.480867 49.3212 -3.40901 6.48805 6.48805 6.13924 6.40873 3.35012 0.948525 2.03362 2.08631 -3.4387 2.54931 2.54931 1.74695 2.13839 2.44629 -0.699504 0.474687 0.370964 -3.50388 -6.19842 -6.19842 -6.40873 -6.13924 -0.728792 -3.22389 -2.08631 -2.03362 -3.47167 -2.06566 -2.06566 0.90051 -2.44629 -2.13839 -1.56082 -0.370964 -0.474687 1.02437 0 -0.0518604 0.155932 -0.0518604 -0.155932 -0.0158887 0.0510079 -0.0158887 -0.0510079 0.0470904 0 0.0214396 0.0134706 0.0214396 -0.0134706 0.0113904 0 -0.00268173 0 -0.10399 0 -0.0698214 0 4.94758e-10 0 4.73713e-12 0 6.80398e-17 0 -1.65635e-17 0 1.10815e-17 0 1.66257e-17 0 
3 -1 0 0.471463 0.471463 49.8961 -3.42208 6.48251 6.48251 6.13042 6.40302 3.36055 0.937741 2.03434 2.08602 -3.45238 2.57291 2.57291 1.7639 2.15438 2.4705 -0.70408 0.481335 0.37453 -3.5189 -6.19018 -6.19018 -6.40302 -6.13042 -0.714339 -3.23259 -2.08602 -2.03434 -3.48607 -2.08329 -2.08329 0.907569 -2.4705 -2.15438 -1.57575 -0.37453 -0.481335 1.02101 0 -0.0734416 0.139022 -0.0734416 -0.139022 -0.0323276 0.0493725 -0.0323276 -0.0493725 0.0426158 0 0.0117363 0.0196361 0.0117363 -0.0196361 0.0102821 0 -0.0943395 0 -0.0740703 0 -0.000587272 0 2.74754e-10 0 2.39249e-12 0 -1.25675e-17 0 5.23642e-18 0 2.79084e-17 0 9.91339e-18 0 
4 -1 0 0.462364 0.462364 50.4793 -3.43482 6.47753 6.47753 6.1217 6.39688 3.37081 0.928797 2.03418 2.0857 -3.46561 2.59637 2.59637 1.7805 2.17055 2.4953 -0.708344 0.487978 0.378053 -3.53335 -6.18195 -6.18195 -6.39688 -6.1217 -0.69872 -3.24166 -2.0857 -2.03418 -3.50014 -2.10116 -2.10116 0.914503 -2.4953 -2.17055 -1.59093 -0.378053 -0.487978 1.06527 0 -0.132786 0.141275 -0.132786 -0.141275 -0.0199378 0.0542971 -0.0199378 -0.0542971 0.0434789 0 0.018123 0.0156431 0.018123 -0.0156431 0.0105654 0 -0.00191432 0 -0.0990387 0 -0.085885 0 1.7746e-10 0 2.86183e-12 0 1.42116e-17 0 -5.56848e-18 0 -2.03633e-17 0 2.04866e-18 0 
4 -1 0 0.453538 0.453538 51.0623 -3.44703 6.47281 6.47281 6.11308 6.39084 3.38073 0.920043 2.03371 2.08506 -3.47847 2.61991 2.61991 1.79717 2.18634 2.52007 -0.712164 0.494483 0.381688 -3.54745 -6.17418 -6.17418 -6.39084 -6.11308 -0.682303 -3.25065 -2.08506 -2.03371 -3.51391 -2.11884 -2.11884 0.921761 -2.52007 -2.18634 -1.60589 -0.381688 -0.494483 1.0647 0 -0.371763 0 -0.132642 0.114348 -0.132642 -0.114348 -0.0775757 0 -0.0235777 0.0555307 -0.0235777 -0.0555307 0.0417493 0 0.0160265 0.018319 0.0160265 -0.018319 0.00974078 0 -0.00150743 0 1.19505e-10 0 1.07238e-16 0 2.89507e-12 0 2.74344e-16 0 -3.26252e-17 0 -6.18919e-18 0 
4 -1 0 0.44509 0.44509 51.6331 -3.45832 6.46846 6.46846 6.10453 6.38549 3.39006 0.91118 2.03238 2.08351 -3.49082 2.643 2.643 1.81334 2.20105 2.54496 -0.715728 0.500817 0.385519 -3.56099 -6.16723 -6.16723 -6.38549 -6.10453 -0.664068 -3.25932 -2.08351 -2.03238 -3.52701 -2.13571 -2.13571 0.928985 -2.54496 -2.20105 -1.62088 -0.385519 -0.500817 1.05117 0 -0.686321 0 -0.0720572 0.184899 -0.0720572 -0.184899 -0.0834456 0 -0.0284357 0.0544718 -0.0284357 -0.0544718 0.0402479 0 0.0125409 0.0198067 0.0125409 -0.0198067 0.00933809 0 -0.000434875 0 7.18601e-11 0 1.92914e-12 0 -1.47527e-17 0 -1.062e-16 0 1.73881e-17 0 8.09478e-18 0 
3 -1 0 0.436746 0.436746 52.2164 -3.46999 6.46395 6.46395 6.09596 6.37982 3.39956 0.902898 2.03129 2.08119 -3.50306 2.66625 2.66625 1.82999 2.21604 2.56992 -0.719281 0.507361 0.388881 -3.57415 -6.15968 -6.15968 -6.37982 -6.09596 -0.648957 -3.2677 -2.08119 -2.03129 -3.54012 -2.15326 -2.15326 0.936127 -2.56992 -2.21604 -1.63584 -0.388881 -0.50736 1.00425 0 -0.865689 0 0.0314318 0.220131 0.0314318 -0.220131 -0.102864 0 -0.0345451 0.0464887 -0.0345451 -0.0464887 0.0388649 0 0.0087776 0.0191275 0.0087776 -0.0191275 0.00892248 0 -5.0539e-05 0 4.40969e-11 0 -4.10204e-17 0 -5.97464e-13 0 6.0944e-17 0 -9.04981e-17 0 9.11467e-19 0 
4 -1 0 0.428582 0.428582 52.8054 -3.48155 6.45951 6.45951 6.08781 6.3743 3.40907 0.893759 2.02992 2.07872 -3.51509 2.68965 2.68965 1.84669 2.23108 2.59492 -0.722843 0.513897 0.392191 -3.58744 -6.15229 -6.15229 -6.3743 -6.08781 -0.635012 -3.27603 -2.07872 -2.02992 -3.55303 -2.17087 -2.17087 0.942945 -2.59492 -2.23108 -1.6508 -0.392191 -0.513897 0.85947 0 0.860185 0 -0.50076 0 0.120094 0 -0.084024 0 -0.0343305 0.0424907 -0.0343305 -0.0424907 0.0378606 0 0.00812338 0.0187428 0.00812338 -0.0187428 0.00891679 0 0.00135467 0 9.32096e-12 0 1.52125e-12 0 -5.48444e-17 0 6.36158e-17 0 5.35676e-18 0 1.49044e-17 0 
4 -1 0 0.420457 0.420457 53.4116 -3.49332 6.45517 6.45517 6.08035 6.36847 3.41875 0.883693 2.02821 2.07639 -3.52716 2.71324 2.71324 1.86336 2.24684 2.62032 -0.726803 0.520311 0.395749 -3.60145 -6.14386 -6.14386 -6.36848 -6.08035 -0.622861 -3.28429 -2.07639 -2.0282 -3.566 -2.18929 -2.18929 0.949322 -2.62032 -2.24684 -1.66597 -0.395749 -0.520311 0.978628 0 0.940357 0 -0.128701 0.10637 -0.128701 -0.10637 0.152741 0 -0.033848 0.0434744 -0.033848 -0.0434744 0.0369471 0 0.00843227 0.0185394 0.00843227 -0.0185394 0.00889997 0 0.000346899 0 6.17327e-12 0 1.63016e-17 0 1.55777e-12 0 -6.06248e-17 0 -9.92041e-18 0 3.34002e-18 0 
4 -1 0 0.412714 0.412714 54.0135 -3.50492 6.45075 6.45075 6.07245 6.36359 3.42826 0.874426 2.02589 2.07352 -3.5387 2.7366 2.7366 1.87946 2.26235 2.64611 -0.730674 0.526971 0.399019 -3.61448 -6.13673 -6.13673 -6.36359 -6.07245 -0.611854 -3.29198 -2.07352 -2.02589 -3.57842 -2.2067 -2.2067 0.954513 -2.64611 -2.26235 -1.68136 -0.399019 -0.526971 0.898271 0 0.899723 0 -0.112689 0.0915555 -0.112689 -0.0915555 0.151119 0 -0.0329713 0.0417576 -0.0329713 -0.0417576 0.0359761 0 0.00834625 0.0181825 0.00834625 -0.0181825 0.00891065 0 0.0002863 0 3.67437e-12 0 3.19658e-12 0 -6.4959e-18 0 1.74493e-19 0 -1.43623e-17 0 5.01481e-18 0 
4 -1 0 0.405218 0.405218 54.6186 -3.51652 6.44678 6.44678 6.06462 6.35885 3.43764 0.864874 2.02342 2.07108 -3.54993 2.75998 2.75998 1.89525 2.27782 2.67201 -0.734597 0.53373 0.402239 -3.62666 -6.12966 -6.12966 -6.35885 -6.06462 -0.601129 -3.29936 -2.07108 -2.02342 -3.59055 -2.22389 -2.22389 0.959071 -2.67201 -2.27782 -1.69669 -0.402239 -0.53373 0.970571 0 0.207432 0.260044 0.207432 -0.260044 -0.112897 0.102247 -0.112897 -0.102247 -0.043136 0.0304461 -0.043136 -0.0304461 0.0347195 0 0.00593629 0.0188354 0.00593629 -0.0188354 0.00856734 0 0.000673282 0 6.25965e-12 0 1.29101e-13 0 5.817e-17 0 4.14414e-18 0 -5.69297e-17 0 -8.0198e-18 0 
3 -1 0 0.398019 0.398019 55.2234 -3.52744 6.44304 6.44304 6.05688 6.35438 3.44707 0.854791 2.02096 2.07011 -3.56073 2.78299 2.78299 1.91063 2.29276 2.69803 -0.738479 0.540852 0.405373 -3.63823 -6.12287 -6.12287 -6.35438 -6.05688 -0.589899 -3.3066 -2.07011 -2.02096 -3.60223 -2.24106 -2.24106 0.963052 -2.69803 -2.29276 -1.71183 -0.405373 -0.540852 0.990391 0 -0.0321085 0.259057 -0.0321085 -0.259057 -0.141214 0.119484 -0.141214 -0.119484 -0.0345044 0.0409908 -0.0345044 -0.0409908 0.0341259 0 0.00809189 0.0181911 0.00809189 -0.0181911 0.00870042 0 0.000315706 0 4.02572e-12 0 4.15185e-13 0 -5.16721e-18 0 -3.85108e-17 0 -1.07964e-17 0 -2.97448e-17 0 
4 -1 0 0.390827 0.390827 55.8392 -3.53873 6.43923 6.43923 6.04917 6.34954 3.4564 0.843272 2.01885 2.06877 -3.57164 2.80619 2.80619 1.92594 2.30847 2.72423 -0.742741 0.548042 0.408532 -3.64939 -6.11584 -6.11584 -6.34954 -6.04917 -0.57896 -3.3137 -2.06877 -2.01885 -3.61397 -2.25832 -2.25832 0.967051 -2.72423 -2.30847 -1.72719 -0.408532 -0.548042 0.938747 0 -0.367191 0 -0.199975 0 -0.0691658 0.150446 -0.0691658 -0.150446 -0.040191 0.0301432 -0.040191 -0.0301432 0.0329978 0 0.00605489 0.0190665 0.00605489 -0.0190665 0.00848613 0 0.0012086 0 2.42174e-12 0 2.21583e-13 0 1.50209e-17 0 -1.68623e-17 0 4.32948e-18 0 1.26196e-19 0 
4 -1 0 0.38383 0.38383 56.4596 -3.54956 6.43518 6.43518 6.04152 6.34472 3.46547 0.831297 2.01724 2.06757 -3.58232 2.82937 2.82937 1.94098 2.32421 2.75063 -0.747156 0.555341 0.411685 -3.6603 -6.1091 -6.1091 -6.34472 -6.04152 -0.568258 -3.32065 -2.06757 -2.01724 -3.62544 -2.2755 -2.2755 0.970792 -2.75063 -2.32421 -1.74255 -0.411685 -0.555341 0.964539 0 -0.424561 0 -0.184166 0 -0.086955 0.125606 -0.086955 -0.125606 -0.0372364 0.0349813 -0.0372364 -0.0349813 0.0322153 0 0.00692086 0.0181352 0.00692086 -0.0181352 0.00848352 0 0.000749827 0 1.54603e-12 0 1.54101e-17 0 1.29984e-13 0 1.64015e-19 0 -2.36286e-17 0 -8.59837e-18 0 
4 -1 0 0.377051 0.377051 57.0862 -3.56022 6.43141 6.43141 6.03389 6.34025 3.47431 0.820717 2.01625 2.06688 -3.5926 2.85216 2.85216 1.95567 2.33975 2.77744 -0.751685 0.562781 0.41476 -3.67174 -6.1009 -6.1009 -6.34025 -6.03389 -0.556111 -3.32737 -2.06688 -2.01625 -3.63657 -2.29299 -2.29299 0.974163 -2.77744 -2.33975 -1.75799 -0.41476 -0.562781 1.02861 0 -0.216595 0.103815 -0.216595 -0.103815 -0.117159 0.113013 -0.117159 -0.113013 -0.0266696 0.0463403 -0.0266696 -0.0463403 0.0318072 0 0.0106015 0.0164531 0.0106015 -0.0164531 0.008716 0 -0.000265868 0 9.80811e-13 0 1.30765e-17 0 1.17232e-13 0 1.13491e-17 0 -2.41808e-17 0 -1.4312e-17 0 
3 -1 0 0.370454 0.370454 57.7137 -3.57019 6.42763 6.42763 6.02595 6.33567 3.48318 0.808997 2.01555 2.0668 -3.60271 2.87507 2.87507 1.97027 2.35526 2.80405 -0.756103 0.570401 0.417762 -3.68263 -6.09418 -6.09418 -6.33567 -6.02595 -0.543834 -3.33385 -2.0668 -2.01555 -3.64753 -2.31028 -2.31028 0.977469 -2.80405 -2.35526 -1.77323 -0.417762 -0.570401 0.993401 0 -0.133202 0.214299 -0.133202 -0.214299 -0.111922 0.066514 -0.111922 -0.066514 -0.0316404 0.0404217 -0.0316404 -0.0404217 0.030644 0 0.00861532 0.0166905 0.00861532 -0.0166905 0.00849959 0 4.391e-05 0 8.26025e-14 0 -9.77885e-19 0 6.09304e-13 0 -9.34383e-18 0 -1.37388e-17 0 -7.49577e-18 0 
3 -1 0 0.364025 0.364025 58.3453 -3.57993 6.42371 6.42371 6.01824 6.33107 3.49182 0.797457 2.0151 2.06649 -3.61267 2.89795 2.89795 1.9847 2.37077 2.83072 -0.760241 0.578106 0.42091 -3.69358 -6.08767 -6.08767 -6.33107 -6.01824 -0.53152 -3.34022 -2.06649 -2.0151 -3.65828 -2.3275 -2.3275 0.980816 -2.83072 -2.37077 -1.78835 -0.42091 -0.578106 0.989915 0 -0.0830177 0.223086 -0.0830177 -0.223086 -0.0962711 0.0563864 -0.0962711 -0.0563864 -0.0315281 0.0391432 -0.0315281 -0.0391432 0.00845548 0.0164542 0.00845548 -0.0164542 0.0297846 0 0.00846124 0 6.1556e-05 0 3.78552e-13 0 -6.40893e-18 0 5.06956e-14 0 -7.49041e-18 0 7.22039e-18 0 -4.73057e-18 0 
3 -1 0 0.357731 0.357731 58.9856 -3.58961 6.42012 6.42012 6.01111 6.32633 3.49978 0.787151 2.0149 2.0656 -3.6225 2.92083 2.92083 1.99909 2.38613 2.85752 -0.76397 0.585798 0.424336 -3.70412 -6.08073 -6.08073 -6.32633 -6.01111 -0.518708 -3.34645 -2.0656 -2.0149 -3.66891 -2.34507 -2.34507 0.984325 -2.85752 -2.38613 -1.80336 -0.424336 -0.585798 1.00582 0 -0.0782454 0.192992 -0.0782454 -0.192992 -0.0283707 0.0417954 -0.0283707 -0.0417954 -0.0880657 0.053787 -0.0880657 -0.053787 0.0290299 0 0.00948945 0.0159931 0.00948945 -0.0159931 0.00848952 0 -6.52048e-05 0 1.10247e-14 0 5.9721e-18 0 2.25904e-13 0 1.76291e-17 0 1.07179e-17 0 1.08594e-17 0 
3 -1 0 0.351581 0.351581 59.6341 -3.59906 6.4167 6.4167 6.00361 6.32182 3.50777 0.777816 2.01454 2.06487 -3.63214 2.94404 2.94404 2.01362 2.40136 2.88422 -0.767103 0.593493 0.427746 -3.71485 -6.07409 -6.07409 -6.32182 -6.00361 -0.504138 -3.35284 -2.06487 -2.01454 -3.67945 -2.36324 -2.36324 0.988064 -2.88422 -2.40136 -1.8181 -0.427746 -0.593493 0.996734 0 -0.117296 0.147312 -0.117296 -0.147312 -0.0299906 0.0386561 -0.0299906 -0.0386561 -0.0823705 0.0600435 -0.0823705 -0.0600435 0.0281346 0 0.00879557 0.015958 0.00879557 -0.015958 0.00832471 0 3.20972e-05 0 5.67344e-15 0 -3.13164e-17 0 1.36433e-13 0 -1.13531e-17 0 1.49415e-17 0 3.65099e-17 0 
3 -1 0 0.345577 0.345577 60.2887 -3.60804 6.41322 6.41322 5.99627 6.31735 3.51557 0.769452 2.01408 2.06391 -3.64161 2.96733 2.96733 2.02824 2.41667 2.9109 -0.769533 0.601128 0.431232 -3.72561 -6.0678 -6.0678 -6.31735 -5.99627 -0.4893 -3.35918 -2.06391 -2.01408 -3.68984 -2.38158 -2.38158 0.992045 -2.9109 -2.41667 -1.83263 -0.431232 -0.601128 0.995273 0 -0.290216 0 -0.152018 0 -0.0655961 0.0660251 -0.0655961 -0.0660251 -0.0298759 0.0377199 -0.0298759 -0.0377199 0.0273468 0 0.00862851 0.015728 0.00862851 -0.015728 0.00815804 0 4.09535e-05 0 8.4149e-14 0 -3.00191e-17 0 4.80724e-15 0 7.66678e-18 0 6.45724e-17 0 -3.65837e-18 0 
3 -1 0 0.339799 0.339799 60.9412 -3.61645 6.40961 6.40961 5.98915 6.31339 3.52344 0.761485 2.01361 2.06271 -3.65075 2.99047 2.99047 2.04262 2.43153 2.93751 -0.771186 0.608943 0.434382 -3.73622 -6.06151 -6.06151 -6.31339 -5.98915 -0.474876 -3.3653 -2.06271 -2.01361 -3.69988 -2.39941 -2.39941 0.99632 -2.93751 -2.43153 -1.8467 -0.434382 -0.608943 1.00416 0 -0.560383 0 -0.107297 0 -0.0641216 0.0615262 -0.0641216 -0.0615262 -0.0261776 0.0387825 -0.0261776 -0.0387825 0.0266256 0 0.00891646 0.015002 0.00891646 -0.015002 0.0079924 0 -8.58575e-05 0 5.09708e-14 0 4.25001e-15 0 -3.55034e-16 0 2.932e-16 0 1.76693e-17 0 5.83491e-19 0 
3 -1 0 0.334139 0.334139 61.6033 -3.62504 6.40609 6.40609 5.98199 6.30913 3.53098 0.754081 2.01295 2.06138 -3.65969 3.01357 3.01357 2.057 2.44653 2.96442 -0.772952 0.616396 0.438172 -3.74682 -6.05548 -6.05548 -6.30913 -5.98199 -0.460724 -3.37139 -2.06138 -2.01295 -3.70985 -2.41766 -2.41766 0.999973 -2.96442 -2.44653 -1.86117 -0.438172 -0.616396 1.00516 0 -0.673407 0 -0.0745415 0.0823685 -0.0745415 -0.0823685 -0.0753305 0 -0.02534 0.0389369 -0.02534 -0.0389369 0.0258836 0 0.00891549 0.0146671 0.00891549 -0.0146671 0.00782273 0 -0.000111178 0 3.14119e-14 0 4.30633e-15 0 -3.89322e-18 0 -8.1214e-17 0 3.16629e-17 0 -1.96277e-17 0 
3 -1 0 0.328624 0.328624 62.2664 -3.63295 6.40293 6.40293 5.97533 6.30497 3.53838 0.747161 2.01214 2.0597 -3.66842 3.03635 3.03635 2.07121 2.4613 2.99136 -0.774584 0.623846 0.441806 -3.75695 -6.0493 -6.0493 -6.30497 -5.97533 -0.447961 -3.37736 -2.0597 -2.01214 -3.7196 -2.43599 -2.43599 1.00328 -2.99136 -2.4613 -1.87563 -0.441806 -0.623846 1.00236 0 -0.810261 0 -0.0503254 0.120394 -0.0503254 -0.120394 -0.0582274 0 -0.0265533 0.0386825 -0.0265533 -0.0386825 0.0251334 0 0.00865828 0.0145672 0.00865828 -0.0145672 0.00764023 0 -4.07712e-05 0 1.95699e-14 0 2.61626e-15 0 -2.64997e-17 0 -2.96466e-18 0 6.15484e-17 0 6.3427e-18 0 
4 -1 0 0.323252 0.323252 62.9204 -3.64142 6.40035 6.40035 5.96919 6.30109 3.54544 0.740677 2.01123 2.0576 -3.67702 3.05932 3.05932 2.08555 2.47534 3.01787 -0.77591 0.631355 0.445106 -3.76719 -6.04311 -6.04311 -6.30109 -5.96919 -0.436086 -3.38339 -2.0576 -2.01123 -3.72924 -2.45345 -2.45345 1.00675 -3.01787 -2.47534 -1.88963 -0.445106 -0.631355 0.935165 0 -1.00732 0 -0.0120297 0.129028 -0.0120297 -0.129028 -0.0511421 0 -0.0388842 0.00994151 -0.0388842 -0.00994151 0.0240238 0 0.00548607 0.0163704 0.00548607 -0.0163704 0.00731876 0 0.00112788 0 1.13256e-14 0 1.79202e-16 0 2.52269e-15 0 -8.79078e-16 0 2.44997e-17 0 -4.36432e-19 0 
4 -1 0 0.318053 0.318053 63.5874 -3.64955 6.39735 6.39735 5.96297 6.29711 3.55271 0.734298 2.01026 2.05525 -3.68535 3.08223 3.08223 2.09976 2.48963 3.04464 -0.777087 0.63884 0.448486 -3.77687 -6.03744 -6.03744 -6.29711 -5.96297 -0.425993 -3.38907 -2.05525 -2.01026 -3.73859 -2.4715 -2.4715 1.00933 -3.04464 -2.48963 -1.90377 -0.448486 -0.63884 0.985303 0 -1.08409 0 0.0191959 0.128278 0.0191959 -0.128278 -0.0520097 0 -0.0320206 0.0298053 -0.0320206 -0.0298053 0.0235297 0 0.0071433 0.0148612 0.0071433 -0.0148612 0.00727724 0 0.000413146 0 7.16747e-15 0 -1.02789e-16 0 1.24917e-15 0 -1.10913e-16 0 2.00959e-17 0 2.67897e-17 0 
4 -1 0 0.313088 0.313088 64.2469 -3.65728 6.39487 6.39487 5.95715 6.29348 3.55981 0.727335 2.00915 2.05277 -3.69331 3.10456 3.10456 2.11359 2.50322 3.07149 -0.778076 0.646335 0.451788 -3.78592 -6.03185 -6.03185 -6.29348 -5.95715 -0.416593 -3.39461 -2.05277 -2.00915 -3.74752 -2.48911 -2.48911 1.01112 -3.07149 -2.50322 -1.91782 -0.451788 -0.646335 1.01566 0 -0.822717 0 0.0451533 0.135166 0.0451533 -0.135166 -0.022885 0.0379597 -0.022885 -0.0379597 0.0230748 0 0.00877107 0.0133951 0.00877107 -0.0133951 -0.055179 0 0.00720238 0 -0.000120749 0 3.08568e-16 0 4.68136e-16 0 4.64565e-15 0 -1.31432e-17 0 -1.16871e-17 0 3.66875e-18 0 
4 -1 0 0.308271 0.308271 64.9029 -3.66525 6.39288 6.39288 5.95099 6.29001 3.5669 0.720479 2.00763 2.05052 -3.70106 3.1257 3.1257 2.12664 2.51694 3.09867 -0.779639 0.654117 0.454844 -3.79479 -6.02562 -6.02562 -6.29001 -5.95099 -0.407819 -3.39977 -2.05052 -2.00763 -3.75631 -2.50655 -2.50655 1.01199 -3.09867 -2.51694 -1.93228 -0.454844 -0.654117 0.960643 0 -0.46336 0 0.0742977 0.149262 0.0742977 -0.149262 -0.0644262 0 -0.0280334 0.0320072 -0.0280334 -0.0320072 0.022211 0 0.00715083 0.0139952 0.00715083 -0.0139952 0.00703703 0 0.00037697 0 2.951e-15 0 1.08536e-17 0 7.06313e-17 0 9.91875e-16 0 -1.46303e-16 0 -3.80033e-20 0 
4 -1 0 0.303505 0.303505 65.5722 -3.67328 6.39029 6.39029 5.9454 6.28665 3.57366 0.712315 2.00598 2.0483 -3.70878 3.14808 3.14808 2.14027 2.5306 3.12554 -0.780563 0.661822 0.458017 -3.80429 -6.02012 -6.02012 -6.28666 -5.9454 -0.399497 -3.40491 -2.0483 -2.00598 -3.765 -2.52395 -2.52395 1.01341 -3.12554 -2.5306 -1.94618 -0.458017 -0.661822 0.888464 0 -0.231828 0 0.137014 0.152094 0.137014 -0.152094 -0.0734915 0 -0.0290683 0.0212075 -0.0290683 -0.0212075 0.0213828 0 0.00564206 0.0149378 0.00564206 -0.0149378 0.00688237 0 0.00104327 0 9.06991e-16 0 -1.69954e-19 0 1.72494e-15 0 3.49655e-17 0 -2.34074e-18 0 2.79525e-18 0 
4 -1 0 0.298851 0.298851 66.248 -3.68104 6.38762 6.38762 5.93949 6.28334 3.58028 0.704122 2.00417 2.04598 -3.71637 3.17049 3.17049 2.15382 2.54449 3.15232 -0.781429 0.669554 0.461202 -3.81318 -6.0153 -6.0153 -6.28334 -5.93949 -0.390878 -3.4102 -2.04598 -2.00417 -3.77352 -2.54137 -2.54137 1.01466 -3.15232 -2.54449 -1.95999 -0.461202 -0.669554 0.934925 0 0.128623 0.155326 0.128623 -0.155326 -0.175754 0 -0.0884335 0 -0.0294011 0.0197422 -0.0294011 -0.0197422 0.0208105 0 0.00687993 0.0140124 0.00687993 -0.0140124 0.00676538 0 0.000620544 0 5.18604e-16 0 -4.96396e-18 0 1.05903e-15 0 3.21148e-17 0 -1.08146e-17 0 -2.19229e-19 0 
4 -1 0 0.294198 0.294198 66.9461 -3.68832 6.38429 6.38429 5.93391 6.27979 3.58729 0.698629 2.00223 2.04349 -3.72387 3.19325 3.19325 2.16728 2.55902 3.17966 -0.782328 0.677186 0.464542 -3.82135 -6.00942 -6.00942 -6.27979 -5.93391 -0.381572 -3.41563 -2.04349 -2.00223 -3.782 -2.55947 -2.55947 1.01508 -3.17966 -2.55902 -1.97411 -0.464542 -0.677186 0.890489 0 -0.217808 0 0.044328 0.148348 0.044328 -0.148348 -0.0564543 0 -0.103987 0 -0.0323346 0 0.00543417 0.0139104 0.00543417 -0.0139104 0.0200693 0 0.000741448 0 0.00657653 0 6.5641e-18 0 2.86344e-16 0 5.92072e-16 0 1.62588e-17 0 6.44455e-19 0 -3.20962e-18 0 
3 -1 0 0.289796 0.289796 67.6283 -3.69613 6.38234 6.38234 5.92825 6.27658 3.5939 0.691241 2.00027 2.04194 -3.73101 3.2152 3.2152 2.18025 2.57309 3.2066 -0.783469 0.685161 0.467535 -3.8298 -6.00447 -6.00447 -6.27658 -5.92825 -0.372694 -3.42041 -2.04194 -2.00027 -3.79016 -2.57644 -2.57644 1.01538 -3.2066 -2.57309 -1.98822 -0.467535 -0.685161 0.99626 0 -0.395334 0 0.00862766 0.112655 0.00862766 -0.112655 -0.111309 0 -0.025186 0.0339734 -0.025186 -0.0339734 0.0196955 0 0.00766149 0.0123361 0.00766149 -0.0123361 0.00650411 0 7.54017e-19 0 3.57974e-05 0 4.33986e-17 0 3.82639e-16 0 9.02221e-17 0 -6.06801e-18 0 -4.15457e-18 0 
4 -1 0 0.285666 0.285666 68.2915 -3.70321 6.38086 6.38086 5.92281 6.2738 3.60027 0.683986 1.9986 2.04088 -3.73768 3.23576 3.23576 2.19215 2.58622 3.23365 -0.784852 0.693245 0.47022 -3.83752 -5.99932 -5.99932 -6.2738 -5.92281 -0.362919 -3.4247 -2.04088 -1.9986 -3.79785 -2.5928 -2.5928 1.015 -3.23365 -2.58622 -2.00213 -0.47022 -0.693244 1.11462 0 -0.547886 0 -0.122149 0 -0.00302188 0.094276 -0.00302188 -0.094276 0.00359402 0.0308746 0.00359402 -0.0308746 0.0317303 0 0.015655 0 -0.00180794 0 5.28178e-18 0 0.0115991 0 0.0068007 0 -4.60788e-18 0 1.28629e-16 0 1.69178e-16 0 8.41236e-17 0 1.30448e-18 0 
4 -1 0 0.281661 0.281661 68.9575 -3.70953 6.37851 6.37851 5.91608 6.27068 3.60657 0.67736 1.99689 2.04005 -3.74416 3.2561 3.25609 2.20386 2.5992 3.26048 -0.786233 0.701182 0.47306 -3.84475 -5.99425 -5.99425 -6.27068 -5.91608 -0.354675 -3.42876 -2.04005 -1.99689 -3.80533 -2.609 -2.609 1.01434 -3.26048 -2.5992 -2.01615 -0.47306 -0.701182 1.07818 0 -0.539413 0 -0.154925 0 -0.0144992 0.0407607 -0.0144992 -0.0407607 -0.0106338 0.0878877 -0.0106338 -0.0878877 0.0187607 0 0.00877162 0.0112281 0.00877162 -0.0112281 0.00622867 0 -0.000282793 0 9.94339e-17 0 7.17415e-18 0 1.31477e-16 0 3.78431e-17 0 -5.1184e-18 0 -2.68919e-18 0 
4 -1 0 0.27773 0.27773 69.6321 -3.71599 6.3763 6.3763 5.91034 6.26799 3.61255 0.669653 1.99563 2.03883 -3.75046 3.27672 3.27672 2.2157 2.61229 3.28727 -0.787333 0.709226 0.475889 -3.85239 -5.98893 -5.98893 -6.26799 -5.91034 -0.346346 -3.43307 -2.03883 -1.99563 -3.81266 -2.62549 -2.62549 1.01376 -3.28727 -2.61229 -2.02985 -0.475889 -0.709226 1.06686 0 -0.392015 0 -0.245016 0 -0.0179303 0.0852616 -0.0179303 -0.0852616 -0.0158585 0.0394939 -0.0158585 -0.0394939 0.00849742 0.0110476 0.00849742 -0.0110476 0.0181331 0 0.0060547 0 -0.000245469 0 5.90979e-17 0 -5.92627e-19 0 9.77864e-17 0 1.29023e-17 0 2.06103e-18 0 5.91956e-18 0 
4 -1 0 0.273825 0.273825 70.3176 -3.72206 6.37448 6.37448 5.90533 6.26516 3.61837 0.662222 1.99455 2.03758 -3.75678 3.29732 3.29732 2.22748 2.62563 3.31408 -0.788535 0.717441 0.478762 -3.8596 -5.98377 -5.98377 -6.26516 -5.90533 -0.336804 -3.43803 -2.03758 -1.99455 -3.81993 -2.64224 -2.64224 1.01349 -3.31408 -2.62563 -2.04354 -0.478762 -0.717441 0.984867 0 -0.239071 0.212853 -0.239071 -0.212853 -0.0270113 0.084444 -0.0270113 -0.084444 -0.0241217 0.0303086 -0.0241217 -0.0303086 0.00713227 0.0112094 0.00713227 -0.0112094 0.0174056 0 4.70939e-17 0 6.35354e-05 0 0.00586505 0 -1.13944e-17 0 2.16769e-17 0 2.58083e-17 0 3.08262e-17 0 1.22258e-18 0 
4 -1 0 0.270055 0.270055 71.0004 -3.72866 6.37266 6.37266 5.90014 6.26234 3.62423 0.654144 1.99397 2.03681 -3.76292 3.31769 3.31769 2.23892 2.63885 3.34064 -0.789896 0.725811 0.481484 -3.86614 -5.97895 -5.97895 -6.26234 -5.90014 -0.328698 -3.44263 -2.03681 -1.99397 -3.82697 -2.65841 -2.65841 1.01324 -3.34064 -2.63885 -2.05717 -0.481484 -0.725811 0.925679 0 -0.138602 0.280469 -0.138602 -0.280469 -0.041679 0.0833095 -0.041679 -0.0833095 -0.0345726 0.0161291 -0.0345726 -0.0161291 0.00572768 0.0115508 0.00572768 -0.0115508 0.0167367 0 1.27301e-19 0 0.000434668 0 0.00565309 0 3.32869e-17 0 3.7212e-17 0 -2.09752e-17 0 -3.47506e-17 0 7.31948e-19 0 
4 -1 0 0.266349 0.266349 71.6881 -3.73486 6.37075 6.37075 5.89417 6.25949 3.62993 0.646694 1.99331 2.03664 -3.76894 3.33792 3.33792 2.25028 2.65206 3.36726 -0.791243 0.734017 0.48431 -3.87289 -5.97406 -5.97406 -6.25949 -5.89417 -0.322032 -3.44743 -2.03664 -1.99331 -3.83392 -2.67477 -2.67477 1.01277 -3.36726 -2.65206 -2.07091 -0.48431 -0.734017 0.979295 0 0.0469749 0.339884 0.0469749 -0.339884 -0.0555167 0.0771649 -0.0555167 -0.0771649 -0.0261231 0.0284711 -0.0261231 -0.0284711 0.00658815 0.0107955 0.00658815 -0.0107955 0.0163072 0 0.00553697 0 3.4993e-17 0 0.000130635 0 -1.52774e-17 0 -1.51687e-18 0 1.02063e-18 0 9.00781e-18 0 9.35741e-18 0 
3 -1 0 0.262824 0.262824 72.3699 -3.74056 6.36884 6.36884 5.88879 6.25689 3.63533 0.639304 1.99284 2.03589 -3.7746 3.35763 3.35763 2.26128 2.66474 3.39382 -0.792561 0.742091 0.487055 -3.87957 -5.96909 -5.96909 -6.25689 -5.88879 -0.315472 -3.45198 -2.03589 -1.99284 -3.84057 -2.69091 -2.69091 1.01194 -3.39382 -2.66474 -2.08453 -0.487055 -0.742092 1.00376 0 0.229599 0.308117 0.229599 -0.308117 -0.0588428 0.0699714 -0.0588428 -0.0699714 -0.0208586 0.0312137 -0.0208586 -0.0312137 0.00698902 0.0102403 0.00698902 -0.0102403 0.0158683 0 0.00541308 0 -1.79361e-05 0 3.01715e-16 0 2.52897e-18 0 1.94838e-17 0 1.6932e-18 0 2.85018e-18 0 -5.64355e-18 0 
4 -1 0 0.259323 0.259323 73.0671 -3.74627 6.36715 6.36715 5.88295 6.25393 3.64096 0.629817 1.99215 2.035 -3.78025 3.37764 3.37764 2.2724 2.67793 3.42008 -0.793473 0.750635 0.489593 -3.88563 -5.96449 -5.96449 -6.25393 -5.88295 -0.309192 -3.4566 -2.035 -1.99215 -3.84717 -2.7073 -2.7073 1.01149 -3.42008 -2.67793 -2.09792 -0.489593 -0.750635 0.938901 0 0.346601 0.232471 0.346601 -0.232471 -0.0573497 0.0629634 -0.0573497 -0.0629634 -0.0271141 0.0263964 -0.0271141 -0.0263964 0.00623963 0.0104101 0.00623963 -0.0104101 0.0153081 0 0.00524663 0 0.000186091 0 -5.56616e-19 0 8.01161e-18 0 1.42726e-17 0 6.62012e-18 0 2.40099e-17 0 2.93133e-18 0 
4 -1 0 0.255916 0.255916 73.761 -3.75178 6.36503 6.36503 5.87805 6.25128 3.64628 0.622755 1.99193 2.03408 -3.7858 3.39737 3.39737 2.28327 2.69072 3.44643 -0.794522 0.758843 0.492404 -3.8923 -5.95992 -5.95992 -6.25128 -5.87805 -0.302685 -3.4611 -2.03408 -1.99193 -3.85361 -2.72361 -2.72361 1.01116 -3.44643 -2.69072 -2.11137 -0.492404 -0.758844 0.973712 0 0.440441 0.169305 0.440441 -0.169305 -0.048396 0.0597796 -0.048396 -0.0597796 -0.0233919 0.0289292 -0.0233919 -0.0289292 0.00646677 0.00991815 0.00646677 -0.00991815 0.0148394 0 0.00511099 0 6.94053e-05 0 -8.24814e-17 0 2.96191e-17 0 1.51397e-18 0 8.30867e-18 0 8.92759e-18 0 -4.23123e-18 0 
4 -1 0 0.252665 0.252665 74.4503 -3.75671 6.3632 6.3632 5.87319 6.24888 3.65112 0.616622 1.99187 2.03309 -3.79099 3.41646 3.41646 2.29382 2.70285 3.47248 -0.795487 0.766954 0.495132 -3.89844 -5.9551 -5.9551 -6.24888 -5.87319 -0.296278 -3.46544 -2.03309 -1.99187 -3.85983 -2.74002 -2.74002 1.01048 -3.47248 -2.70285 -2.12468 -0.495132 -0.766954 1.06473 0 0.343818 0.374076 0.343818 -0.374076 -0.0385749 0.0564445 -0.0385749 -0.0564445 -0.0144088 0.0324639 -0.0144088 -0.0324639 0.00720211 0.00893532 0.00720211 -0.00893532 0.0144695 0 0.00499672 0 -0.000149196 0 -5.68723e-18 0 7.79926e-18 0 -3.04378e-18 0 9.53347e-18 0 -8.15516e-19 0 -4.05613e-18 0 
3 -1 0 0.249505 0.249505 75.1375 -3.76154 6.36119 6.36119 5.86768 6.24681 3.65574 0.611317 1.99204 2.03219 -3.79595 3.43544 3.43544 2.30416 2.71474 3.49847 -0.795937 0.77497 0.497873 -3.904 -5.95044 -5.95044 -6.24681 -5.86768 -0.289975 -3.46961 -2.03219 -1.99204 -3.86577 -2.75603 -2.75603 1.00916 -3.49847 -2.71474 -2.13793 -0.497874 -0.77497 1.0048 0 0.124995 0.487821 0.124995 -0.487821 -0.0298917 0.0542028 -0.0298917 -0.0542028 -0.0193133 0.029568 -0.0193133 -0.029568 0.00658099 0.009183 0.00658099 -0.009183 0.0139393 0 0.00485854 0 4.12928e-18 0 -1.79777e-05 0 -4.48728e-18 0 7.05326e-18 0 5.63303e-18 0 -1.63479e-18 0 2.89794e-18 0 
4 -1 0 0.246313 0.246313 75.848 -3.76673 6.35967 6.35967 5.8624 6.24417 3.66061 0.605167 1.99175 2.03129 -3.80119 3.45492 3.45492 2.31494 2.72738 3.52433 -0.796442 0.78327 0.500764 -3.91036 -5.94618 -5.94618 -6.24417 -5.8624 -0.283325 -3.47395 -2.03129 -1.99175 -3.87188 -2.77292 -2.77292 1.0089 -3.52433 -2.72738 -2.15106 -0.500764 -0.78327 0.923455 0 -0.139636 0.450294 -0.139636 -0.450294 -0.024237 0.0504283 -0.024237 -0.0504283 -0.0353637 0.010857 -0.0353637 -0.010857 0.00523282 0.0100276 0.00523282 -0.0100276 0.0133609 0 0.00474452 0 0.00032218 0 -5.21886e-17 0 4.09419e-17 0 -4.72855e-18 0 -2.53746e-19 0 -1.18332e-17 0 6.72564e-18 0 
4 -1 0 0.24323 0.24323 76.555 -3.77152 6.35818 6.35818 5.85739 6.24154 3.66555 0.59949 1.99133 2.03 -3.80629 3.47461 3.47461 2.32571 2.73968 3.54982 -0.796659 0.791532 0.503436 -3.91637 -5.94212 -5.94212 -6.24154 -5.85739 -0.276576 -3.47814 -2.03 -1.99133 -3.87789 -2.78932 -2.78932 1.00851 -3.54982 -2.73968 -2.164 -0.503436 -0.791532 0.960651 0 -0.341665 0.243113 -0.341665 -0.243113 -0.0208732 0.0466124 -0.0208732 -0.0466124 -0.0278472 0.0223586 -0.0278472 -0.0223586 0.00574737 0.00931356 0.00574737 -0.00931356 0.0129371 0 0.00464476 0 0.00015674 0 -2.85521e-17 0 1.25101e-16 0 5.14039e-18 0 1.34863e-17 0 -7.89381e-18 0 7.0766e-18 0 
4 -1 0 0.240404 0.240404 77.2348 -3.77593 6.35673 6.35673 5.8534 6.23955 3.67013 0.595477 1.99115 2.02819 -3.81082 3.4927 3.4927 2.33543 2.75061 3.57539 -0.796926 0.799391 0.506109 -3.92232 -5.93778 -5.93778 -6.23955 -5.8534 -0.270393 -3.48202 -2.02819 -1.99115 -3.88342 -2.80444 -2.80444 1.007 -3.57539 -2.75061 -2.17694 -0.506109 -0.799391 0.955932 0 -0.322769 0.164492 -0.322769 -0.164492 -0.0202322 0.0428378 -0.0202322 -0.0428378 -0.0270507 0.0234034 -0.0270507 -0.0234034 0.00553407 0.00916717 0.00553407 -0.00916717 0.0125235 0 0.00454722 0 0.000120359 0 3.70448e-17 0 -4.92107e-17 0 -6.70581e-18 0 -7.27772e-18 0 -1.05896e-17 0 1.23549e-18 0 
4 -1 0 0.237602 0.237602 77.922 -3.78039 6.35464 6.35464 5.84832 6.23733 3.67463 0.591367 1.99092 2.0269 -3.81536 3.51085 3.51085 2.34536 2.7619 3.60074 -0.796621 0.807342 0.508733 -3.92764 -5.93412 -5.93412 -6.23733 -5.84832 -0.263681 -3.48578 -2.0269 -1.99092 -3.88886 -2.81983 -2.81983 1.0052 -3.60074 -2.7619 -2.18983 -0.508733 -0.807342 1.03102 0 -0.415017 0 -0.218686 0 -0.0198228 0.0408444 -0.0198228 -0.0408444 -0.0126578 0.0296422 -0.0126578 -0.0296422 0.0067011 0.00781989 0.0067011 -0.00781989 0.012271 0 0.00444758 0 -8.80181e-05 0 5.85615e-18 0 -5.98854e-17 0 2.81131e-18 0 2.80788e-17 0 -7.19315e-18 0 -6.863e-18 0 
4 -1 0 0.234921 0.234921 78.61 -3.78418 6.35264 6.35264 5.84331 6.23534 3.67885 0.586643 1.99075 2.02584 -3.8196 3.52879 3.52879 2.35499 2.77262 3.62599 -0.796262 0.814986 0.511541 -3.9333 -5.93017 -5.93017 -6.23534 -5.84331 -0.256978 -3.4894 -2.02584 -1.99075 -3.89417 -2.83534 -2.83534 1.00269 -3.62599 -2.77262 -2.20257 -0.511541 -0.814986 1.03976 0 -0.354905 0 -0.17178 0 -0.0208366 0.0381288 -0.0208366 -0.0381288 -0.00436397 0.0285102 -0.00436397 -0.0285102 0.00757525 0.00642632 0.00757525 -0.00642632 0.0121698 0 0.00434835 0 -0.000219918 0 2.44744e-17 0 -6.02896e-17 0 2.24569e-17 0 -5.92734e-19 0 -2.02553e-17 0 -9.63728e-20 0 
4 -1 0 0.232092 0.232092 79.3305 -3.78914 6.35183 6.35183 5.83918 6.23265 3.68361 0.582739 1.98972 2.02394 -3.82432 3.54699 3.54699 2.36485 2.78488 3.65154 -0.796169 0.823269 0.514269 -3.93948 -5.926 -5.926 -6.23265 -5.83918 -0.249393 -3.4936 -2.02394 -1.98972 -3.8998 -2.85164 -2.85164 1.00084 -3.65154 -2.78488 -2.21559 -0.514269 -0.823269 0.975282 0 -0.227557 0 -0.190352 0 -0.0229738 0.0356499 -0.0229738 -0.0356499 -0.0228004 0.0225999 -0.0228004 -0.0225999 0.00562491 0.00823824 0.00562491 -0.00823824 0.0113362 0 1.25186e-18 0 2.17162e-05 0 0.00422282 0 9.25865e-17 0 -2.27678e-17 0 1.62306e-18 0 -9.05695e-18 0 2.57429e-18 0 
4 -1 0 0.229516 0.229516 80.03 -3.79344 6.35045 6.35045 5.83488 6.2306 3.68776 0.578459 1.98945 2.02232 -3.82852 3.56516 3.56516 2.3746 2.7957 3.67666 -0.795326 0.830832 0.517101 -3.94455 -5.92256 -5.92256 -6.2306 -5.83488 -0.242604 -3.4971 -2.02232 -1.98945 -3.90498 -2.86682 -2.86682 0.99843 -3.67666 -2.7957 -2.22834 -0.517101 -0.830832 1.07922 0 -0.231082 0 -0.140897 0 -0.0253591 0.0335884 -0.0253591 -0.0335884 -0.00360914 0.0270731 -0.00360914 -0.0270731 0.00694466 0.00619406 0.00694466 -0.00619406 0.0113283 0 0.00408126 0 -7.02418e-05 0 7.8342e-18 0 -1.59995e-17 0 -7.71586e-18 0 -4.89443e-18 0 7.10601e-18 0 1.74688e-18 0 
4 -1 0 0.227111 0.227111 80.7079 -3.79712 6.34938 6.34938 5.83066 6.22876 3.69162 0.574424 1.98927 2.02027 -3.83235 3.5821 3.5821 2.38367 2.80576 3.70154 -0.794759 0.838223 0.519669 -3.94953 -5.91912 -5.91912 -6.22876 -5.83066 -0.235969 -3.5003 -2.02027 -1.98927 -3.90991 -2.88117 -2.88117 0.994902 -3.70154 -2.80576 -2.24117 -0.519669 -0.838223 1.07844 0 -0.243416 0 -0.104597 0 -0.0285193 0.0317754 -0.0285193 -0.0317754 -0.00465882 0.0284436 -0.00465882 -0.0284436 0.00693108 0.00623794 0.00693108 -0.00623794 0.0109522 0 -6.61546e-05 0 0.00397884 0 -5.81184e-18 0 1.04148e-17 0 2.9033e-18 0 9.89288e-18 0 -4.24044e-18 0 -2.16765e-18 0 
3 -1 0 0.224662 0.224662 81.3934 -3.80101 6.34902 6.34902 5.82546 6.22654 3.69576 0.570829 1.98919 2.01846 -3.83633 3.59872 3.59872 2.39252 2.81602 3.72593 -0.794318 0.846415 0.522036 -3.95474 -5.91493 -5.91493 -6.22654 -5.82546 -0.229268 -3.50376 -2.01846 -1.98919 -3.91484 -2.89609 -2.89609 0.992092 -3.72593 -2.81602 -2.2534 -0.522036 -0.846415 1.0063 0 -0.237764 0 -0.0859871 0 -0.0115227 0.0265393 -0.0115227 -0.0265393 -0.0352334 0.0267502 -0.0352334 -0.0267502 0.00627201 0.00661342 0.00627201 -0.00661342 0.0103934 0 0.00387189 0 -0.000144636 0 1.6612e-19 0 -1.0912e-17 0 8.20024e-18 0 -1.48373e-17 0 2.00472e-18 0 2.4752e-18 0 
3 -1 0 0.222312 0.222312 82.085 -3.80469 6.34751 6.34751 5.82149 6.22467 3.69959 0.567891 1.98886 2.01683 -3.8401 3.61559 3.61559 2.40165 2.826 3.75045 -0.793339 0.85408 0.524585 -3.95952 -5.91131 -5.91131 -6.22467 -5.82149 -0.222561 -3.50698 -2.01683 -1.98886 -3.91963 -2.91098 -2.91098 0.988829 -3.75045 -2.826 -2.2658 -0.524585 -0.85408 1.00702 0 -0.141009 0.012784 -0.141009 -0.012784 -0.0100396 0.0261653 -0.0100396 -0.0261653 -0.0392789 0.0183262 -0.0392789 -0.0183262 0.00626916 0.006318 0.00626916 -0.006318 0.0100767 0 0.00375543 0 -0.000162564 0 6.48126e-18 0 1.26859e-17 0 -2.69534e-18 0 2.01227e-18 0 2.42591e-18 0 7.79901e-19 0 
3 -1 0 0.220006 0.220006 82.7742 -3.80914 6.34555 6.34555 5.81769 6.22277 3.70382 0.564644 1.9883 2.01507 -3.84389 3.63204 3.63204 2.41052 2.83616 3.77503 -0.792488 0.861695 0.527094 -3.96414 -5.90859 -5.90859 -6.22277 -5.81769 -0.216011 -3.51007 -2.01507 -1.9883 -3.92433 -2.92535 -2.92535 0.985315 -3.77503 -2.83616 -2.27844 -0.527093 -0.861695 0.983663 0 -0.108756 0.123079 -0.108756 -0.123079 -0.0308453 0.0179029 -0.0308453 -0.0179029 -0.0345315 0.0122637 -0.0345315 -0.0122637 0.00472046 0.00762479 0.00472046 -0.00762479 0.00956103 0 0.00366037 0 0.000186138 0 3.82203e-18 0 -1.62576e-17 0 1.99092e-18 0 1.06475e-18 0 2.83671e-18 0 1.25981e-18 0 
3 -1 0 0.217788 0.217788 83.4575 -3.81213 6.34456 6.34456 5.81414 6.22157 3.70754 0.561065 1.98761 2.01235 -3.84737 3.64791 3.64791 2.41905 2.84577 3.79931 -0.791872 0.86914 0.529649 -3.9693 -5.90508 -5.90508 -6.22157 -5.81414 -0.210057 -3.51334 -2.01235 -1.98761 -3.92897 -2.93983 -2.93983 0.981259 -3.79931 -2.84577 -2.29083 -0.529649 -0.86914 1.02318 0 -0.0441597 0.178694 -0.0441597 -0.178694 -0.0140061 0.0260247 -0.0140061 -0.0260247 -0.031067 0.00851498 -0.031067 -0.00851498 0.00546952 0.00658811 0.00546952 -0.00658811 0.00934769 0 0.0035417 0 4.29682e-18 0 -1.67926e-05 0 -7.5285e-18 0 1.42317e-17 0 1.32503e-17 0 7.75808e-19 0 3.68651e-19 0 
4 -1 0 0.215579 0.215579 84.1572 -3.81575 6.34395 6.34395 5.81023 6.21978 3.7115 0.557163 1.98725 2.01132 -3.85099 3.66414 3.66414 2.42775 2.85579 3.82354 -0.790902 0.876725 0.53236 -3.97412 -5.90185 -5.90185 -6.21978 -5.81023 -0.203804 -3.51641 -2.01132 -1.98725 -3.93349 -2.95433 -2.95433 0.977555 -3.82354 -2.85579 -2.30323 -0.53236 -0.876725 0.865029 0 0.075092 0.191474 0.075092 -0.191474 -0.0288039 0.0135312 -0.0288039 -0.0135312 -0.0286506 0.0057275 -0.0286506 -0.0057275 0.00467107 0.00706666 0.00467107 -0.00706666 0.00893012 0 5.74267e-05 0 -4.80349e-18 0 0.00344688 0 2.29978e-17 0 -8.8404e-18 0 -5.6493e-18 0 1.14082e-17 0 -1.49806e-18 0 
4 -1 0 0.213379 0.213379 84.8664 -3.82014 6.34342 6.34342 5.80597 6.21792 3.71521 0.553472 1.98682 2.00983 -3.85468 3.68072 3.68072 2.43662 2.86589 3.84745 -0.789722 0.884579 0.53484 -3.97855 -5.89836 -5.89836 -6.21792 -5.80597 -0.197783 -3.51949 -2.00983 -1.98681 -3.93801 -2.96901 -2.96901 0.974184 -3.84745 -2.86589 -2.31542 -0.534839 -0.884579 0.880987 0 0.269549 0 0.18338 0 -0.0264822 0.00721532 -0.0264822 -0.00721532 -0.0231055 0.0196984 -0.0231055 -0.0196984 0.00493519 0.00666986 0.00493519 -0.00666986 0.00866978 0 0.00333441 0 2.25025e-05 0 -8.55937e-18 0 3.41612e-18 0 8.78215e-18 0 -5.22282e-18 0 4.31257e-19 0 -9.63112e-19 0 
4 -1 0 0.211438 0.211438 85.533 -3.82263 6.34234 6.34234 5.8023 6.21686 3.71859 0.550837 1.98617 2.00787 -3.85764 3.69606 3.69606 2.44471 2.87451 3.87067 -0.788523 0.892013 0.537083 -3.98239 -5.89526 -5.89526 -6.21686 -5.8023 -0.193107 -3.52219 -2.00787 -1.98617 -3.94204 -2.98191 -2.98191 0.969842 -3.87067 -2.87451 -2.32721 -0.537082 -0.892013 1.11246 0 0.526138 0 0.0936259 0 -0.0244477 0.00997181 -0.0244477 -0.00997181 0.00171496 0.0241194 0.00171496 -0.0241194 0.00649831 0.00424007 0.00649831 -0.00424007 0.00894648 0 -0.000400045 0 0.00320526 0 -1.20104e-17 0 9.97939e-19 0 1.68401e-17 0 -3.06396e-19 0 9.79667e-19 0 2.21396e-18 0 
4 -1 0 0.209509 0.209509 86.2016 -3.82617 6.34092 6.34092 5.79816 6.21551 3.72185 0.548052 1.9856 2.00593 -3.86069 3.71037 3.71037 2.45227 2.88319 3.89409 -0.787862 0.899386 0.539355 -3.98645 -5.89208 -5.89208 -6.21551 -5.79816 -0.18808 -3.52483 -2.00593 -1.9856 -3.94611 -2.99514 -2.99514 0.965527 -3.89409 -2.88319 -2.33942 -0.539353 -0.899386 0.887198 0 1.17216 0 0.0526629 0 -0.0287638 0.00400478 -0.0287638 -0.00400478 -0.0148486 0.0258757 -0.0148486 -0.0258757 0.00498861 0.00592426 0.00498861 -0.00592426 0.00816056 0 -3.06712e-05 0 0.00312745 0 -6.05977e-19 0 5.32213e-18 0 -7.27339e-19 0 -1.45506e-18 0 -1.39356e-17 0 1.22783e-18 0 
4 -1 0 0.207613 0.207613 86.8775 -3.82953 6.33993 6.33993 5.7944 6.21411 3.72499 0.544977 1.98491 2.00444 -3.86369 3.72504 3.72504 2.46007 2.89203 3.91712 -0.786899 0.90693 0.541536 -3.99054 -5.88921 -5.88921 -6.21411 -5.7944 -0.183355 -3.5275 -2.00444 -1.98491 -3.95009 -3.00849 -3.00849 0.961337 -3.91712 -2.89203 -2.35137 -0.541532 -0.906931 1.02404 0 0.916055 0 0.0536753 0 -0.0241286 0.00653129 -0.0241286 -0.00653129 -0.0126592 0.0242302 -0.0126592 -0.0242302 0.00486217 0.00563632 0.00486217 -0.00563632 0.00791752 0 0.00303413 0 -4.03469e-05 0 -4.92919e-18 0 9.36306e-19 0 -1.46197e-18 0 5.12985e-18 0 -5.88875e-19 0 -2.55988e-19 0 
3 -1 0 0.207449 0.207449 86.9354 -3.82938 6.34025 6.34016 5.79435 6.21334 3.72549 0.544067 1.98457 2.00502 -3.86399 3.72704 3.72729 2.46111 2.89265 3.91872 -0.786367 0.907522 0.541599 -3.99122 -5.88889 -5.88899 -6.21333 -5.79435 -0.182849 -3.52783 -2.00524 -1.98483 -3.9504 -3.00925 -3.00917 0.961581 -3.91864 -2.89279 -2.35199 -0.542044 -0.907414 1.00035 0 0.892479 0 0.0515398 0 -0.0158083 0.023605 -0.0158083 -0.023605 -0.0224353 0.0107135 -0.0224353 -0.0107135 0.00469877 0.00584209 0.00469877 -0.00584209 0.00787014 0 0.003028 0 1.9191e-07 0 -8.00562e-18 0 -1.39398e-17 0 -1.18302e-17 0 1.422e-17 0 2.03848e-19 0 -2.03071e-18 0 
3 -1 0 0.206733 0.206733 87.1925 -3.83055 6.3385 6.34194 5.79284 6.2126 3.72672 0.5427 1.98935 2.00803 -3.86513 3.73716 3.72826 2.46397 2.89858 3.92569 -0.786139 0.908618 0.550539 -3.99252 -5.88971 -5.88596 -6.21343 -5.79278 -0.182506 -3.52891 -2.00081 -1.97923 -3.95188 -3.0127 -3.01584 0.960204 -3.92845 -2.89388 -2.35624 -0.539736 -0.912373 0.987579 0 0.892063 0 0.0454036 0 -0.0164599 0.0228375 -0.0164599 -0.0228375 -0.0280512 0.0115959 -0.0280512 -0.0115959 0.00465728 0.00583908 0.00465728 -0.00583908 0.00776 0 0.00300371 0 -3.81308e-06 0 3.07451e-17 0 -1.32164e-17 0 6.43631e-18 0 9.34143e-18 0 -1.01851e-18 0 1.3553e-18 0 
3 -1 0 0.206014 0.206014 87.4546 -3.83185 6.33837 6.34194 5.79126 6.21207 3.72797 0.541742 1.9896 2.00718 -3.86628 3.74303 3.73364 2.46688 2.90211 3.93428 -0.785828 0.911461 0.551838 -3.99393 -5.88878 -5.88474 -6.21299 -5.79121 -0.180997 -3.52995 -1.99996 -1.97842 -3.95339 -3.01766 -3.02113 0.958669 -3.93714 -2.8973 -2.36067 -0.541077 -0.915371 0.996647 0 0.862773 0 0.0490507 0 -0.0163903 0.0232509 -0.0163903 -0.0232509 -0.0250845 0.0105487 -0.0250845 -0.0105487 0.00463268 0.00578367 0.00463268 -0.00578367 0.0076639 0 0.00297028 0 1.99714e-05 0 4.40152e-18 0 1.06121e-17 0 -6.6086e-18 0 -1.28712e-18 0 -1.02523e-18 0 -2.48831e-18 0 
3 -1 0 0.205597 0.205597 87.6349 -3.83252 6.33892 6.33904 5.78996 6.21181 3.72883 0.542475 1.98461 2.00272 -3.86674 3.7423 3.74196 2.46899 2.90167 3.94237 -0.78516 0.914819 0.544298 -3.99511 -5.88617 -5.88603 -6.21185 -5.78995 -0.178193 -3.53029 -2.00248 -1.98421 -3.95422 -3.02269 -3.02282 0.956344 -3.94247 -2.90148 -2.36431 -0.543899 -0.914956 0.972889 0 0.811226 0 0.0440413 0 -0.0287302 0.00926384 -0.0287302 -0.00926384 -0.0162168 0.0226697 -0.0162168 -0.0226697 0.00454654 0.00573566 0.00454654 -0.00573566 0.00760636 0 0.00294491 0 -3.8714e-18 0 -3.20294e-06 0 5.63262e-18 0 -1.01182e-17 0 2.19029e-18 0 -4.59406e-18 0 3.22031e-18 0 
3 -1 0 0.204753 0.204753 87.948 -3.83389 6.33876 6.33877 5.78806 6.21126 3.73032 0.541051 1.98414 2.00212 -3.86806 3.74879 3.74878 2.47244 2.90557 3.95292 -0.784767 0.918348 0.545544 -3.99701 -5.88491 -5.88491 -6.21126 -5.78806 -0.176146 -3.53146 -2.00212 -1.98414 -3.95601 -3.02867 -3.02867 0.954317 -3.95292 -2.90557 -2.36977 -0.545543 -0.918349 0.976308 0 0.766348 0 0.0426285 0 -0.0283083 0.0101933 -0.0283083 -0.0101933 -0.0164414 0.0234033 -0.0164414 -0.0234033 0.00451921 0.00565118 0.00451921 -0.00565118 0.00749129 0 7.6959e-19 0 -2.13959e-06 0 0.00289979 0 -6.40475e-18 0 3.66639e-18 0 -4.88122e-18 0 7.89038e-19 0 -3.26477e-19 0 
3 -1 0 0.204301 0.204301 88.1163 -3.83468 6.33868 6.33868 5.78705 6.21096 3.73112 0.540215 1.98399 2.00194 -3.86876 3.75227 3.75227 2.47423 2.90775 3.95857 -0.784574 0.920231 0.546389 -3.99803 -5.88426 -5.88426 -6.21096 -5.78705 -0.175058 -3.53209 -2.00194 -1.98399 -3.95698 -3.03185 -3.03185 0.953221 -3.95857 -2.90775 -2.37271 -0.546389 -0.920231 0.979713 0 0.769928 0 0.0417407 0 -0.0280892 0.0106741 -0.0280892 -0.0106741 -0.0164493 0.0238065 -0.0164493 -0.0238065 0.00451922 0.00559296 0.00451922 -0.00559296 0.00742818 0 -7.73738e-18 0 -1.80157e-06 0 0.00287422 0 -4.19647e-18 0 -2.55256e-18 0 3.1068e-18 0 3.39446e-20 0 -1.68539e-18 0 
4 -1 0 0.203294 0.203294 88.4748 -3.83657 6.3388 6.33881 5.78576 6.2113 3.7328 0.538089 1.98331 2.00205 -3.8705 3.7602 3.76018 2.47839 2.91251 3.96992 -0.784121 0.924155 0.54836 -4.00007 -5.88268 -5.88267 -6.21131 -5.78576 -0.173257 -3.53371 -2.00203 -1.98327 -3.95915 -3.03912 -3.03913 0.951605 -3.96993 -2.9125 -2.37853 -0.548352 -0.924164 0.996587 0 1.16471 0 -0.0142275 0.0238498 -0.0142275 -0.0238498 0.0400423 0 -0.0293759 0.00666258 -0.0293759 -0.00666258 0.00458829 0.00541574 0.00458829 -0.00541574 0.00730762 0 0.00281545 0 -3.30294e-07 0 -3.34636e-17 0 9.12103e-18 0 -1.23908e-17 0 3.66107e-18 0 -4.30976e-18 0 7.60803e-19 0 
4 -1 0 0.202078 0.202078 88.964 -3.83872 6.3377 6.3377 5.78288 6.21063 3.73488 0.536145 1.98291 2.00041 -3.87225 3.76996 3.76996 2.4834 2.91815 3.98681 -0.783415 0.929392 0.551228 -4.00284 -5.88051 -5.88051 -6.21063 -5.78288 -0.170441 -3.53539 -2.00041 -1.98291 -3.96167 -3.04814 -3.04814 0.947788 -3.98681 -2.91815 -2.38746 -0.551228 -0.929392 0.916548 0 1.24845 0 -0.0142391 0.0244333 -0.0142391 -0.0244333 -0.0361665 0.00771349 -0.0361665 -0.00771349 0.0352436 0 0.0045988 0.00527756 0.0045988 -0.00527756 0.00713806 0 0.00274854 0 -2.90381e-06 0 -4.11268e-17 0 9.9895e-18 0 -1.59125e-17 0 1.13558e-17 0 -3.1226e-18 0 -1.43715e-18 0 
4 -1 0 0.200773 0.200773 89.4963 -3.84095 6.33718 6.33718 5.77972 6.2098 3.7372 0.533805 1.98244 1.99915 -3.87412 3.78056 3.78056 2.48885 2.92432 4.0051 -0.782682 0.935133 0.554138 -4.00595 -5.87828 -5.87828 -6.2098 -5.77972 -0.167421 -3.53718 -1.99915 -1.98244 -3.96438 -3.0577 -3.0577 0.943473 -4.0051 -2.92432 -2.3971 -0.554138 -0.935133 1.02636 0 0.761991 0 -0.00919064 0.0233602 -0.00919064 -0.0233602 0.0391317 0 -0.0449138 0 -0.0317327 0 0.00452532 0.00485092 0.00452532 -0.00485092 0.0070124 0 -7.56823e-05 0 -4.63036e-18 0 0.00268092 0 5.59684e-18 0 3.80958e-19 0 3.75753e-18 0 -1.34287e-20 0 1.403e-18 0 
4 -1 0 0.198904 0.198904 90.224 -3.84379 6.3375 6.3375 5.77702 6.20773 3.74044 0.530055 1.9813 1.99805 -3.87717 3.79568 3.79568 2.49675 2.93395 4.02756 -0.781687 0.943425 0.558118 -4.00969 -5.87522 -5.87522 -6.20773 -5.77702 -0.163273 -3.54029 -1.99805 -1.9813 -3.96846 -3.07206 -3.07206 0.940027 -4.02756 -2.93395 -2.40844 -0.558118 -0.943425 0.995198 0 1.47353 0 -0.0960144 0 -0.0656401 0 0.0181988 0 -0.0121349 0.0237976 -0.0121349 -0.0237976 0.00439038 0.00490202 0.00439038 -0.00490202 0.00670871 0 9.81139e-06 0 0.00257665 0 5.09179e-17 0 -5.06056e-17 0 -2.87536e-17 0 -3.29134e-17 0 2.37043e-18 0 1.83562e-17 0 
4 -1 0 0.197316 0.197316 90.8998 -3.84676 6.33669 6.33669 5.77337 6.20675 3.74341 0.527315 1.98084 1.99749 -3.87955 3.80879 3.80879 2.50355 2.9417 4.0498 -0.780655 0.950319 0.561995 -4.01331 -5.87224 -5.87224 -6.20675 -5.77337 -0.159859 -3.5426 -1.99749 -1.98084 -3.97176 -3.08445 -3.08445 0.935128 -4.0498 -2.9417 -2.4204 -0.561995 -0.950319 0.989432 0 1.44629 0 -0.171323 0 -0.0821958 0 -0.0115502 0.0213029 -0.0115502 -0.0213029 0.0138382 0 0.00416265 0.00481197 0.00416265 -0.00481197 2.03568e-05 0 0.00649092 0 0.00249811 0 6.67803e-17 0 -8.15637e-18 0 -1.24535e-17 0 1.83613e-17 0 1.42769e-17 0 6.19661e-18 0 
4 -1 0 0.195745 0.195745 91.5822 -3.84878 6.33539 6.33539 5.76934 6.20571 3.74628 0.524942 1.98029 1.99671 -3.88185 3.82229 3.82229 2.51054 2.94983 4.07171 -0.779421 0.957145 0.56547 -4.01654 -5.86965 -5.86965 -6.20571 -5.76934 -0.156593 -3.54488 -1.99671 -1.98029 -3.97501 -3.09642 -3.09642 0.930029 -4.07171 -2.94983 -2.43226 -0.565471 -0.957145 0.577773 0 1.4607 0 -0.12188 0 -0.075856 0 -0.0115178 0.0203137 -0.0115178 -0.0203137 0.0178077 0 0.00401883 0.00469324 0.00401883 -0.00469324 0.00627734 0 0.00241928 0 3.13762e-05 0 -7.32074e-17 0 8.47138e-18 0 -1.77852e-17 0 -2.09264e-17 0 1.36464e-17 0 8.77265e-18 0 
4 -1 0 0.194289 0.194289 92.2334 -3.8514 6.33487 6.33486 5.76615 6.20512 3.74893 0.522444 1.97966 1.99491 -3.88395 3.83487 3.83487 2.51704 2.95665 4.09328 -0.77846 0.963681 0.569453 -4.02014 -5.8669 -5.8669 -6.20512 -5.76615 -0.153536 -3.54695 -1.99491 -1.97966 -3.97815 -3.10793 -3.10793 0.925074 -4.09328 -2.95665 -2.4438 -0.569453 -0.963681 1.11412 0 0.304589 0 -0.178804 0 0.0399687 0 -0.0344599 0 0.0082427 0.0153792 0.0082427 -0.0153792 0.0105263 0 0.00479244 0.00100619 0.00479244 -0.00100619 -0.000258291 0 -2.31036e-18 0 0.00230416 0 -1.05884e-17 0 -3.71333e-18 0 1.06859e-18 0 4.78213e-18 0 1.01687e-18 0 
4 -1 0 0.192778 0.192778 92.9122 -3.85385 6.33443 6.33443 5.76278 6.20401 3.7515 0.519382 1.97902 1.99379 -3.8862 3.84742 3.84742 2.52342 2.96449 4.1146 -0.777784 0.970974 0.573156 -4.02353 -5.86429 -5.86429 -6.20401 -5.76278 -0.150455 -3.54914 -1.99379 -1.97902 -3.9815 -3.12018 -3.12018 0.920607 -4.1146 -2.96449 -2.45514 -0.573156 -0.970974 0.931771 0 0.237751 0 -0.24078 0 0.0417099 0 -0.0352644 0 -0.0231789 0.0184253 -0.0231789 -0.0184253 0.00384739 0.00471055 0.00384739 -0.00471055 0.00584235 0 0.00226729 0 4.16026e-05 0 -1.13366e-17 0 -7.16572e-18 0 -4.8816e-18 0 -1.88795e-19 0 -3.6003e-19 0 5.6209e-18 0 
4 -1 0 0.191325 0.191325 93.5819 -3.85635 6.33424 6.33424 5.75886 6.2029 3.75409 0.516827 1.97831 1.99387 -3.88832 3.85968 3.85968 2.52957 2.97239 4.13528 -0.777138 0.978503 0.576351 -4.02615 -5.86163 -5.86163 -6.2029 -5.75886 -0.147494 -3.55126 -1.99387 -1.97831 -3.9846 -3.13176 -3.13176 0.916288 -4.13528 -2.97239 -2.46602 -0.576351 -0.978503 0.917111 0 0.253547 0 -0.273656 0 0.0408388 0 -0.03637 0 -0.0257393 0.0137921 -0.0257393 -0.0137921 0.00377684 0.00466047 0.00377684 -0.00466047 0.00565203 0 0.00219169 0 3.90799e-05 0 8.96077e-18 0 -4.41668e-18 0 -3.43516e-18 0 -1.94722e-18 0 1.63071e-18 0 -7.4096e-19 0 
4 -1 0 0.189961 0.189961 94.2471 -3.85826 6.33301 6.33301 5.75589 6.20199 3.75678 0.51396 1.97784 1.99268 -3.89024 3.87211 3.87211 2.53581 2.97935 4.15601 -0.775707 0.985377 0.580153 -4.02978 -5.85939 -5.85939 -6.20199 -5.75589 -0.144763 -3.55319 -1.99268 -1.97785 -3.98741 -3.14277 -3.14277 0.911583 -4.15601 -2.97935 -2.47711 -0.580153 -0.985377 0.928972 0 0.404509 0 -0.154916 0 0.0425255 0 -0.0487794 0 -0.0345095 0 -0.0223605 0 0.00351121 0.0047731 0.00351121 -0.0047731 0.00544115 0 0.000109144 0 0.00211673 0 9.10772e-18 0 -2.70132e-17 0 -4.15953e-18 0 5.76733e-20 0 1.53804e-18 0 6.68223e-18 0 
4 -1 0 0.188578 0.188578 94.9308 -3.86071 6.33309 6.33309 5.75195 6.20109 3.75902 0.510998 1.97733 1.99128 -3.89224 3.88477 3.88477 2.54237 2.98666 4.17673 -0.774636 0.992172 0.584055 -4.03233 -5.85621 -5.85621 -6.20109 -5.75195 -0.141918 -3.55518 -1.99128 -1.97735 -3.99044 -3.1545 -3.15449 0.906949 -4.17673 -2.98666 -2.48824 -0.584057 -0.992174 0.912242 0 0.86882 0 -0.0920258 0 -0.0593379 0 0.022735 0 -0.0131131 0.0196948 -0.0131131 -0.0196948 0.00350561 0.0040483 0.00350561 -0.0040483 -3.48243e-06 0 0.00531971 0 0.00204035 0 -1.20785e-15 0 -2.01537e-17 0 -1.18088e-17 0 -6.92755e-18 0 2.51809e-19 0 -1.76039e-18 0 
4 -1 0 0.188304 0.188304 95.0686 -3.86111 6.33324 6.33307 5.75119 6.2009 3.75948 0.510458 1.97624 1.99085 -3.89263 3.88716 3.88731 2.54362 2.98837 4.18093 -0.774494 0.993441 0.584688 -4.03299 -5.85566 -5.85577 -6.20088 -5.75119 -0.141317 -3.55553 -1.99117 -1.97824 -3.99104 -3.15704 -3.1566 0.90597 -4.18087 -2.98805 -2.49052 -0.584981 -0.993609 0.912242 0 0.86882 0 -0.0920258 0 -0.0593379 0 0.022735 0 -0.0131131 0.0196948 -0.0131131 -0.0196948 0.00350561 0.0040483 0.00350561 -0.0040483 -3.48243e-06 0 0.00531971 0 0.00204035 0 -1.20785e-15 0 -2.01537e-17 0 -1.18088e-17 0 -6.92755e-18 0 2.51809e-19 0 -1.76039e-18 0 
