2 1 0 0.1 0 -2.23576 1.48464 1.48464 1.37708 0.02552 -0.02552 -0.000443 0.023693 -0.023693 -2.23576 1.48464 1.48464 1.37708 0.02552 -0.02552 -0.000443 0.023693 -0.023693 
1 1 0.0385524 0.1 0 -2.23086 1.48145 1.48145 1.37419 0.026562 -0.026562 -0.000476 0.024661 -0.024661 -2.23086 1.48145 1.48145 1.37419 0.026562 -0.026562 -0.000476 0.024661 -0.024661 
1 1 0.0771598 0.1 0 -2.22598 1.47827 1.47827 1.3713 0.027387 -0.027387 -0.000503 0.025427 -0.025427 -2.22598 1.47827 1.47827 1.3713 0.027387 -0.027387 -0.000503 0.025427 -0.025427 
1 1 0.154466 0.1 0 -2.2163 1.47196 1.47196 1.36559 0.02863 -0.02863 -0.000545 0.026584 -0.026584 -2.2163 1.47196 1.47196 1.36559 0.02863 -0.02863 -0.000545 0.026584 -0.026584 
1 1 0.270571 0.1 1826.24 -2.20193 1.4626 1.4626 1.35711 0.029904 -0.029904 -0.000591 0.027771 -0.027771 -2.20193 1.4626 1.4626 1.35711 0.029904 -0.029904 -0.000591 0.027771 -0.027771 
1 1 0.444953 0.1 502.911 -2.18068 1.44877 1.44877 1.34459 0.03109 -0.03109 -0.000638 0.028879 -0.028879 -2.18068 1.44877 1.44877 1.34459 0.03109 -0.03109 -0.000638 0.028879 -0.028879 
1 1 0.706914 0.1 295.197 -2.14948 1.42847 1.42847 1.32623 0.032008 -0.032008 -0.000678 0.029744 -0.029744 -2.14948 1.42847 1.42847 1.32623 0.032008 -0.032008 -0.000678 0.029744 -0.029744 
1 1 1.1006 0.1 230.751 -2.10407 1.39895 1.39895 1.29952 0.032407 -0.032407 -0.000704 0.030131 -0.030131 -2.10407 1.39895 1.39895 1.29952 0.032407 -0.032407 -0.000704 0.030131 -0.030131 
1 1 1.32636 0.1 219.959 -2.07879 1.38252 1.38252 1.28465 0.032331 -0.032331 -0.000707 0.030071 -0.030071 -2.07879 1.38252 1.38252 1.28465 0.032331 -0.032331 -0.000707 0.030071 -0.030071 
2 1 1.81397 0.1 217.391 -2.02595 1.34818 1.34818 1.2536 0.031706 -0.031706 -0.000695 0.029511 -0.029511 -2.02595 1.34818 1.34818 1.2536 0.031706 -0.031706 -0.000695 0.029511 -0.029511 
2 1 2.30259 0.1 317.679 -1.97529 1.31526 1.31526 1.22385 0.030629 -0.030629 -0.000662 0.02853 -0.02853 -1.97529 1.31526 1.31526 1.22385 0.030629 -0.030629 -0.000662 0.02853 -0.02853 
2 1 2.79212 0.1 317.679 -1.92666 1.28368 1.28368 1.19531 0.029181 -0.029181 -0.000615 0.027202 -0.027202 -1.92666 1.28368 1.28368 1.19531 0.029181 -0.029181 -0.000615 0.027202 -0.027202 
2 1 3.28246 0.1 317.679 -1.87995 1.25335 1.25335 1.16791 0.027353 -0.027353 -0.000552 0.025517 -0.025517 -1.87995 1.25335 1.25335 1.16791 0.027353 -0.027353 -0.000552 0.025517 -0.025517 
2 1 3.77353 0.1 317.679 -1.83506 1.22421 1.22421 1.1416 0.025058 -0.025058 -0.000473 0.023394 -0.023394 -1.83506 1.22421 1.22421 1.1416 0.025058 -0.025058 -0.000473 0.023394 -0.023394 
2 1 4.26524 0.1 317.679 -1.79186 1.19619 1.19619 1.1163 0.022103 -0.022103 -0.000375 0.020652 -0.020652 -1.79186 1.19619 1.19619 1.1163 0.022103 -0.022103 -0.000375 0.020652 -0.020652 
2 1 4.75751 0.1 317.679 -1.75027 1.16922 1.16922 1.09198 0.018072 -0.018072 -0.000256 0.016899 -0.016899 -1.75027 1.16922 1.16922 1.09198 0.018072 -0.018072 -0.000256 0.016899 -0.016899 
2 1 5.25015 0.1 317.679 -1.71021 1.14325 1.14325 1.06859 0.011732 -0.011732 -0.00011 0.010979 -0.010979 -1.71021 1.14325 1.14325 1.06859 0.011732 -0.011732 -0.00011 0.010979 -0.010979 
4 -1 1.2 1.2 420 -2.09778 0.832211 1.05404 0.588908 1.12366 0.913893 0.691795 0.782323 0.501104 -2.09786 1.05345 0.844023 0.576987 0.82492 1.09017 0.584328 0.488904 0.774759 
3 -1 1.20095 1.20095 420.222 -2.09786 0.823284 1.05216 0.581708 1.13021 0.916209 0.697536 0.785393 0.496813 -2.09782 1.04718 0.839571 0.569945 0.832058 1.09319 0.591104 0.4909 0.772506 
3 -1 1.20182 1.20182 421.697 -2.09793 0.813062 1.04519 0.57089 1.13765 0.924185 0.708124 0.785188 0.494769 -2.09776 1.04034 0.829505 0.558675 0.839462 1.10048 0.60069 0.489864 0.772678 
3 -1 1.20332 1.20332 423.61 -2.09783 0.797943 1.03459 0.554968 1.14838 0.935788 0.723696 0.784429 0.491506 -2.09765 1.0301 0.814409 0.541979 0.850228 1.11115 0.614855 0.4879 0.772641 
3 -1 1.2077 1.2077 424.342 -2.09743 0.774365 1.02032 0.531889 1.16436 0.950878 0.745649 0.784177 0.484462 -2.09736 1.01561 0.792806 0.518308 0.86377 1.12551 0.633262 0.484264 0.772006 
3 -1 1.21131 1.21131 428.492 -2.0972 0.739772 0.996737 0.497384 1.18632 0.975609 0.779271 0.780172 0.474473 -2.09712 0.992219 0.758752 0.481761 0.886707 1.14748 0.664024 0.477764 0.769246 
3 -1 1.21714 1.21714 430.455 -2.09677 0.703961 0.974017 0.463689 1.20803 0.997643 0.811395 0.776023 0.461282 -2.09676 0.969333 0.725253 0.446626 0.906834 1.16738 0.691927 0.469635 0.764952 
3 -1 1.22127 1.22127 434.244 -2.09669 0.66837 0.94968 0.430393 1.22792 1.02092 0.843748 0.76864 0.447732 -2.09644 0.945141 0.690621 0.41123 0.928169 1.18686 0.721333 0.460087 0.758555 
3 -1 1.22557 1.22557 437.938 -2.09597 0.631607 0.924872 0.397497 1.24696 1.04279 0.875203 0.760004 0.431784 -2.09616 0.920572 0.655777 0.376522 0.948761 1.20512 0.74999 0.449103 0.750381 
3 -1 1.23072 1.23072 440.878 -2.09617 0.594904 0.900485 0.365892 1.2651 1.06399 0.905606 0.750113 0.414368 -2.0958 0.895974 0.621067 0.342874 0.967921 1.22189 0.777078 0.436813 0.740686 
3 -1 1.23385 1.23385 445.867 -2.09541 0.557346 0.873487 0.334129 1.28161 1.08573 0.93623 0.736958 0.395717 -2.09555 0.869726 0.584947 0.309004 0.988599 1.2384 0.805939 0.422753 0.72865 
3 -1 1.23883 1.23883 449.116 -2.09539 0.519681 0.847993 0.304166 1.29744 1.10565 0.964866 0.723764 0.375125 -2.09522 0.843996 0.549425 0.276665 1.0069 1.25312 0.832034 0.407589 0.715486 
3 -1 1.2425 1.2425 453.658 -2.09506 0.481469 0.820513 0.274508 1.31194 1.1259 0.99338 0.707747 0.353297 -2.09492 0.817058 0.513004 0.244723 1.02584 1.26722 0.858797 0.390759 0.70024 
3 -1 1.24589 1.24589 458.52 -2.09455 0.443273 0.79266 0.246222 1.32501 1.14534 1.02051 0.690224 0.330324 -2.09465 0.789531 0.476296 0.213711 1.04438 1.28024 0.884917 0.372539 0.683271 
3 -1 1.25017 1.25017 462.568 -2.09456 0.404464 0.765315 0.219104 1.33746 1.16369 1.04626 0.672141 0.305434 -2.09433 0.762201 0.440047 0.184168 1.06136 1.2918 0.909009 0.353425 0.665196 
3 -1 1.25235 1.25235 468.655 -2.09394 0.365793 0.735359 0.192876 1.34813 1.1824 1.07157 0.650695 0.280029 -2.09407 0.733155 0.402616 0.15514 1.07956 1.30286 0.93424 0.332341 0.644694 
3 -1 1.25596 1.25596 473.423 -2.09391 0.326592 0.70694 0.168267 1.3581 1.19958 1.09485 0.629673 0.252728 -2.0938 0.704699 0.366015 0.127856 1.09573 1.31234 0.956774 0.31073 0.623484 
3 -1 1.25847 1.25847 479.25 -2.09352 0.287438 0.676557 0.144795 1.36678 1.21653 1.11732 0.606044 0.224666 -2.09352 0.675126 0.328755 0.101585 1.11213 1.32103 0.979253 0.287473 0.600376 
3 -1 1.26041 1.26041 485.628 -2.09331 0.248325 0.645749 0.122812 1.37407 1.23314 1.13838 0.581092 0.195675 -2.0933 0.644829 0.2912 0.076594 1.12825 1.32876 1.00098 0.26285 0.575685 
3 -1 1.26329 1.26329 491.144 -2.093 0.208782 0.615364 0.102354 1.3806 1.24813 1.15757 0.55593 0.165253 -2.09302 0.614829 0.25423 0.053264 1.14279 1.33515 1.02045 0.237725 0.550314 
3 -1 1.26404 1.26404 498.71 -2.09283 0.169856 0.582621 0.083363 1.38555 1.26373 1.17601 0.527746 0.1347 -2.0928 0.583071 0.216206 0.031129 1.15824 1.34091 1.04041 0.21051 0.522637 
3 -1 1.26599 1.26599 504.779 -2.09238 0.132077 0.552798 0.066763 1.38943 1.27663 1.19133 0.501755 0.104047 -2.09257 0.553509 0.181005 0.011775 1.17113 1.34507 1.05683 0.184683 0.496103 
3 -1 1.2666 1.2666 512.545 -2.09244 0.093259 0.519589 0.051069 1.39246 1.29044 1.20651 0.472049 0.071978 -2.09234 0.521268 0.143517 -0.007018 1.18491 1.34867 1.07375 0.156008 0.46655 
4 -1 1.26743 1.26743 515.663 -2.09227 0.074783 0.504614 0.044273 1.39335 1.29634 1.21277 0.458499 0.056394 -2.09225 0.506402 0.12622 -0.015231 1.19069 1.34991 1.08072 0.142577 0.452674 
3 -1 1.26697 1.26697 524.545 -2.09181 0.035835 0.47002 0.03093 1.39457 1.30879 1.22552 0.427001 0.023157 -2.09207 0.472973 0.0884 -0.031529 1.20397 1.35215 1.09611 0.112126 0.421188 
4 -1 1.26772 1.26772 528.697 -2.09196 0.013444 0.451426 0.024161 1.395 1.31533 1.23178 0.409837 0.003762 -2.09194 0.45452 0.067592 -0.040037 1.2104 1.35275 1.10332 0.095289 0.403499 
4 -1 1.26652 1.26652 538.43 -2.09164 -0.025183 0.41579 0.013665 1.3943 1.32686 1.24194 0.376735 -0.030183 -2.09179 0.420177 0.0298 -0.053426 1.22272 1.35345 1.11651 0.063443 0.370435 
4 -1 1.26656 1.26656 546.967 -2.09139 -0.063752 0.381715 0.005015 1.3929 1.33669 1.24983 0.344917 -0.06455 -2.0916 0.386646 -0.006889 -0.065005 1.2332 1.35292 1.12699 0.032138 0.337674 
4 -1 1.26505 1.26505 554.972 -2.09154 -0.091863 0.354408 -0.000147 1.39114 1.34425 1.25506 0.319255 -0.089911 -2.09148 0.360437 -0.034793 -0.072249 1.24139 1.35207 1.13464 0.007527 0.312019 
4 -1 1.26412 1.26412 564.671 -2.09091 -0.130087 0.319524 -0.005661 1.38753 1.35252 1.25976 0.286457 -0.124766 -2.09133 0.326113 -0.071033 -0.080403 1.25077 1.34993 1.14256 -0.024646 0.27811 
4 -1 1.26208 1.26208 575.69 -2.09117 -0.167455 0.282871 -0.009085 1.38344 1.3606 1.26325 0.25198 -0.159114 -2.09118 0.290674 -0.107698 -0.086469 1.25989 1.34694 1.14934 -0.05801 0.243087 
4 -1 1.25934 1.25934 587.645 -2.09078 -0.204898 0.245457 -0.010678 1.3778 1.36759 1.26471 0.216859 -0.193905 -2.09109 0.254471 -0.144387 -0.090421 1.26842 1.34308 1.1546 -0.092027 0.207333 
4 -1 1.25735 1.25735 598.891 -2.09071 -0.24175 0.209122 -0.010464 1.37163 1.37332 1.26429 0.182902 -0.228203 -2.09095 0.218898 -0.180182 -0.09259 1.27546 1.33819 1.15757 -0.125392 0.172142 
4 -1 1.25312 1.25312 613.018 -2.09072 -0.278175 0.169589 -0.007986 1.36423 1.37871 1.26236 0.146188 -0.262367 -2.09087 0.181113 -0.217042 -0.092106 1.28273 1.33252 1.15968 -0.16064 0.135192 
4 -1 1.25035 1.25035 625.626 -2.09032 -0.314393 0.132702 -0.004075 1.35593 1.3823 1.25819 0.112234 -0.296263 -2.09077 0.144815 -0.252233 -0.090132 1.2881 1.32588 1.15919 -0.194128 0.099699 
4 -1 1.24557 1.24557 641.065 -2.0906 -0.349732 0.092661 0.00229 1.34695 1.38557 1.25267 0.075735 -0.329344 -2.09069 0.106561 -0.288293 -0.085384 1.29343 1.31843 1.15758 -0.229097 0.062903 
4 -1 1.24119 1.24119 656.353 -2.09017 -0.385062 0.053979 0.010181 1.3367 1.3872 1.24492 0.040962 -0.362332 -2.09064 0.068818 -0.323322 -0.07884 1.29742 1.31014 1.15389 -0.262999 0.026926 
4 -1 1.2365 1.2365 672.464 -2.09041 -0.419421 0.014463 0.020126 1.32613 1.38807 1.23578 0.005897 -0.394093 -2.09057 0.030815 -0.358119 -0.070171 1.30047 1.30099 1.1484 -0.29671 -0.008767 
4 -1 1.23044 1.23044 691.066 -2.0902 -0.453672 -0.026818 0.032298 1.31414 1.38765 1.2245 -0.03009 -0.425616 -2.09057 -0.008827 -0.393566 -0.058695 1.30296 1.29093 1.14126 -0.331214 -0.045176 
4 -1 1.22572 1.22572 708.194 -2.09023 -0.487267 -0.066166 0.045771 1.30186 1.38601 1.21173 -0.06378 -0.455992 -2.09051 -0.046862 -0.427535 -0.046095 1.30377 1.28009 1.13199 -0.363731 -0.079675 
4 -1 1.21847 1.21847 730.036 -2.09022 -0.520259 -0.10954 0.06218 1.28836 1.38316 1.19689 -0.100199 -0.485417 -2.09052 -0.088007 -0.463226 -0.029701 1.30431 1.26812 1.12102 -0.398095 -0.115738 
4 -1 1.21321 1.21321 749.308 -2.09019 -0.553006 -0.149414 0.079291 1.27439 1.37905 1.18058 -0.132844 -0.514032 -2.0905 -0.126536 -0.496671 -0.012924 1.303 1.25557 1.1081 -0.429428 -0.149009 
4 -1 1.20535 1.20535 774.124 -2.09014 -0.584726 -0.193814 0.099608 1.25948 1.37332 1.1622 -0.168478 -0.54092 -2.09051 -0.168361 -0.532004 0.008011 1.30122 1.24174 1.09323 -0.462479 -0.183634 
4 -1 1.19917 1.19917 796.806 -2.09033 -0.61624 -0.234848 0.120472 1.24412 1.3667 1.14256 -0.200335 -0.567004 -2.09052 -0.207658 -0.565078 0.029174 1.29781 1.22747 1.0768 -0.492421 -0.215431 
4 -1 1.19108 1.19108 824.586 -2.09005 -0.646914 -0.279563 0.144404 1.22774 1.35784 1.12066 -0.234305 -0.591219 -2.09054 -0.249563 -0.599711 0.054217 1.29351 1.21182 1.05818 -0.523312 -0.247772 
4 -1 1.18402 1.18402 851.561 -2.09051 -0.676935 -0.322229 0.169107 1.21125 1.34832 1.09782 -0.26552 -0.613992 -2.09057 -0.289736 -0.63271 0.079875 1.28781 1.19565 1.03814 -0.551652 -0.277714 
4 -1 1.17579 1.17579 882.916 -2.09013 -0.706647 -0.367344 0.196613 1.1934 1.33623 1.07242 -0.297594 -0.635231 -2.09061 -0.331644 -0.666841 0.108897 1.2809 1.17803 1.01584 -0.580099 -0.307309 
4 -1 1.16821 1.16821 914.539 -2.09054 -0.735342 -0.411531 0.225125 1.17574 1.32316 1.04627 -0.327828 -0.654289 -2.09064 -0.372458 -0.699919 0.138902 1.27263 1.15968 0.992077 -0.606402 -0.334769 
4 -1 1.15969 1.15969 951.012 -2.09037 -0.763815 -0.457886 0.2564 1.1567 1.30749 1.01748 -0.358388 -0.671671 -2.0907 -0.414792 -0.734138 0.172237 1.26294 1.13968 0.965922 -0.632441 -0.361381 
4 -1 1.15211 1.15211 987.163 -2.09048 -0.791482 -0.502716 0.288395 1.13765 1.29053 0.987961 -0.386637 -0.686886 -2.09072 -0.455475 -0.766983 0.205933 1.25193 1.11902 0.93863 -0.655908 -0.385415 
4 -1 1.14303 1.14303 1031.47 -2.09064 -0.818652 -0.551596 0.32396 1.11767 1.27021 0.955508 -0.416412 -0.699318 -2.09078 -0.498964 -0.802007 0.244291 1.23908 1.0959 0.908184 -0.679516 -0.40879 
4 -1 1.13596 1.13596 1071.74 -2.09052 -0.845129 -0.595848 0.358651 1.09729 1.24961 0.923133 -0.441453 -0.710326 -2.0908 -0.538555 -0.834153 0.280701 1.22538 1.07289 0.877849 -0.699375 -0.428429 
4 -1 1.1266 1.1266 1125.75 -2.09077 -0.871548 -0.647467 0.398929 1.07604 1.22333 0.886368 -0.470181 -0.71715 -2.09085 -0.583107 -0.870088 0.324089 1.20894 1.04603 0.842878 -0.719885 -0.447735 
4 -1 1.11988 1.11988 1172.22 -2.09065 -0.8963 -0.691495 0.435988 1.05482 1.19868 0.85162 -0.49214 -0.722826 -2.09086 -0.62186 -0.901935 0.363351 1.19246 1.02007 0.809475 -0.736077 -0.462529 
4 -1 1.11123 1.11123 1234.03 -2.09067 -0.921869 -0.743099 0.479486 1.03213 1.16682 0.811337 -0.517466 -0.723833 -2.09089 -0.665333 -0.937364 0.409542 1.17274 0.989783 0.771197 -0.752063 -0.476173 
4 -1 1.10339 1.10339 1298.2 -2.09091 -0.945447 -0.792554 0.522265 1.01015 1.13354 0.771488 -0.540041 -0.721278 -2.0909 -0.706672 -0.971471 0.455424 1.15206 0.958451 0.732565 -0.765222 -0.486154 
4 -1 1.09732 1.09732 1357.01 -2.09065 -0.968265 -0.836183 0.562721 0.987615 1.10124 0.733003 -0.557105 -0.717892 -2.0909 -0.743763 -1.00245 0.49802 1.1314 0.927583 0.695325 -0.775009 -0.492556 
4 -1 1.0938 1.0938 1393.04 -2.09071 -0.980432 -0.861602 0.586156 0.975445 1.08112 0.710812 -0.566963 -0.7137 -2.09087 -0.764689 -1.01995 0.522787 1.11912 0.909407 0.673867 -0.779636 -0.494872 
4 -1 1.08983 1.08983 1435.86 -2.09072 -0.992218 -0.88812 0.610554 0.963103 1.05926 0.68768 -0.577093 -0.707734 -2.09086 -0.786407 -1.03777 0.548829 1.10598 0.890262 0.651583 -0.783538 -0.496452 
4 -1 1.08443 1.08443 1501.43 -2.09086 -1.01005 -0.927196 0.647485 0.944041 1.02493 0.652246 -0.590515 -0.697264 -2.09085 -0.81843 -1.06429 0.588172 1.08536 0.860222 0.617405 -0.787935 -0.496785 
4 -1 1.07971 1.07971 1568.98 -2.09058 -1.02922 -0.965824 0.686194 0.922473 0.988048 0.614547 -0.601186 -0.685172 -2.0908 -0.850582 -1.09132 0.628785 1.0629 0.827251 0.580978 -0.790592 -0.494484 
4 -1 1.07526 1.07526 1641.08 -2.09066 -1.04758 -1.00417 0.724985 0.90134 0.948577 0.576541 -0.610798 -0.669588 -2.09073 -0.882242 -1.11756 0.669568 1.03926 0.793085 0.544235 -0.790942 -0.489773 
4 -1 1.07046 1.07046 1730.38 -2.09066 -1.06727 -1.04566 0.767947 0.877372 0.902234 0.533835 -0.619144 -0.649059 -2.09068 -0.917376 -1.14601 0.715587 1.01124 0.753418 0.502863 -0.788433 -0.481645 
4 -1 1.06636 1.06636 1822.16 -2.09037 -1.08687 -1.08392 0.809805 0.852338 0.855192 0.491636 -0.623638 -0.626748 -2.09058 -0.950718 -1.17228 0.759843 0.982517 0.713746 0.462749 -0.782887 -0.471005 
4 -1 1.06287 1.06287 1916.59 -2.09041 -1.10517 -1.11987 0.849818 0.828138 0.807036 0.450796 -0.62613 -0.60146 -2.09047 -0.982541 -1.19654 0.802457 0.953002 0.674059 0.423865 -0.774444 -0.458094 
4 -1 1.05994 1.05994 2013.18 -2.09034 -1.12302 -1.15215 0.88766 0.803276 0.759764 0.411663 -0.624835 -0.575581 -2.09037 -1.01277 -1.21873 0.843151 0.922918 0.634714 0.386561 -0.763329 -0.443238 
4 -1 1.0575 1.0575 2111.61 -2.09006 -1.14094 -1.18097 0.923852 0.77702 0.713464 0.373982 -0.61969 -0.549279 -2.09024 -1.04161 -1.2387 0.881825 0.892079 0.59627 0.351078 -0.749425 -0.427097 
4 -1 1.05551 1.05551 2211.63 -2.09012 -1.15748 -1.20766 0.957755 0.751881 0.66685 0.338233 -0.613251 -0.520861 -2.09012 -1.06906 -1.25669 0.918515 0.860627 0.558682 0.317443 -0.733103 -0.409735 
4 -1 1.05389 1.05389 2312.93 -2.08987 -1.17405 -1.23043 0.989404 0.725041 0.623306 0.304892 -0.602534 -0.494021 -2.09001 -1.09516 -1.27278 0.953147 0.828623 0.52222 0.2858 -0.714524 -0.391528 
4 -1 1.05261 1.05261 2415.24 -2.08976 -1.19059 -1.25155 1.02014 0.697278 0.579038 0.27238 -0.589528 -0.465407 -2.08986 -1.12004 -1.28717 0.985911 0.795897 0.486704 0.255929 -0.69379 -0.372525 
4 -1 1.05232 1.05232 2441.56 -2.08973 -1.19427 -1.25604 1.02687 0.690772 0.569205 0.265274 -0.586153 -0.458933 -2.08984 -1.12601 -1.29041 0.993659 0.787732 0.478311 0.248974 -0.688333 -0.367895 
4 -1 1.05223 1.05223 2450.8 -2.08971 -1.19578 -1.25779 1.02956 0.688096 0.565305 0.262442 -0.584707 -0.456374 -2.08983 -1.12836 -1.29171 0.996737 0.784451 0.474883 0.246166 -0.686132 -0.365968 
4 -1 1.05219 1.05219 2454.09 -2.0897 -1.19632 -1.25845 1.03055 0.687126 0.563839 0.261396 -0.584189 -0.455403 -2.08983 -1.1292 -1.29219 0.997857 0.78327 0.473584 0.245124 -0.68535 -0.365221 
4 -1 1.05219 1.05219 2454.09 -2.0897 -1.19632 -1.25845 1.03055 0.687126 0.563839 0.261396 -0.584189 -0.455403 -2.08983 -1.1292 -1.29219 0.997857 0.78327 0.473584 0.245124 -0.68535 -0.365221 
4 -1 1.19 1.19 416 -2.09865 0.675578 1.333 0.602665 1.21995 0.426757 0.35307 1.07936 0.185537 -2.09846 0.850837 1.14762 0.631261 1.06029 0.739992 0.498027 0.833028 0.441051 
3 -1 1.18856 1.18856 415.768 -2.09863 0.684367 1.33497 0.611282 1.2151 0.420268 0.346373 1.07673 0.185201 -2.09854 0.856575 1.15227 0.638757 1.05661 0.733295 0.491599 0.833039 0.439751 
3 -1 1.18703 1.18703 415.126 -2.09852 0.697843 1.33623 0.623766 1.20747 0.415568 0.340438 1.07111 0.186938 -2.09865 0.86736 1.15698 0.650357 1.04866 0.727013 0.483403 0.829729 0.440913 
3 -1 1.18573 1.18573 413.158 -2.0986 0.715852 1.33847 0.640653 1.19698 0.408264 0.331656 1.06361 0.188595 -2.09877 0.88268 1.164 0.667065 1.03661 0.717353 0.470836 0.82474 0.442109 
3 -1 1.18235 1.18235 411.833 -2.09909 0.746615 1.3418 0.669348 1.17825 0.398159 0.318414 1.04941 0.192232 -2.09897 0.906031 1.17416 0.692592 1.0183 0.703174 0.452746 0.816333 0.443639 
3 -1 1.17794 1.17794 409.393 -2.09887 0.787967 1.34585 0.708161 1.15113 0.382798 0.299334 1.02864 0.195617 -2.09927 0.939242 1.18904 0.729559 0.990493 0.681597 0.425865 0.802877 0.444224 
3 -1 1.17198 1.17198 408.982 -2.09949 0.832129 1.35002 0.749518 1.12007 0.368621 0.280511 1.00382 0.199481 -2.09961 0.971881 1.20354 0.766459 0.962057 0.659841 0.399822 0.787883 0.443286 
4 -1 2.1 2.1 338 -2.07298 0.371665 -1.00686 -0.264902 -1.38836 0.942358 -0.839966 0.957958 0.184184 -2.06924 -0.506869 -1.18996 0.473736 -0.867354 0.362696 -0.444024 0.707543 -0.045149 
3 -1 2.095 2.095 338.957 -2.07302 0.384583 -1.01033 -0.274427 -1.38473 0.938144 -0.834625 0.958506 0.191368 -2.06928 -0.498315 -1.19187 0.466784 -0.873024 0.362407 -0.4426 0.713193 -0.041383 
3 -1 2.08766 2.08766 340.656 -2.07295 0.393682 -1.01992 -0.282616 -1.3819 0.92675 -0.823259 0.965248 0.194517 -2.0693 -0.491915 -1.19638 0.461751 -0.87762 0.356826 -0.436883 0.720071 -0.037234 
3 -1 2.07707 2.07707 343.139 -2.07284 0.406325 -1.03304 -0.294138 -1.37785 0.910716 -0.807323 0.974272 0.198655 -2.06934 -0.482894 -1.20262 0.454563 -0.884093 0.349112 -0.428808 0.729662 -0.0316 
3 -1 2.06007 2.06007 347.153 -2.07278 0.424489 -1.05183 -0.311037 -1.37179 0.886862 -0.78372 0.986896 0.204043 -2.06943 -0.469577 -1.21158 0.443745 -0.893823 0.33842 -0.417005 0.743692 -0.023867 
3 -1 2.03215 2.03215 353.841 -2.07291 0.449246 -1.07757 -0.334801 -1.36288 0.852684 -0.750081 1.00351 0.210248 -2.06963 -0.45046 -1.22389 0.427831 -0.908319 0.325066 -0.400607 0.763603 -0.014159 
3 -1 2.00242 2.00242 361.205 -2.07315 0.471926 -1.10063 -0.357122 -1.35411 0.820172 -0.71838 1.01752 0.214896 -2.06991 -0.431866 -1.23517 0.412004 -0.922728 0.314018 -0.385338 0.782554 -0.006143 
3 -1 1.97446 1.97446 368.382 -2.07329 0.490996 -1.11966 -0.376362 -1.34622 0.79169 -0.690769 1.02852 0.217881 -2.07022 -0.415333 -1.24451 0.397703 -0.935702 0.305734 -0.372537 0.799004 -6e-05 
4 -1 1.97034 1.97034 369.383 -2.07328 0.530615 -1.14298 -0.413584 -1.33113 0.757009 -0.652994 1.0368 0.225984 -2.07031 -0.386711 -1.25329 0.372762 -0.948824 0.271704 -0.349357 0.821399 0.020453 
3 -1 1.96583 1.96583 370.352 -2.07339 0.565616 -1.16267 -0.447103 -1.31664 0.72607 -0.619345 1.04199 0.231479 -2.07044 -0.360642 -1.26006 0.349303 -0.960164 0.2415 -0.328193 0.840416 0.037751 
3 -1 1.95869 1.95869 371.894 -2.07337 0.598875 -1.18054 -0.479458 -1.30168 0.696084 -0.587077 1.04501 0.235314 -2.07062 -0.334786 -1.266 0.325445 -0.971238 0.21324 -0.307346 0.858229 0.053155 
4 -1 1.95869 1.95869 371.5 -2.07337 0.574355 -1.18622 -0.461595 -1.31253 0.686253 -0.582694 1.05875 0.220496 -2.07057 -0.35307 -1.26764 0.34124 -0.964573 0.203753 -0.301838 0.854387 0.04969 
3 -1 1.96031 1.96031 371.552 -2.07337 0.556145 -1.18506 -0.446557 -1.32033 0.688332 -0.587503 1.06418 0.213145 -2.0705 -0.366716 -1.26721 0.35342 -0.958979 0.205664 -0.30387 0.848692 0.044887 
3 -1 1.96349 1.96349 370.839 -2.0733 0.543596 -1.17847 -0.43448 -1.32561 0.6997 -0.599575 1.06289 0.211579 -2.07042 -0.376329 -1.26503 0.36229 -0.954484 0.216054 -0.311606 0.841836 0.039158 
3 -1 1.96551 1.96551 370.411 -2.07321 0.532454 -1.17263 -0.423847 -1.33013 0.709434 -0.61004 1.06164 0.209976 -2.07036 -0.384678 -1.26317 0.369938 -0.950637 0.225485 -0.318337 0.835805 0.033845 
3 -1 1.96782 1.96782 369.934 -2.07309 0.515499 -1.1636 -0.407761 -1.33678 0.724166 -0.625945 1.05932 0.207288 -2.0703 -0.397129 -1.26025 0.381227 -0.944904 0.239977 -0.328409 0.826629 0.025525 
3 -1 1.97034 1.97034 369.382 -2.07312 0.494615 -1.15214 -0.388074 -1.34466 0.742599 -0.64579 1.05572 0.203587 -2.07023 -0.41224 -1.25636 0.394717 -0.93778 0.257826 -0.340641 0.815102 0.015028 
3 -1 1.97102 1.97102 369.261 -2.07322 0.476782 -1.14245 -0.371509 -1.35105 0.757749 -0.66223 1.05237 0.199911 -2.07019 -0.424782 -1.253 0.405726 -0.931957 0.273424 -0.350819 0.805325 0.005651 
3 -1 1.97447 1.97447 368.382 -2.07319 0.454611 -1.12933 -0.350998 -1.35869 0.77755 -0.683418 1.04696 0.194918 -2.07013 -0.440481 -1.24798 0.419264 -0.923899 0.291878 -0.36344 0.792331 -0.005814 
3 -1 1.97344 1.97344 368.643 -2.07315 0.44352 -1.12318 -0.340944 -1.36224 0.78636 -0.693167 1.04441 0.192096 -2.07014 -0.447923 -1.24578 0.425555 -0.920519 0.301923 -0.369483 0.786282 -0.012078 
3 -1 1.96994 1.96994 369.449 -2.07328 0.405521 -1.10115 -0.306864 -1.37369 0.817295 -0.72714 1.03388 0.181556 -2.07017 -0.473076 -1.23741 0.446237 -0.908648 0.336096 -0.389729 0.764967 -0.033978 
3 -1 1.9648 1.9648 370.554 -2.07349 0.36591 -1.07732 -0.272268 -1.38437 0.848915 -0.761786 1.02085 0.168743 -2.07026 -0.498593 -1.22755 0.466204 -0.896201 0.37184 -0.409984 0.74211 -0.057773 
3 -1 1.95701 1.95701 372.24 -2.07364 0.325118 -1.05159 -0.2376 -1.39396 0.880931 -0.796896 1.00495 0.153807 -2.07041 -0.524084 -1.21632 0.484972 -0.883582 0.409047 -0.429824 0.718163 -0.08341 
3 -1 1.94663 1.94663 374.522 -2.07406 0.283305 -1.02457 -0.203286 -1.40246 0.912818 -0.831662 0.98669 0.136545 -2.07061 -0.549505 -1.20359 0.502371 -0.870816 0.447572 -0.449097 0.693173 -0.110829 
3 -1 1.9444 1.9444 375.01 -2.07407 0.275004 -1.01903 -0.196617 -1.40396 0.91903 -0.838433 0.982766 0.132893 -2.07066 -0.554483 -1.2009 0.505615 -0.868271 0.455224 -0.452799 0.688137 -0.11639 
4 -1 1.93112 1.93112 377.995 -2.07441 0.232104 -0.989751 -0.162932 -1.41092 0.95095 -0.873015 0.960967 0.112938 -2.07094 -0.579784 -1.18625 0.521172 -0.855337 0.495056 -0.471179 0.661982 -0.145826 
4 -1 1.91545 1.91545 381.609 -2.07487 0.188416 -0.959279 -0.130165 -1.41657 0.982224 -0.906503 0.936893 0.090595 -2.07127 -0.604959 -1.16987 0.535026 -0.842305 0.535825 -0.488667 0.634942 -0.176863 
4 -1 1.89756 1.89756 385.862 -2.07531 0.144121 -0.926931 -0.098515 -1.42081 1.0133 -0.939344 0.909822 0.066046 -2.07166 -0.629953 -1.15171 0.54703 -0.829214 0.577268 -0.505102 0.607161 -0.209336 
4 -1 1.8776 1.8776 390.776 -2.07587 0.099331 -0.893575 -0.068313 -1.4236 1.04341 -0.970507 0.880681 0.03925 -2.07211 -0.654739 -1.13171 0.557068 -0.816103 0.619185 -0.520381 0.578751 -0.243105 
4 -1 1.85574 1.85574 396.372 -2.07644 0.054179 -0.858405 -0.039742 -1.42494 1.07308 -1.00053 0.848698 0.010372 -2.0726 -0.67931 -1.1098 0.565049 -0.802986 0.661372 -0.534415 0.549819 -0.278025 
4 -1 1.83222 1.83222 402.662 -2.07702 0.008716 -0.822287 -0.013024 -1.42469 1.10159 -1.02844 0.814825 -0.020561 -2.07314 -0.703659 -1.08596 0.570896 -0.789875 0.703627 -0.547134 0.520465 -0.313954 
4 -1 1.80728 1.80728 409.65 -2.07776 -0.036943 -0.784402 0.011618 -1.42307 1.12952 -1.05481 0.778348 -0.053408 -2.07371 -0.727806 -1.06011 0.574548 -0.77674 0.745783 -0.558501 0.490731 -0.35077 
4 -1 1.78121 1.78121 417.338 -2.07831 -0.082778 -0.745395 0.034051 -1.4197 1.15623 -1.0788 0.739994 -0.088092 -2.07432 -0.751748 -1.03223 0.575943 -0.763564 0.787636 -0.568457 0.460696 -0.388333 
4 -1 1.75418 1.75418 425.763 -2.07919 -0.128636 -0.704775 0.053986 -1.41505 1.18216 -1.10082 0.699459 -0.124421 -2.07497 -0.77547 -1.00226 0.575003 -0.750374 0.829065 -0.577009 0.430429 -0.426511 
4 -1 1.7263 1.7263 434.99 -2.07976 -0.174375 -0.662816 0.071279 -1.40859 1.20683 -1.12027 0.657062 -0.162195 -2.07564 -0.798903 -0.970247 0.571659 -0.737266 0.869862 -0.584142 0.400137 -0.46509 
4 -1 1.69761 1.69761 445.127 -2.08064 -0.219668 -0.61978 0.085665 -1.40087 1.23025 -1.13715 0.613317 -0.200976 -2.07635 -0.821938 -0.936237 0.565843 -0.724438 0.909871 -0.589939 0.370055 -0.503818 
4 -1 1.66815 1.66815 456.307 -2.0814 -0.264261 -0.575409 0.096956 -1.39163 1.25235 -1.15142 0.568031 -0.240463 -2.07707 -0.844431 -0.900301 0.557507 -0.712127 0.948911 -0.594526 0.340468 -0.542405 
4 -1 1.63809 1.63809 468.627 -2.0821 -0.30765 -0.530339 0.105034 -1.38104 1.27283 -1.16282 0.522104 -0.279985 -2.07784 -0.866244 -0.862487 0.546618 -0.700581 0.986842 -0.598116 0.311575 -0.580565 
4 -1 1.60792 1.60792 482.055 -2.08315 -0.349835 -0.483674 0.109672 -1.3696 1.29213 -1.17192 0.474846 -0.319434 -2.07861 -0.887285 -0.822676 0.533096 -0.68983 1.02357 -0.600895 0.283293 -0.618126 
4 -1 1.57822 1.57822 496.47 -2.08366 -0.390218 -0.435332 0.110691 -1.35683 1.30994 -1.17848 0.426444 -0.358147 -2.07939 -0.907477 -0.78064 0.516786 -0.67985 1.05905 -0.603037 0.255393 -0.654975 
4 -1 1.54921 1.54921 511.905 -2.08474 -0.428641 -0.384923 0.10789 -1.34388 1.32656 -1.1831 0.376792 -0.395729 -2.08018 -0.926536 -0.736268 0.49753 -0.671023 1.0932 -0.604906 0.227959 -0.69074 
4 -1 1.52084 1.52084 528.574 -2.08546 -0.46348 -0.332499 0.100985 -1.33073 1.34146 -1.18593 0.326151 -0.430534 -2.08096 -0.943883 -0.689647 0.475232 -0.664268 1.12583 -0.607223 0.201454 -0.724698 
4 -1 1.49327 1.49327 546.599 -2.08621 -0.493305 -0.278702 0.090123 -1.31838 1.35461 -1.1876 0.275315 -0.460972 -2.08176 -0.958694 -0.641078 0.449957 -0.660823 1.15666 -0.611013 0.176411 -0.755798 
4 -1 1.46775 1.46775 565.269 -2.08723 -0.517521 -0.222424 0.075224 -1.30803 1.36589 -1.189 0.223468 -0.486137 -2.08254 -0.970628 -0.590293 0.421616 -0.660597 1.1855 -0.616572 0.15211 -0.783631 
4 -1 1.44492 1.44492 584.037 -2.08789 -0.534892 -0.163731 0.056707 -1.29984 1.37502 -1.19049 0.170619 -0.504702 -2.08327 -0.979207 -0.537483 0.390437 -0.663892 1.21205 -0.624306 0.128291 -0.807495 
4 -1 1.42488 1.42488 602.65 -2.08842 -0.543597 -0.10461 0.035876 -1.29512 1.38164 -1.1929 0.118326 -0.514595 -2.08398 -0.983369 -0.484229 0.357558 -0.672009 1.23566 -0.635222 0.1058 -0.82581 
4 -1 1.40814 1.40814 620.248 -2.08941 -0.544759 -0.045025 0.013774 -1.29423 1.38583 -1.1963 0.066183 -0.516558 -2.08464 -0.983505 -0.430777 0.323616 -0.683825 1.25625 -0.648611 0.083707 -0.838835 
4 -1 1.39438 1.39438 636.623 -2.0902 -0.538412 0.014025 -0.008315 -1.29653 1.38741 -1.20043 0.014645 -0.510662 -2.08523 -0.979655 -0.377901 0.289531 -0.699103 1.27378 -0.664301 0.06194 -0.846449 
4 -1 1.38327 1.38327 651.602 -2.0906 -0.526067 0.07276 -0.029593 -1.30111 1.38638 -1.20456 -0.036859 -0.498342 -2.08579 -0.972558 -0.325458 0.255674 -0.716741 1.28851 -0.681398 0.039777 -0.84944 
4 -1 1.37429 1.37429 665.335 -2.09163 -0.508595 0.130493 -0.049216 -1.30824 1.38316 -1.20864 -0.087979 -0.480348 -2.08631 -0.962447 -0.273871 0.222663 -0.736407 1.30057 -0.699579 0.017209 -0.848053 
4 -1 1.367 1.367 677.975 -2.09237 -0.486273 0.186834 -0.066463 -1.31684 1.37756 -1.21209 -0.138581 -0.457228 -2.08681 -0.949564 -0.2233 0.190894 -0.757702 1.31017 -0.718485 -0.005864 -0.842636 
4 -1 1.51 1.51 986 -2.091 1.25812 0.432555 0.379586 -0.61938 1.33531 -0.571197 -0.160664 1.09814 -2.09339 0.802182 0.837417 0.403427 -1.01832 0.893118 -0.545772 -0.60437 0.629687 
3 -1 1.51114 1.51114 986.179 -2.09109 1.25188 0.428906 0.374993 -0.631882 1.33664 -0.582728 -0.162749 1.0934 -2.09329 0.791618 0.835545 0.395899 -1.02648 0.894023 -0.552756 -0.60733 0.624557 
3 -1 1.51335 1.51335 985.606 -2.09112 1.24486 0.418343 0.36466 -0.645685 1.34003 -0.596245 -0.162073 1.08972 -2.09311 0.778635 0.828891 0.383626 -1.03578 0.89932 -0.564032 -0.607882 0.620354 
3 -1 1.51577 1.51577 984.882 -2.09097 1.2376 0.407688 0.354349 -0.659421 1.34326 -0.609752 -0.161141 1.08572 -2.09292 0.765304 0.822214 0.371244 -1.04501 0.904474 -0.57526 -0.608273 0.615841 
3 -1 1.51851 1.51851 984.82 -2.09041 1.22618 0.390817 0.338246 -0.679862 1.34795 -0.629991 -0.159001 1.07937 -2.09265 0.745647 0.811557 0.35264 -1.05832 0.912945 -0.592487 -0.607919 0.609169 
3 -1 1.52194 1.52194 985.632 -2.09013 1.20774 0.363947 0.312938 -0.711685 1.35535 -0.66157 -0.15445 1.06856 -2.09224 0.714932 0.794074 0.323631 -1.07838 0.92684 -0.619788 -0.605807 0.598011 
3 -1 1.527 1.527 986.215 -2.08997 1.18349 0.329202 0.281092 -0.75145 1.364 -0.701077 -0.146596 1.0531 -2.09171 0.674729 0.771485 0.286986 -1.10252 0.943791 -0.653772 -0.601228 0.581975 
3 -1 1.52942 1.52942 989.844 -2.08941 1.15609 0.290965 0.247113 -0.792074 1.37237 -0.741718 -0.135374 1.03478 -2.09123 0.633591 0.745653 0.249265 -1.12589 0.963357 -0.690092 -0.592665 0.564174 
3 -1 1.53234 1.53234 992.409 -2.08915 1.13132 0.257249 0.218198 -0.826999 1.37876 -0.776478 -0.123626 1.0169 -2.09078 0.596268 0.722829 0.216709 -1.14509 0.979499 -0.720897 -0.583447 0.546502 
3 -1 1.53261 1.53261 998.367 -2.08887 1.10186 0.217696 0.185475 -0.865279 1.38529 -0.814581 -0.107556 0.994872 -2.09038 0.555607 0.694913 0.181169 -1.16498 0.999294 -0.756015 -0.569451 0.525706 
4 -1 1.53358 1.53358 1001.58 -2.08844 1.08204 0.191966 0.16497 -0.8895 1.38875 -0.838575 -0.0959748 0.97933 -2.09009 0.528214 0.676812 0.158507 -1.1771 1.01125 -0.777914 -0.559437 0.510805 
4 -1 1.53154 1.53154 1010.04 -2.0885 1.05046 0.150898 0.133418 -0.926428 1.39349 -0.874699 -0.0756352 0.953765 -2.08974 0.48764 0.646508 0.12487 -1.19451 1.03145 -0.81224 -0.54059 0.487091 
4 -1 1.53046 1.53046 1017.36 -2.08782 1.0195 0.112331 0.105311 -0.959561 1.39656 -0.906893 -0.0546579 0.927788 -2.08939 0.448475 0.617904 0.0944287 -1.20943 1.04909 -0.842795 -0.521225 0.462768 
4 -1 1.52634 1.52634 1028.13 -2.08806 0.985943 0.0706111 0.0764538 -0.99389 1.39901 -0.939462 -0.0300143 0.898679 -2.08911 0.408565 0.58551 0.0641467 -1.22382 1.06872 -0.874815 -0.497468 0.436013 
4 -1 1.52255 1.52255 1038.51 -2.08735 0.952491 0.030758 0.0505863 -1.02512 1.39975 -0.968635 -0.00473368 0.868924 -2.08884 0.369775 0.554127 0.0366867 -1.23624 1.08643 -0.903771 -0.473019 0.408599 
4 -1 1.51658 1.51658 1051.49 -2.08768 0.917403 -0.0108613 0.025289 -1.05648 1.39978 -0.996968 0.0233995 0.836888 -2.08862 0.330904 0.520036 0.0104834 -1.24779 1.10491 -0.93268 -0.445111 0.379285 
4 -1 1.51006 1.51006 1065.22 -2.08704 0.88149 -0.0517909 0.0022577 -1.08579 1.39805 -1.0227 0.0526648 0.803539 -2.08843 0.292517 0.485681 -0.0134399 -1.25796 1.12236 -0.959551 -0.415785 0.348877 
4 -1 1.50223 1.50223 1080.73 -2.08739 0.844791 -0.0932551 -0.0191768 -1.11435 1.3956 -1.04667 0.0838343 0.768812 -2.08828 0.254571 0.44969 -0.0353078 -1.26704 1.13955 -0.985146 -0.384058 0.317212 
4 -1 1.49327 1.49327 1097.91 -2.08686 0.806646 -0.134789 -0.0386533 -1.14149 1.39134 -1.0684 0.116508 0.732322 -2.08816 0.21667 0.412481 -0.0550562 -1.2751 1.15618 -1.00921 -0.350353 0.284127 
4 -1 1.48348 1.48348 1116.51 -2.08719 0.768109 -0.176205 -0.0559984 -1.16745 1.38634 -1.08793 0.150403 0.695021 -2.08807 0.179447 0.374196 -0.0723398 -1.28205 1.17201 -1.03135 -0.314956 0.250259 
4 -1 1.47246 1.47246 1137.23 -2.08682 0.728022 -0.217814 -0.0712707 -1.19217 1.37954 -1.10518 0.185749 0.655996 -2.08802 0.142106 0.334386 -0.0873405 -1.2881 1.18723 -1.05188 -0.277541 0.214974 
4 -1 1.46071 1.46071 1159.55 -2.08709 0.687457 -0.25921 -0.0842212 -1.2156 1.37191 -1.12008 0.222023 0.616299 -2.08799 0.105417 0.293475 -0.0996981 -1.29314 1.20144 -1.0703 -0.238665 0.179122 
4 -1 1.44793 1.44793 1184.12 -2.0869 0.645568 -0.300557 -0.0948233 -1.23775 1.36261 -1.13254 0.259365 0.575271 -2.088 0.0685916 0.251189 -0.109515 -1.29732 1.21477 -1.08676 -0.198137 0.142113 
4 -1 1.43444 1.43444 1210.71 -2.08709 0.602965 -0.341747 -0.102979 -1.25857 1.35228 -1.14254 0.297465 0.533574 -2.08802 0.0323075 0.207596 -0.116541 -1.30059 1.22696 -1.10099 -0.156226 0.104688 
4 -1 1.41996 1.41996 1240.04 -2.08711 0.558967 -0.382925 -0.108591 -1.27819 1.34043 -1.15004 0.336465 0.4907 -2.0881 -0.00430169 0.162483 -0.120797 -1.30302 1.23806 -1.11307 -0.112776 0.0662029 
4 -1 1.4053 1.4053 1271.03 -2.08718 0.514737 -0.42331 -0.111523 -1.29609 1.32751 -1.15486 0.3754 0.447859 -2.08816 -0.0401443 0.116763 -0.122142 -1.30451 1.2476 -1.12251 -0.0688363 0.0279802 
4 -1 1.38868 1.38868 1307.31 -2.08745 0.467454 -0.465165 -0.111763 -1.3134 1.31274 -1.15716 0.416432 0.402525 -2.08829 -0.0772797 0.0674551 -0.120257 -1.30535 1.25626 -1.12996 -0.0217682 -0.0122296 
4 -1 1.37381 1.37381 1342.16 -2.08739 0.422515 -0.503698 -0.109202 -1.32799 1.2976 -1.15671 0.454681 0.359923 -2.08839 -0.112499 0.0209713 -0.115851 -1.30497 1.26244 -1.13401 0.0224755 -0.0501055 
4 -1 1.35488 1.35488 1387.93 -2.08785 0.370634 -0.546998 -0.103255 -1.34292 1.27931 -1.15319 0.498045 0.311521 -2.08857 -0.151072 -0.03384 -0.106893 -1.30415 1.26801 -1.13614 0.0737465 -0.0922204 
4 -1 1.34003 1.34003 1427.55 -2.08777 0.324683 -0.583683 -0.0950632 -1.35426 1.26211 -1.14759 0.535034 0.269427 -2.08869 -0.186258 -0.0809964 -0.0966506 -1.3018 1.27055 -1.13461 0.117734 -0.12951 
4 -1 1.33034 1.33034 1453.88 -2.08823 0.297548 -0.605088 -0.0892042 -1.36039 1.25177 -1.14324 0.556612 0.244928 -2.0888 -0.205919 -0.109621 -0.0890414 -1.30048 1.27147 -1.1329 0.143896 -0.150561 
4 -1 1.31944 1.31944 1484.67 -2.08816 0.267198 -0.628414 -0.081628 -1.36621 1.23968 -1.13731 0.580178 0.217905 -2.08891 -0.22746 -0.141499 -0.0795256 -1.29876 1.27179 -1.13005 0.172729 -0.173447 
4 -1 1.31116 1.31116 1509.05 -2.088 0.244395 -0.645525 -0.0753125 -1.37011 1.23034 -1.13224 0.59744 0.197867 -2.08901 -0.243607 -0.165626 -0.0715937 -1.29727 1.27154 -1.12724 0.194344 -0.190419 
4 -1 1.30298 1.30298 1535.51 -2.08848 0.216025 -0.666129 -0.0663898 -1.37485 1.21915 -1.12573 0.618112 0.173293 -2.08908 -0.265332 -0.193558 -0.0616083 -1.29419 1.27029 -1.12222 0.219531 -0.212228 
4 -1 1.29046 1.29046 1576.07 -2.08868 0.17949 -0.692764 -0.0539609 -1.3798 1.20367 -1.1156 0.64477 0.142111 -2.08923 -0.29091 -0.23153 -0.0467784 -1.29089 1.26802 -1.11527 0.252848 -0.238192 
4 -1 1.27793 1.27793 1619 -2.08851 0.143474 -0.71822 -0.0404384 -1.38344 1.18798 -1.10437 0.67002 0.112075 -2.08938 -0.315903 -0.26916 -0.0305937 -1.28729 1.26475 -1.10712 0.285283 -0.263029 
4 -1 1.26418 1.26418 1669.52 -2.08917 0.10234 -0.745963 -0.0233085 -1.387 1.17043 -1.09081 0.697204 0.0785535 -2.08954 -0.344171 -0.311116 -0.0107761 -1.28258 1.25975 -1.09628 0.320799 -0.290256 
4 -1 1.25431 1.25431 1708.36 -2.08908 0.0716355 -0.766067 -0.00948746 -1.38859 1.15674 -1.07958 0.716744 0.0541425 -2.08966 -0.365543 -0.341907 0.00501739 -1.2785 1.25515 -1.08702 0.346405 -0.310165 
4 -1 1.25084 1.25084 1722.61 -2.08903 0.0607113 -0.773084 -0.00438279 -1.38894 1.15189 -1.07544 0.723469 0.0455819 -2.08971 -0.373205 -0.352735 0.0108309 -1.27691 1.25336 -1.0835 0.355322 -0.317161 
4 -1 1.25084 1.25084 1722.61 -2.08903 0.0607113 -0.773084 -0.00438279 -1.38894 1.15189 -1.07544 0.723469 0.0455819 -2.08971 -0.373205 -0.352735 0.0108309 -1.27691 1.25336 -1.0835 0.355322 -0.317161 
4 -1 1.29 1.29 1061 -2.08713 -0.35465 0.947649 -0.209042 1.34116 1.01862 0.919294 0.847561 -0.255468 -2.08779 0.0533949 0.605839 -0.0411829 1.30774 1.20948 1.0584 0.547321 0.061488 
3 -1 1.29002 1.29002 1059.95 -2.08706 -0.35986 0.94961 -0.212883 1.33964 1.01676 0.916568 0.848467 -0.258598 -2.08768 0.0468186 0.607991 -0.0436485 1.30847 1.20832 1.05815 0.549069 0.0561753 
3 -1 1.29006 1.29006 1059.26 -2.08695 -0.364856 0.951029 -0.216474 1.33814 1.01536 0.914289 0.84891 -0.261679 -2.08755 0.0404066 0.609633 -0.0460332 1.30919 1.20743 1.05816 0.55035 0.0509719 
3 -1 1.29009 1.29009 1058.96 -2.08685 -0.370081 0.953832 -0.220569 1.33656 1.01267 0.910801 0.850546 -0.264597 -2.08744 0.0336449 0.612551 -0.0486258 1.30988 1.20582 1.05747 0.552775 0.0455649 
3 -1 1.29014 1.29014 1058.42 -2.0867 -0.375495 0.95484 -0.224344 1.33488 1.0116 0.908722 0.850527 -0.268023 -2.0873 0.0267372 0.613616 -0.0512787 1.31056 1.20519 1.05768 0.553522 0.0399499 
3 -1 1.29019 1.29019 1057.71 -2.08651 -0.380907 0.953496 -0.227504 1.33315 1.01269 0.908577 0.848386 -0.271979 -2.08715 0.0200071 0.612168 -0.0538642 1.31118 1.20588 1.05907 0.552014 0.034349 
3 -1 1.29025 1.29025 1057.31 -2.08631 -0.387892 0.954175 -0.232203 1.33093 1.0119 0.90639 0.847758 -0.276531 -2.08697 0.0111346 0.612698 -0.0573298 1.31191 1.20547 1.05959 0.552207 0.0271054 
3 -1 1.29029 1.29029 1056.94 -2.08621 -0.39132 0.953158 -0.234147 1.32981 1.01276 0.906427 0.846231 -0.279081 -2.08688 0.00689051 0.611564 -0.0589609 1.31224 1.20602 1.0605 0.551045 0.0235577 
3 -1 1.29033 1.29033 1056.34 -2.08608 -0.394018 0.949908 -0.235013 1.32889 1.01569 0.908459 0.842837 -0.28167 -2.08678 0.00378774 0.608166 -0.0600902 1.31246 1.20778 1.06243 0.547883 0.0208044 
3 -1 1.29038 1.29038 1055.81 -2.08597 -0.397153 0.947196 -0.236293 1.32783 1.01811 0.909931 0.839841 -0.284436 -2.08667 7.48402e-05 0.605306 -0.0614535 1.31273 1.20924 1.06412 0.54518 0.0175761 
3 -1 1.29047 1.29047 1054.81 -2.0858 -0.400382 0.94176 -0.236884 1.32671 1.02296 0.913538 0.8344 -0.287913 -2.08652 -0.00360398 0.599844 -0.0626443 1.31302 1.21208 1.06713 0.540119 0.0141881 
3 -1 1.29048 1.29048 1054.63 -2.0858 -0.399091 0.940793 -0.235802 1.32712 1.02383 0.914608 0.833781 -0.287256 -2.08653 -0.00189699 0.598975 -0.0619394 1.31292 1.21258 1.06746 0.539392 0.0155342 
