2 1 0 0 0.23 0 -2.25229 1.49584 1.49584 1.38715 -2.93732e-09 2.89763e-09 -8.42548e-18 -2.72433e-09 2.68752e-09 -2.25229 1.49584 1.49584 1.38715 -3.83751e-09 3.78565e-09 -1.45137e-17 -3.55924e-09 3.51114e-09 -2.25229 1.49584 1.49584 1.38715 -2.93732e-09 2.89763e-09 -8.42548e-18 -2.72433e-09 2.68752e-09 -2.25229 1.49584 1.49584 1.38715 -3.83751e-09 3.78565e-09 -1.45137e-17 -3.55924e-09 3.51114e-09 0 0 0 0 0 0 0 0 0 0 0 0 0 0 0 0 0 0 0 0 0 0 0 0 0 0 0 0 0 0 0 0 0 0 0 0 
1 1 0 0.0193331 0.23 0 -2.24984 1.49425 1.49425 1.38572 -1.18124e-13 3.59434e-14 2.3608e-17 -1.09593e-13 3.106e-14 -2.24984 1.49425 1.49425 1.38572 -1.18124e-13 3.59434e-14 2.3608e-17 -1.09593e-13 3.106e-14 -2.24984 1.49425 1.49425 1.38572 -1.18124e-13 3.59434e-14 2.3608e-17 -1.09593e-13 3.106e-14 -2.24984 1.49425 1.49425 1.38572 -1.18124e-13 3.59434e-14 2.3608e-17 -1.09593e-13 3.106e-14 0.291452 0 0.368276 0 0.369836 0 0.4138 0 0.457337 0 0.37246 0 0.37246 0 0.988026 0 0.988026 0 0.952442 0 0.952442 0 0.951191 0 0.951181 0 0.951181 0 0.951174 0 0.951167 0 0.95118 0 0.95118 0 
1 1 0 0.0386687 0.23 0 -2.2474 1.49266 1.49266 1.38428 1.65228e-15 1.68038e-13 1.4119e-17 1.48295e-15 1.57421e-13 -2.2474 1.49266 1.49266 1.38428 1.65228e-15 1.68038e-13 1.4119e-17 1.48295e-15 1.57421e-13 -2.2474 1.49266 1.49266 1.38428 1.65228e-15 1.68038e-13 1.4119e-17 1.48295e-15 1.57421e-13 -2.2474 1.49266 1.49266 1.38428 1.65228e-15 1.68038e-13 1.4119e-17 1.48295e-15 1.57421e-13 0.291441 0 0.368295 0 0.369862 0 0.413863 0 0.457451 0 0.372482 0 0.372482 0 0.98769 0 0.98769 0 0.951152 0 0.951133 0 0.951132 0 0.951119 0 0.951104 0 0.953677 0 0.953677 0 0.951131 0 0.951131 0 
1 1 0 0.0773471 0.23 0 -2.24252 1.4895 1.4895 1.38142 -5.49008e-15 -3.32828e-13 -1.01556e-16 -4.979e-15 -3.37223e-13 -2.24252 1.4895 1.4895 1.38142 -5.49008e-15 -3.32828e-13 -1.01556e-16 -4.979e-15 -3.37223e-13 -2.24252 1.4895 1.4895 1.38142 -5.49008e-15 -3.32828e-13 -1.01556e-16 -4.979e-15 -3.37223e-13 -2.24252 1.4895 1.4895 1.38142 -5.49008e-15 -3.32828e-13 -1.01556e-16 -4.979e-15 -3.37223e-13 0.291419 0 0.368333 0 0.369915 0 0.41399 0 0.457678 0 0.372527 0 0.372527 0 0.986936 0 0.986936 0 0.956234 0 0.956234 0 0.951074 0 0.951036 0 0.951035 0 0.951008 0 0.950978 0 0.951033 0 0.951033 0 
1 1 0 0.154732 0.23 0 -2.23283 1.4832 1.4832 1.37573 4.2856e-14 3.72711e-12 3.38969e-16 3.98496e-14 3.27597e-12 -2.23283 1.4832 1.4832 1.37573 4.2856e-14 3.72711e-12 3.38969e-16 3.98496e-14 3.27597e-12 -2.23283 1.4832 1.4832 1.37573 4.2856e-14 3.72711e-12 3.38969e-16 3.98496e-14 3.27597e-12 -2.23283 1.4832 1.4832 1.37573 4.2856e-14 3.72711e-12 3.38969e-16 3.98496e-14 3.27597e-12 0.291375 0 0.370021 0 0.368409 0 0.414244 0 0.458133 0 0.372617 0 0.372617 0 0.984931 0 0.984931 0 0.961857 0 0.961857 0 0.950918 0 0.950842 0 0.95084 0 0.950787 0 0.950726 0 0.950837 0 0.950837 0 
1 1 0 0.251517 0.23 0 -2.22081 1.47538 1.47538 1.36867 -2.19927e-14 1.69751e-11 2.22313e-16 -2.05356e-14 1.51362e-11 -2.22081 1.47538 1.47538 1.36867 -2.19927e-14 1.69751e-11 2.22313e-16 -2.05356e-14 1.51362e-11 -2.22081 1.47538 1.47538 1.36867 -2.19927e-14 1.69751e-11 2.22313e-16 -2.05356e-14 1.51362e-11 -2.22081 1.47538 1.47538 1.36867 -2.19927e-14 1.69751e-11 2.22313e-16 -2.05356e-14 1.51362e-11 0.291323 0 0.368504 0 0.370153 0 0.414563 0 0.458702 0 0.372729 0 0.372729 0 0.979354 0 0.979354 0 0.97198 0 0.97198 0 0.950724 0 0.950599 0 0.950596 0 0.95051 0 0.95041 0 0.950591 0 0.950591 0 
1 1 0 0.348359 0.23 626.813 -2.20889 1.46764 1.46764 1.36167 1.18317e-13 1.71282e-11 -1.06051e-16 1.09441e-13 1.52243e-11 -2.20889 1.46764 1.46764 1.36167 1.18317e-13 1.71282e-11 -1.06051e-16 1.09441e-13 1.52243e-11 -2.20889 1.46764 1.46764 1.36167 1.18317e-13 1.71282e-11 -1.06051e-16 1.09441e-13 1.52243e-11 -2.20889 1.46764 1.46764 1.36167 1.18317e-13 1.71282e-11 -1.06051e-16 1.09441e-13 1.52243e-11 0.291272 0 0.368599 0 0.370287 0 0.414881 0 0.459272 0 0.372842 0 0.372842 0 0.977953 0.00980335 0.977953 -0.00980335 0.977953 0.00980335 0.977953 -0.00980335 0.95053 0 0.950356 0 0.950352 0 0.950232 0 0.950092 0 0.950345 0 0.950345 0 
1 1 0 0.445256 0.23 440.158 -2.19708 1.45997 1.45997 1.35473 -1.51376e-13 -2.29781e-11 -9.18532e-16 -1.4265e-13 -2.1001e-11 -2.19708 1.45997 1.45997 1.35473 -1.51376e-13 -2.29781e-11 -9.18532e-16 -1.4265e-13 -2.1001e-11 -2.19708 1.45997 1.45997 1.35473 -1.51376e-13 -2.29781e-11 -9.18532e-16 -1.4265e-13 -2.1001e-11 -2.19708 1.45997 1.45997 1.35473 -1.51376e-13 -2.29781e-11 -9.18532e-16 -1.4265e-13 -2.1001e-11 0.291224 0 0.368695 0 0.370422 0 0.4152 0 0.459843 0 0.372954 0 0.372954 0 0.980251 0.0139939 0.980251 -0.0139939 0.980251 0.0139939 0.980251 -0.0139939 0.950335 0 0.950113 0 0.950107 0 0.949953 0 0.949774 0 0.950099 0 0.950099 0 
1 1 0 0.542209 0.23 365.471 -2.18538 1.45236 1.45236 1.34786 6.21417e-14 7.77419e-12 -2.94115e-18 5.87661e-14 7.04438e-12 -2.18538 1.45236 1.45236 1.34786 6.21417e-14 7.77419e-12 -2.94115e-18 5.87661e-14 7.04438e-12 -2.18538 1.45236 1.45236 1.34786 6.21417e-14 7.77419e-12 -2.94115e-18 5.87661e-14 7.04438e-12 -2.18538 1.45236 1.45236 1.34786 6.21417e-14 7.77419e-12 -2.94115e-18 5.87661e-14 7.04438e-12 0.291178 0 0.36879 0 0.370557 0 0.41552 0 0.460415 0 0.373067 0 0.373067 0 0.982563 0.0168939 0.982563 -0.0168939 0.982563 0.0168939 0.982563 -0.0168939 0.950141 0 0.94987 0 0.949863 0 0.949674 0 0.949454 0 0.949853 0 0.949853 0 
1 1 0 0.639216 0.23 324.099 -2.17377 1.44482 1.44482 1.34104 -1.03732e-13 3.93357e-12 -3.35206e-16 -9.5635e-14 3.89331e-12 -2.17377 1.44482 1.44482 1.34104 -1.03732e-13 3.93357e-12 -3.35206e-16 -9.5635e-14 3.89331e-12 -2.17377 1.44482 1.44482 1.34104 -1.03732e-13 3.93357e-12 -3.35206e-16 -9.5635e-14 3.89331e-12 -2.17377 1.44482 1.44482 1.34104 -1.03732e-13 3.93357e-12 -3.35206e-16 -9.5635e-14 3.89331e-12 0.291134 0 0.368886 0 0.370693 0 0.415839 0 0.460988 0 0.37318 0 0.37318 0 0.984887 0.0190961 0.984887 -0.0190961 0.984887 0.0190961 0.984887 -0.0190961 0.949946 0 0.949394 0 0.949626 0 0.949618 0 0.949133 0 0.949606 0 0.949606 0 
1 1 0 0.736275 0.23 297.991 -2.16227 1.43734 1.43734 1.33428 -6.30495e-14 7.40677e-12 -1.72376e-15 -5.95846e-14 6.73953e-12 -2.16227 1.43734 1.43734 1.33428 -6.30495e-14 7.40677e-12 -1.72376e-15 -5.95846e-14 6.73953e-12 -2.16227 1.43734 1.43734 1.33428 -6.30495e-14 7.40677e-12 -1.72376e-15 -5.95846e-14 6.73953e-12 -2.16227 1.43734 1.43734 1.33428 -6.30495e-14 7.40677e-12 -1.72376e-15 -5.95846e-14 6.73953e-12 0.291093 0 0.368982 0 0.37083 0 0.41616 0 0.461562 0 0.373292 0 0.373292 0 0.987225 0.0208188 0.987225 -0.0208188 0.987225 0.0208188 0.987225 -0.0208188 0.949752 0 0.949382 0 0.949373 0 0.949114 0 0.948811 0 0.949359 0 0.949359 0 
1 1 0 0.833386 0.23 280.497 -2.15086 1.42993 1.42993 1.32758 7.26332e-15 1.03802e-11 6.85741e-16 6.15547e-15 9.23959e-12 -2.15086 1.42993 1.42993 1.32758 7.26332e-15 1.03802e-11 6.85741e-16 6.15547e-15 9.23959e-12 -2.15086 1.42993 1.42993 1.32758 7.26332e-15 1.03802e-11 6.85741e-16 6.15547e-15 9.23959e-12 -2.15086 1.42993 1.42993 1.32758 7.26332e-15 1.03802e-11 6.85741e-16 6.15547e-15 9.23959e-12 0.291053 0 0.369078 0 0.370968 0 0.41648 0 0.462136 0 0.373405 0 0.373405 0 0.989574 0.0221704 0.989574 -0.0221704 0.989574 0.0221704 0.989574 -0.0221704 0.949557 0 0.949138 0 0.949127 0 0.948833 0 0.948488 0 0.949112 0 0.949112 0 
1 1 0 0.930547 0.23 268.555 -2.13956 1.42258 1.42258 1.32094 1.60392e-14 -6.18871e-12 1.10985e-15 1.61783e-14 -6.04918e-12 -2.13956 1.42258 1.42258 1.32094 1.60392e-14 -6.18871e-12 1.10985e-15 1.61783e-14 -6.04918e-12 -2.13956 1.42258 1.42258 1.32094 1.60392e-14 -6.18871e-12 1.10985e-15 1.61783e-14 -6.04918e-12 -2.13956 1.42258 1.42258 1.32094 1.60392e-14 -6.18871e-12 1.10985e-15 1.61783e-14 -6.04918e-12 0.291016 0 0.369174 0 0.371107 0 0.416801 0 0.462712 0 0.373518 0 0.373518 0 0.991937 0.0232119 0.991937 -0.0232119 0.991937 0.0232119 0.991937 -0.0232119 0.949363 0 0.948881 0 0.948894 0 0.948551 0 0.948164 0 0.948865 0 0.948865 0 
1 1 0 1.02776 0.23 260.576 -2.12835 1.4153 1.4153 1.31436 1.52709e-14 -1.2324e-11 4.19011e-16 1.57002e-14 -1.10958e-11 -2.12835 1.4153 1.4153 1.31436 1.52709e-14 -1.2324e-11 4.19011e-16 1.57002e-14 -1.10958e-11 -2.12835 1.4153 1.4153 1.31436 1.52709e-14 -1.2324e-11 4.19011e-16 1.57002e-14 -1.10958e-11 -2.12835 1.4153 1.4153 1.31436 1.52709e-14 -1.2324e-11 4.19011e-16 1.57002e-14 -1.10958e-11 0.290981 0 0.36927 0 0.371247 0 0.417122 0 0.463288 0 0.373631 0 0.373631 0 0.994312 0.0239801 0.994312 -0.0239801 0.994312 0.0239801 0.994312 -0.0239801 0.949168 0 0.94865 0 0.948635 0 0.948269 0 0.947838 0 0.948618 0 0.948618 0 
1 1 0 1.12502 0.23 255.689 -2.11724 1.40808 1.40808 1.30783 1.20107e-13 8.12168e-12 2.4521e-16 1.14384e-13 7.54358e-12 -2.11724 1.40808 1.40808 1.30783 1.20107e-13 8.12168e-12 2.4521e-16 1.14384e-13 7.54358e-12 -2.11724 1.40808 1.40808 1.30783 1.20107e-13 8.12168e-12 2.4521e-16 1.14384e-13 7.54358e-12 -2.11724 1.40808 1.40808 1.30783 1.20107e-13 8.12168e-12 2.4521e-16 1.14384e-13 7.54358e-12 0.290948 0 0.369366 0 0.371387 0 0.417443 0 0.463865 0 0.373745 0 0.373745 0 0.9967 0.0244974 0.9967 -0.0244974 0.9967 0.0244974 0.9967 -0.0244974 0.948974 0 0.948389 0 0.948405 0 0.947987 0 0.947511 0 0.94837 0 0.94837 0 
1 1 0 1.22232 0.23 253.427 -2.10622 1.40092 1.40092 1.30136 -4.09094e-14 -2.31014e-11 -2.47917e-16 -3.82992e-14 -2.12984e-11 -2.10622 1.40092 1.40092 1.30136 -4.09094e-14 -2.31014e-11 -2.47917e-16 -3.82992e-14 -2.12984e-11 -2.10622 1.40092 1.40092 1.30136 -4.09094e-14 -2.31014e-11 -2.47917e-16 -3.82992e-14 -2.12984e-11 -2.10622 1.40092 1.40092 1.30136 -4.09094e-14 -2.31014e-11 -2.47917e-16 -3.82992e-14 -2.12984e-11 0.290918 0 0.369462 0 0.371528 0 0.417765 0 0.464443 0 0.373858 0 0.373858 0 0.999101 0.0247757 0.999101 -0.0247757 0.999101 0.0247757 0.999101 -0.0247757 0.948779 0 0.948143 0 0.948161 0 0.947703 0 0.947184 0 0.948122 0 0.948122 0 
1 1 0 1.24623 0.23 253.203 -2.10353 1.39917 1.39917 1.29978 -6.57911e-15 1.41432e-12 -2.80714e-17 -6.08778e-15 1.34624e-12 -2.10353 1.39917 1.39917 1.29978 -6.57911e-15 1.41432e-12 -2.80714e-17 -6.08778e-15 1.34624e-12 -2.10353 1.39917 1.39917 1.29978 -6.57911e-15 1.41432e-12 -2.80714e-17 -6.08778e-15 1.34624e-12 -2.10353 1.39917 1.39917 1.29978 -6.57911e-15 1.41432e-12 -2.80714e-17 -6.08778e-15 1.34624e-12 0.290911 0 0.369486 0 0.371563 0 0.417843 0 0.464585 0 0.373886 0 0.373886 0 0.99969 0.0248122 0.99969 -0.0248122 0.99969 0.0248122 0.99969 -0.0248122 0.948731 0 0.948101 0 0.948082 0 0.947634 0 0.947103 0 0.948061 0 0.948061 0 
2 1 0 1.34359 0.23 253.996 -2.09263 1.39209 1.39209 1.29338 -1.66603e-14 5.27254e-13 -1.83224e-16 -1.56443e-14 4.75944e-13 -2.09263 1.39209 1.39209 1.29338 -1.66603e-14 5.27254e-13 -1.83224e-16 -1.56443e-14 4.75944e-13 -2.09263 1.39209 1.39209 1.29338 -1.66603e-14 5.27254e-13 -1.83224e-16 -1.56443e-14 4.75944e-13 -2.09263 1.39209 1.39209 1.29338 -1.66603e-14 5.27254e-13 -1.83224e-16 -1.56443e-14 4.75944e-13 0.290883 0 0.369583 0 0.371706 0 0.418165 0 0.465164 0 0.373999 0 0.373999 0 1.00211 0.0247945 1.00211 -0.0247945 1.00211 0.0247945 1.00211 -0.0247945 0.948537 0 0.947856 0 0.947835 0 0.94735 0 0.946773 0 0.947813 0 0.947813 0 
2 1 0 1.441 0.23 257.225 -2.08183 1.38506 1.38506 1.28703 1.37337e-13 8.77032e-12 2.95595e-16 1.26072e-13 8.04633e-12 -2.08183 1.38506 1.38506 1.28703 1.37337e-13 8.77032e-12 2.95595e-16 1.26072e-13 8.04633e-12 -2.08183 1.38506 1.38506 1.28703 1.37337e-13 8.77032e-12 2.95595e-16 1.26072e-13 8.04633e-12 -2.08183 1.38506 1.38506 1.28703 1.37337e-13 8.77032e-12 2.95595e-16 1.26072e-13 8.04633e-12 0.290858 0 0.37185 0 0.369679 0 0.418487 0 0.465744 0 0.374113 0 0.374113 0 1.00454 0.0245425 1.00454 -0.0245425 1.00454 0.0245425 1.00454 -0.0245425 0.948342 0 0.947611 0 0.947588 0 0.947065 0 0.946443 0 0.947564 0 0.947564 0 
2 1 0 1.53845 0.23 263.227 -2.07111 1.3781 1.3781 1.28073 2.73662e-15 -5.10914e-12 6.48704e-16 2.3009e-15 -4.62301e-12 -2.07111 1.3781 1.3781 1.28073 2.73662e-15 -5.10914e-12 6.48704e-16 2.3009e-15 -4.62301e-12 -2.07111 1.3781 1.3781 1.28073 2.73662e-15 -5.10914e-12 6.48704e-16 2.3009e-15 -4.62301e-12 -2.07111 1.3781 1.3781 1.28073 2.73662e-15 -5.10914e-12 6.48704e-16 2.3009e-15 -4.62301e-12 0.290835 0 0.369776 0 0.371994 0 0.41881 0 0.466324 0 0.374226 0 0.374226 0 1.00698 0.024041 1.00698 -0.024041 1.00698 0.0240409 1.00698 -0.0240409 0.948147 0 0.947365 0 0.947341 0 0.94678 0 0.946111 0 0.947316 0 0.947316 0 
2 1 0 1.63595 0.23 272.609 -2.06049 1.37119 1.37119 1.27449 -3.81971e-14 7.29359e-12 1.20905e-15 -3.36051e-14 6.57427e-12 -2.06049 1.37119 1.37119 1.27449 -3.81971e-14 7.29359e-12 1.20905e-15 -3.36051e-14 6.57427e-12 -2.06049 1.37119 1.37119 1.27449 -3.81971e-14 7.29359e-12 1.20905e-15 -3.36051e-14 6.57427e-12 -2.06049 1.37119 1.37119 1.27449 -3.81971e-14 7.29359e-12 1.20905e-15 -3.36051e-14 6.57427e-12 0.290814 0 0.369873 0 0.37214 0 0.419132 0 0.466906 0 0.37434 0 0.37434 0 1.00943 0.0232698 1.00943 -0.0232698 1.00943 0.0232698 1.00943 -0.0232698 0.947952 0 0.94712 0 0.947093 0 0.946494 0 0.945778 0 0.947067 0 0.947067 0 
2 1 0 1.73349 0.23 286.478 -2.04995 1.36435 1.36435 1.2683 -1.40446e-13 1.69371e-11 4.38523e-16 -1.29309e-13 1.58083e-11 -2.04995 1.36435 1.36435 1.2683 -1.40446e-13 1.69371e-11 4.38523e-16 -1.29309e-13 1.58083e-11 -2.04995 1.36435 1.36435 1.2683 -1.40446e-13 1.69371e-11 4.38523e-16 -1.29309e-13 1.58083e-11 -2.04995 1.36435 1.36435 1.2683 -1.40446e-13 1.69371e-11 4.38523e-16 -1.29309e-13 1.58083e-11 0.290796 0 0.36997 0 0.372286 0 0.419455 0 0.467488 0 0.374454 0 0.374454 0 1.0119 0.022197 1.0119 -0.022197 1.0119 0.022197 1.0119 -0.022197 0.947757 0 0.946874 0 0.946845 0 0.946208 0 0.945444 0 0.946818 0 0.946818 0 
2 1 0 1.83107 0.23 306.884 -2.03951 1.35756 1.35756 1.26217 -9.98291e-15 -9.12974e-13 -9.34707e-16 -5.78122e-15 -8.22798e-13 -2.03951 1.35756 1.35756 1.26217 -9.98291e-15 -9.12974e-13 -9.34707e-16 -5.78122e-15 -8.22798e-13 -2.03951 1.35756 1.35756 1.26217 -9.98291e-15 -9.12974e-13 -9.34707e-16 -5.78122e-15 -8.22798e-13 -2.03951 1.35756 1.35756 1.26217 -9.98291e-15 -9.12974e-13 -9.34707e-16 -5.78122e-15 -8.22798e-13 0.29078 0 0.370067 0 0.372434 0 0.419777 0 0.468072 0 0.374568 0 0.374568 0 1.01438 0.0207714 1.01438 -0.0207714 1.01438 0.0207714 1.01438 -0.0207714 0.947562 0 0.946628 0 0.946597 0 0.945921 0 0.945109 0 0.946569 0 0.946569 0 
2 1 0 1.92869 0.23 337.938 -2.02915 1.35082 1.35082 1.25608 -2.93228e-14 9.74503e-12 -9.07887e-16 -3.05395e-14 8.59313e-12 -2.02915 1.35082 1.35082 1.25608 -2.93228e-14 9.74503e-12 -9.07887e-16 -3.05395e-14 8.59313e-12 -2.02915 1.35082 1.35082 1.25608 -2.93228e-14 9.74503e-12 -9.07887e-16 -3.05395e-14 8.59313e-12 -2.02915 1.35082 1.35082 1.25608 -2.93228e-14 9.74503e-12 -9.07887e-16 -3.05395e-14 8.59313e-12 0.290766 0 0.370164 0 0.372582 0 0.4201 0 0.468656 0 0.374682 0 0.374682 0 1.01687 0.0189085 1.01687 -0.0189085 1.01687 0.0189085 1.01687 -0.0189085 0.947368 0 0.946382 0 0.946349 0 0.945634 0 0.944772 0 0.946319 0 0.946319 0 
2 1 0 2.02635 0.23 389.276 -2.01888 1.34415 1.34415 1.25004 1.69637e-14 9.06633e-12 -5.53302e-16 1.52621e-14 8.20942e-12 -2.01888 1.34415 1.34415 1.25004 1.69637e-14 9.06633e-12 -5.53302e-16 1.52621e-14 8.20942e-12 -2.01888 1.34415 1.34415 1.25004 1.69637e-14 9.06633e-12 -5.53302e-16 1.52621e-14 8.20942e-12 -2.01888 1.34415 1.34415 1.25004 1.69637e-14 9.06633e-12 -5.53302e-16 1.52621e-14 8.20942e-12 0.290755 0 0.370262 0 0.372732 0 0.420424 0 0.469241 0 0.374796 0 0.374796 0 1.01938 0.0164548 1.01938 -0.0164548 1.01938 0.0164549 1.01938 -0.0164549 0.947173 0 0.945346 0 0.946136 0 0.9461 0 0.944434 0 0.94607 0 0.94607 0 
2 1 0 2.12405 0.23 491.103 -2.00869 1.33752 1.33752 1.24406 4.04336e-14 -1.50553e-11 -4.98516e-19 3.92909e-14 -1.37342e-11 -2.00869 1.33752 1.33752 1.24406 4.04336e-14 -1.50553e-11 -4.98516e-19 3.92909e-14 -1.37342e-11 -2.00869 1.33752 1.33752 1.24406 4.04336e-14 -1.50553e-11 -4.98516e-19 3.92909e-14 -1.37342e-11 -2.00869 1.33752 1.33752 1.24406 4.04336e-14 -1.50553e-11 -4.98516e-19 3.92909e-14 -1.37342e-11 0.290746 0 0.370359 0 0.372882 0 0.420747 0 0.469826 0 0.37491 0 0.37491 0 1.02189 0.0130748 1.02189 -0.0130748 1.02189 0.0130748 1.02189 -0.0130748 0.946977 0 0.94589 0 0.945851 0 0.945057 0 0.944096 0 0.94582 0 0.94582 0 
2 1 0 2.22179 0.23 845.841 -1.99859 1.33096 1.33096 1.23812 1.35437e-14 5.08714e-12 -1.2668e-15 1.30916e-14 4.8092e-12 -1.99859 1.33096 1.33096 1.23812 1.35437e-14 5.08714e-12 -1.2668e-15 1.30916e-14 4.8092e-12 -1.99859 1.33096 1.33096 1.23812 1.35437e-14 5.08714e-12 -1.2668e-15 1.30916e-14 4.8092e-12 -1.99859 1.33096 1.33096 1.23812 1.35437e-14 5.08714e-12 -1.2668e-15 1.30916e-14 4.8092e-12 0.290739 0 0.370457 0 0.373034 0 0.42107 0 0.375024 0 0.470413 0 0.375024 0 1.02442 0.00760989 1.02442 -0.00760989 1.02442 0.00760988 1.02442 -0.00760988 0.946782 0 0.945643 0 0.945602 0 0.944768 0 0.943755 0 0.94557 0 0.94557 0 
2 1 0 2.31957 0.23 845.841 -1.98857 1.32445 1.32445 1.23224 1.97465e-14 -5.39936e-12 -5.18351e-16 1.84208e-14 -4.93023e-12 -1.98857 1.32445 1.32445 1.23224 1.97465e-14 -5.39936e-12 -5.18351e-16 1.84208e-14 -4.93023e-12 -1.98857 1.32445 1.32445 1.23224 1.97465e-14 -5.39936e-12 -5.18351e-16 1.84208e-14 -4.93023e-12 -1.98857 1.32445 1.32445 1.23224 1.97465e-14 -5.39936e-12 -5.18351e-16 1.84208e-14 -4.93023e-12 0.290735 0 0.370554 0 0.373186 0 0.421394 0 0.471 0 0.375138 0 0.375138 0 1.03525 0 1.03525 0 0.946587 0 0.945396 0 0.945352 0 0.944479 0 0.943414 0 1.01869 0 1.01869 0 0.945319 0 0.945319 0 
2 1 0 2.41738 0.23 845.841 -1.97863 1.31799 1.31799 1.2264 6.39328e-14 -6.39673e-12 6.62912e-16 5.88706e-14 -6.08477e-12 -1.97863 1.31799 1.31799 1.2264 6.39328e-14 -6.39673e-12 6.62912e-16 5.88706e-14 -6.08477e-12 -1.97863 1.31799 1.31799 1.2264 6.39328e-14 -6.39673e-12 6.62912e-16 5.88706e-14 -6.08477e-12 -1.97863 1.31799 1.31799 1.2264 6.39328e-14 -6.39673e-12 6.62912e-16 5.88706e-14 -6.08477e-12 0.290733 0 0.370652 0 0.37334 0 0.421717 0 0.471589 0 0.375253 0 0.375253 0 1.04397 0 1.04397 0 0.946392 0 0.945149 0 0.945103 0 0.943071 0 0.944188 0 1.01508 0 1.01508 0 0.945069 0 0.945069 0 
2 1 0 2.51523 0.23 845.841 -1.96877 1.31158 1.31158 1.2206 -9.38427e-14 5.12578e-13 -1.68346e-16 -8.78285e-14 3.77399e-13 -1.96877 1.31158 1.31158 1.2206 -9.38427e-14 5.12578e-13 -1.68346e-16 -8.78285e-14 3.77399e-13 -1.96877 1.31158 1.31158 1.2206 -9.38427e-14 5.12578e-13 -1.68346e-16 -8.78285e-14 3.77399e-13 -1.96877 1.31158 1.31158 1.2206 -9.38427e-14 5.12578e-13 -1.68346e-16 -8.78285e-14 3.77399e-13 0.290733 0 0.37075 0 0.373495 0 0.422041 0 0.472178 0 0.375367 0 0.375367 0 1.05113 0 1.05113 0 0.946197 0 0.944902 0 0.944853 0 0.943897 0 1.01305 0 1.01305 0 0.942728 0 0.944818 0 0.944818 0 
2 1 0 2.61312 0.23 845.841 -1.959 1.30523 1.30523 1.21486 5.81456e-15 4.53245e-13 -5.19815e-16 6.37212e-15 4.29249e-13 -1.959 1.30523 1.30523 1.21486 5.81456e-15 4.53245e-13 -5.19815e-16 6.37212e-15 4.29249e-13 -1.959 1.30523 1.30523 1.21486 5.81456e-15 4.53245e-13 -5.19815e-16 6.37212e-15 4.29249e-13 -1.959 1.30523 1.30523 1.21486 5.81456e-15 4.53245e-13 -5.19815e-16 6.37212e-15 4.29249e-13 0.290736 0 0.370848 0 0.373651 0 0.422365 0 0.472768 0 0.375482 0 0.375482 0 1.0577 0 1.0577 0 1.01164 0 1.01164 0 0.946001 0 0.944655 0 0.944602 0 0.943606 0 0.942383 0 0.944568 0 0.944568 0 
2 1 0 2.71104 0.23 845.841 -1.9493 1.29892 1.29892 1.20916 6.34465e-14 5.07912e-12 -2.11767e-16 6.038e-14 4.38812e-12 -1.9493 1.29892 1.29892 1.20916 6.34465e-14 5.07912e-12 -2.11767e-16 6.038e-14 4.38812e-12 -1.9493 1.29892 1.29892 1.20916 6.34465e-14 5.07912e-12 -2.11767e-16 6.038e-14 4.38812e-12 -1.9493 1.29892 1.29892 1.20916 6.34465e-14 5.07912e-12 -2.11767e-16 6.038e-14 4.38812e-12 0.290742 0 0.370946 0 0.373808 0 0.422689 0 0.473358 0 0.375596 0 0.375596 0 1.06396 0 1.06396 0 0.945806 0 0.944408 0 0.944352 0 0.943314 0 1.01057 0 1.01057 0 0.942036 0 0.944317 0 0.944317 0 
2 1 0 2.80899 0.23 845.841 -1.93969 1.29267 1.29267 1.20351 -6.82399e-14 -6.18341e-12 -9.72857e-16 -6.47426e-14 -5.81572e-12 -1.93969 1.29267 1.29267 1.20351 -6.82399e-14 -6.18341e-12 -9.72857e-16 -6.47426e-14 -5.81572e-12 -1.93969 1.29267 1.29267 1.20351 -6.82399e-14 -6.18341e-12 -9.72857e-16 -6.47426e-14 -5.81572e-12 -1.93969 1.29267 1.29267 1.20351 -6.82399e-14 -6.18341e-12 -9.72857e-16 -6.47426e-14 -5.81572e-12 0.290749 0 0.371044 0 0.373966 0 0.423013 0 0.47395 0 0.375711 0 0.375711 0 1.07003 0 1.07003 0 0.94561 0 0.94416 0 0.944101 0 0.943022 0 1.00972 0 1.00972 0 0.941689 0 0.944066 0 0.944066 0 
2 1 0 2.90698 0.23 845.841 -1.93015 1.28647 1.28647 1.19791 -1.48383e-14 -6.70148e-13 -5.73503e-16 -1.53563e-14 -3.86877e-13 -1.93015 1.28647 1.28647 1.19791 -1.48383e-14 -6.70148e-13 -5.73503e-16 -1.53563e-14 -3.86877e-13 -1.93015 1.28647 1.28647 1.19791 -1.48383e-14 -6.70148e-13 -5.73503e-16 -1.53563e-14 -3.86877e-13 -1.93015 1.28647 1.28647 1.19791 -1.48383e-14 -6.70148e-13 -5.73503e-16 -1.53563e-14 -3.86877e-13 0.29076 0 0.371143 0 0.374126 0 0.423337 0 0.375826 0 0.474542 0 0.375826 0 1.07596 0 1.07596 0 0.945415 0 0.943913 0 0.94385 0 1.00902 0 1.00902 0 0.942729 0 0.94134 0 0.943814 0 0.943814 0 
2 1 0 3.005 0.23 845.841 -1.92069 1.28032 1.28032 1.19235 -3.47067e-14 8.80062e-12 4.44294e-17 -3.23522e-14 8.18659e-12 -1.92069 1.28032 1.28032 1.19235 -3.47067e-14 8.80062e-12 4.44294e-17 -3.23522e-14 8.18659e-12 -1.92069 1.28032 1.28032 1.19235 -3.47067e-14 8.80062e-12 4.44294e-17 -3.23522e-14 8.18659e-12 -1.92069 1.28032 1.28032 1.19235 -3.47067e-14 8.80062e-12 4.44294e-17 -3.23522e-14 8.18659e-12 0.290772 0 0.371241 0 0.374286 0 0.423662 0 0.475136 0 0.375941 0 0.375941 0 1.08182 0 1.08182 0 0.945219 0 0.943665 0 0.943599 0 0.942435 0 1.00843 0 0.94099 0 1.00843 0 0.943563 0 0.943563 0 
2 1 0 3.10305 0.23 845.841 -1.9113 1.27422 1.27422 1.18683 -8.01802e-14 -4.15403e-12 3.33826e-16 -7.29207e-14 -3.6809e-12 -1.9113 1.27422 1.27422 1.18683 -8.01802e-14 -4.15403e-12 3.33826e-16 -7.29207e-14 -3.6809e-12 -1.9113 1.27422 1.27422 1.18683 -8.01802e-14 -4.15403e-12 3.33826e-16 -7.29207e-14 -3.6809e-12 -1.9113 1.27422 1.27422 1.18683 -8.01802e-14 -4.15403e-12 3.33826e-16 -7.29207e-14 -3.6809e-12 0.290787 0 0.37134 0 0.374448 0 0.423986 0 0.47573 0 0.376056 0 0.376056 0 1.08762 0 1.08762 0 0.945023 0 0.943417 0 0.943347 0 0.942141 0 1.00793 0 1.00793 0 0.940639 0 0.943311 0 0.943311 0 
2 1 0 3.20113 0.23 845.841 -1.90199 1.26817 1.26817 1.18136 -1.207e-14 -5.09618e-12 -4.12566e-16 -1.10309e-14 -4.96807e-12 -1.90199 1.26817 1.26817 1.18136 -1.207e-14 -5.09618e-12 -4.12566e-16 -1.10309e-14 -4.96807e-12 -1.90199 1.26817 1.26817 1.18136 -1.207e-14 -5.09618e-12 -4.12566e-16 -1.10309e-14 -4.96807e-12 -1.90199 1.26817 1.26817 1.18136 -1.207e-14 -5.09618e-12 -4.12566e-16 -1.10309e-14 -4.96807e-12 0.290805 0 0.371438 0 0.374611 0 0.424311 0 0.476325 0 0.376171 0 0.376171 0 1.09337 0 1.09337 0 0.944828 0 0.943169 0 0.943095 0 0.941846 0 1.00749 0 0.940287 0 1.00749 0 0.943059 0 0.943059 0 
2 1 0 3.29924 0.23 845.841 -1.89275 1.26216 1.26216 1.17593 4.1316e-14 -7.33083e-12 2.66348e-16 3.97428e-14 -6.61144e-12 -1.89275 1.26216 1.26216 1.17593 4.1316e-14 -7.33083e-12 2.66348e-16 3.97428e-14 -6.61144e-12 -1.89275 1.26216 1.26216 1.17593 4.1316e-14 -7.33083e-12 2.66348e-16 3.97428e-14 -6.61144e-12 -1.89275 1.26216 1.26216 1.17593 4.1316e-14 -7.33083e-12 2.66348e-16 3.97428e-14 -6.61144e-12 0.290824 0 0.371537 0 0.374775 0 0.424636 0 0.47692 0 0.376286 0 0.376286 0 1.0991 0 1.0991 0 0.944632 0 0.94292 0 0.942843 0 0.939933 0 0.941551 0 1.00711 0 1.00711 0 0.942807 0 0.942807 0 
2 1 0 3.39739 0.23 845.841 -1.88359 1.2562 1.2562 1.17054 5.80113e-14 1.03837e-11 7.45772e-16 5.60984e-14 9.54359e-12 -1.88359 1.2562 1.2562 1.17054 5.80113e-14 1.03837e-11 7.45772e-16 5.60984e-14 9.54359e-12 -1.88359 1.2562 1.2562 1.17054 5.80113e-14 1.03837e-11 7.45772e-16 5.60984e-14 9.54359e-12 -1.88359 1.2562 1.2562 1.17054 5.80113e-14 1.03837e-11 7.45772e-16 5.60984e-14 9.54359e-12 0.290847 0 0.371636 0 0.374941 0 0.42496 0 0.477517 0 0.376401 0 0.376401 0 1.10482 0 1.10482 0 0.944436 0 0.942672 0 0.942591 0 0.941255 0 1.00677 0 0.939578 0 1.00677 0 0.942555 0 0.942555 0 
2 1 0 3.49556 0.23 845.841 -1.8745 1.25029 1.25029 1.1652 9.60422e-14 -2.23225e-11 -7.46352e-17 8.92802e-14 -2.06906e-11 -1.8745 1.25029 1.25029 1.1652 9.60422e-14 -2.23225e-11 -7.46352e-17 8.92802e-14 -2.06906e-11 -1.8745 1.25029 1.25029 1.1652 9.60422e-14 -2.23225e-11 -7.46352e-17 8.92802e-14 -2.06906e-11 -1.8745 1.25029 1.25029 1.1652 9.60422e-14 -2.23225e-11 -7.46352e-17 8.92802e-14 -2.06906e-11 0.290871 0 0.371735 0 0.375108 0 0.425285 0 0.478114 0 0.376516 0 0.376516 0 1.11052 0 1.11052 0 0.94424 0 0.942423 0 0.942338 0 0.940959 0 0.939222 0 1.00646 0 1.00646 0 0.942302 0 0.942302 0 
2 1 0 3.59376 0.23 845.841 -1.86548 1.24443 1.24443 1.1599 -4.29814e-14 -3.96942e-12 2.01843e-16 -4.04697e-14 -3.66889e-12 -1.86548 1.24443 1.24443 1.1599 -4.29814e-14 -3.96942e-12 2.01843e-16 -4.04697e-14 -3.66889e-12 -1.86548 1.24443 1.24443 1.1599 -4.29814e-14 -3.96942e-12 2.01843e-16 -4.04697e-14 -3.66889e-12 -1.86548 1.24443 1.24443 1.1599 -4.29814e-14 -3.96942e-12 2.01843e-16 -4.04697e-14 -3.66889e-12 0.290899 0 0.371834 0 0.375276 0 0.42561 0 0.478713 0 0.376631 0 0.376631 0 1.11622 0 1.11622 0 0.944043 0 0.942174 0 0.942085 0 0.940662 0 1.00619 0 0.938864 0 1.00619 0 0.94205 0 0.94205 0 
2 1 0 3.69199 0.23 845.841 -1.85653 1.23861 1.23861 1.15464 -8.6286e-14 2.88926e-13 6.79427e-17 -7.94574e-14 2.56459e-13 -1.85653 1.23861 1.23861 1.15464 -8.6286e-14 2.88926e-13 6.79427e-17 -7.94574e-14 2.56459e-13 -1.85653 1.23861 1.23861 1.15464 -8.6286e-14 2.88926e-13 6.79427e-17 -7.94574e-14 2.56459e-13 -1.85653 1.23861 1.23861 1.15464 -8.6286e-14 2.88926e-13 6.79427e-17 -7.94574e-14 2.56459e-13 0.290928 0 0.371933 0 0.375445 0 0.425935 0 0.376747 0 0.479312 0 0.376747 0 1.12192 0 1.12192 0 0.943847 0 0.941925 0 0.941832 0 0.940365 0 1.00594 0 0.938506 0 1.00594 0 0.941797 0 0.941797 0 
2 1 0 3.79025 0.23 845.841 -1.84765 1.23284 1.23284 1.14942 1.72662e-14 2.86506e-12 -1.68645e-15 1.74419e-14 2.59937e-12 -1.84765 1.23284 1.23284 1.14942 1.72662e-14 2.86506e-12 -1.68645e-15 1.74419e-14 2.59937e-12 -1.84765 1.23284 1.23284 1.14942 1.72662e-14 2.86506e-12 -1.68645e-15 1.74419e-14 2.59937e-12 -1.84765 1.23284 1.23284 1.14942 1.72662e-14 2.86506e-12 -1.68645e-15 1.74419e-14 2.59937e-12 0.29096 0 0.372032 0 0.375616 0 0.426261 0 0.479912 0 0.376862 0 0.376862 0 1.12763 0 1.12763 0 0.943651 0 0.941676 0 0.941578 0 0.940067 0 0.938146 0 1.00572 0 1.00572 0 0.941544 0 0.941544 0 
2 1 0 3.88854 0.23 845.841 -1.83884 1.22711 1.22711 1.14424 -3.89594e-14 -1.02742e-11 -5.486e-16 -3.45465e-14 -9.75882e-12 -1.83884 1.22711 1.22711 1.14424 -3.89594e-14 -1.02742e-11 -5.486e-16 -3.45465e-14 -9.75882e-12 -1.83884 1.22711 1.22711 1.14424 -3.89594e-14 -1.02742e-11 -5.486e-16 -3.45465e-14 -9.75882e-12 -1.83884 1.22711 1.22711 1.14424 -3.89594e-14 -1.02742e-11 -5.486e-16 -3.45465e-14 -9.75882e-12 0.290994 0 0.372132 0 0.375788 0 0.426586 0 0.480512 0 0.376978 0 0.376978 0 1.13334 0 1.13334 0 0.943454 0 0.941427 0 0.941325 0 0.939768 0 0.937784 0 1.00551 0 1.00551 0 0.941291 0 0.941291 0 
2 1 0 3.98685 0.23 845.841 -1.8301 1.22143 1.22143 1.1391 6.66023e-14 -3.15491e-12 -2.41814e-16 6.11254e-14 -3.00842e-12 -1.8301 1.22143 1.22143 1.1391 6.66023e-14 -3.15491e-12 -2.41814e-16 6.11254e-14 -3.00842e-12 -1.8301 1.22143 1.22143 1.1391 6.66023e-14 -3.15491e-12 -2.41814e-16 6.11254e-14 -3.00842e-12 -1.8301 1.22143 1.22143 1.1391 6.66023e-14 -3.15491e-12 -2.41814e-16 6.11254e-14 -3.00842e-12 0.291031 0 0.372231 0 0.375962 0 0.426912 0 0.481114 0 0.377093 0 0.377093 0 1.13907 0 1.13907 0 0.943258 0 0.941178 0 0.94107 0 0.939469 0 0.937422 0 1.00532 0 1.00532 0 0.941038 0 0.941038 0 
2 1 0 4.08519 0.23 845.841 -1.82143 1.21579 1.21579 1.134 -1.25081e-14 1.87589e-11 7.12066e-16 -1.23595e-14 1.73056e-11 -1.82143 1.21579 1.21579 1.134 -1.25081e-14 1.87589e-11 7.12066e-16 -1.23595e-14 1.73056e-11 -1.82143 1.21579 1.21579 1.134 -1.25081e-14 1.87589e-11 7.12066e-16 -1.23595e-14 1.73056e-11 -1.82143 1.21579 1.21579 1.134 -1.25081e-14 1.87589e-11 7.12066e-16 -1.23595e-14 1.73056e-11 0.291071 0 0.372331 0 0.376136 0 0.427237 0 0.481717 0 0.377209 0 0.377209 0 1.14481 0 1.14481 0 0.943061 0 0.940928 0 0.940816 0 0.939169 0 0.937058 0 1.00515 0 1.00515 0 0.940784 0 0.940784 0 
2 1 0 4.18355 0.23 845.841 -1.81282 1.2102 1.2102 1.12895 5.10352e-14 1.28511e-11 3.10296e-16 4.68366e-14 1.20308e-11 -1.81282 1.2102 1.2102 1.12895 5.10352e-14 1.28511e-11 3.10296e-16 4.68366e-14 1.20308e-11 -1.81282 1.2102 1.2102 1.12895 5.10352e-14 1.28511e-11 3.10296e-16 4.68366e-14 1.20308e-11 -1.81282 1.2102 1.2102 1.12895 5.10352e-14 1.28511e-11 3.10296e-16 4.68366e-14 1.20308e-11 0.291112 0 0.37243 0 0.376313 0 0.427563 0 0.48232 0 0.377325 0 0.377325 0 1.15056 0 0.942864 0 1.15056 0 0.938869 0 0.940679 0 0.940561 0 0.936693 0 1.00499 0 1.00499 0 0.940531 0 0.940531 0 
2 1 0 4.28194 0.23 845.841 -1.80428 1.20464 1.20464 1.12392 -3.25512e-14 3.67812e-12 -1.12146e-15 -3.13388e-14 3.26897e-12 -1.80428 1.20464 1.20464 1.12392 -3.25512e-14 3.67812e-12 -1.12146e-15 -3.13388e-14 3.26897e-12 -1.80428 1.20464 1.20464 1.12392 -3.25512e-14 3.67812e-12 -1.12146e-15 -3.13388e-14 3.26897e-12 -1.80428 1.20464 1.20464 1.12392 -3.25512e-14 3.67812e-12 -1.12146e-15 -3.13388e-14 3.26897e-12 0.291156 0 0.37253 0 0.37649 0 0.427889 0 0.377441 0 0.482924 0 0.377441 0 1.15633 0 1.15633 0 0.942667 0 0.940429 0 0.940306 0 0.938568 0 0.936326 0 1.00484 0 1.00484 0 0.940277 0 0.940277 0 
2 1 0 4.38035 0.23 845.841 -1.79581 1.19913 1.19913 1.11894 2.41919e-15 -6.5267e-12 2.8664e-16 4.89336e-15 -6e-12 -1.79581 1.19913 1.19913 1.11894 2.41919e-15 -6.5267e-12 2.8664e-16 4.89336e-15 -6e-12 -1.79581 1.19913 1.19913 1.11894 2.41919e-15 -6.5267e-12 2.8664e-16 4.89336e-15 -6e-12 -1.79581 1.19913 1.19913 1.11894 2.41919e-15 -6.5267e-12 2.8664e-16 4.89336e-15 -6e-12 0.291203 0 0.37263 0 0.428215 0 0.37667 0 0.483529 0 0.377557 0 0.377557 0 1.16212 0 1.16212 0 0.94247 0 0.938267 0 0.940179 0 0.935959 0 0.940051 0 1.0047 0 1.0047 0 0.940023 0 0.940023 0 
2 1 0 4.47879 0.23 845.841 -1.7874 1.19367 1.19367 1.114 3.71741e-14 7.11943e-12 -3.23218e-16 3.42623e-14 6.67545e-12 -1.7874 1.19367 1.19367 1.114 3.71741e-14 7.11943e-12 -3.23218e-16 3.42623e-14 6.67545e-12 -1.7874 1.19367 1.19367 1.114 3.71741e-14 7.11943e-12 -3.23218e-16 3.42623e-14 6.67545e-12 -1.7874 1.19367 1.19367 1.114 3.71741e-14 7.11943e-12 -3.23218e-16 3.42623e-14 6.67545e-12 0.291252 0 0.37273 0 0.37685 0 0.428541 0 0.484135 0 0.377673 0 0.377673 0 1.16792 0 1.16792 0 0.942273 0 0.939929 0 0.939796 0 0.937965 0 0.935589 0 1.00457 0 1.00457 0 0.939769 0 0.939769 0 
2 1 0 4.57725 0.23 845.841 -1.77906 1.18824 1.18824 1.10909 -1.29602e-14 -1.26537e-11 1.15224e-15 -1.22519e-14 -1.18106e-11 -1.77906 1.18824 1.18824 1.10909 -1.29602e-14 -1.26537e-11 1.15224e-15 -1.22519e-14 -1.18106e-11 -1.77906 1.18824 1.18824 1.10909 -1.29602e-14 -1.26537e-11 1.15224e-15 -1.22519e-14 -1.18106e-11 -1.77906 1.18824 1.18824 1.10909 -1.29602e-14 -1.26537e-11 1.15224e-15 -1.22519e-14 -1.18106e-11 0.291303 0 0.37283 0 0.377033 0 0.428868 0 0.377789 0 0.484741 0 0.377789 0 1.17375 0 1.17375 0 0.942076 0 0.937663 0 0.939679 0 0.93954 0 0.935219 0 1.00445 0 1.00445 0 0.939514 0 0.939514 0 
2 1 0 4.67574 0.23 845.841 -1.77078 1.18286 1.18286 1.10422 5.99867e-14 9.51862e-12 5.54422e-16 5.70203e-14 8.92473e-12 -1.77078 1.18286 1.18286 1.10422 5.99867e-14 9.51862e-12 5.54422e-16 5.70203e-14 8.92473e-12 -1.77078 1.18286 1.18286 1.10422 5.99867e-14 9.51862e-12 5.54422e-16 5.70203e-14 8.92473e-12 -1.77078 1.18286 1.18286 1.10422 5.99867e-14 9.51862e-12 5.54422e-16 5.70203e-14 8.92473e-12 0.291357 0 0.37293 0 0.377216 0 0.429194 0 0.485349 0 0.377905 0 0.377905 0 1.1796 0 1.1796 0 0.941878 0 0.93736 0 0.939428 0 0.939283 0 0.934847 0 1.00433 0 1.00433 0 0.93926 0 0.93926 0 
2 1 0 4.77425 0.23 845.841 -1.76256 1.17751 1.17751 1.09939 5.49575e-15 5.54676e-12 6.77642e-16 4.1655e-15 5.22016e-12 -1.76256 1.17751 1.17751 1.09939 5.49575e-15 5.54676e-12 6.77642e-16 4.1655e-15 5.22016e-12 -1.76256 1.17751 1.17751 1.09939 5.49575e-15 5.54676e-12 6.77642e-16 4.1655e-15 5.22016e-12 -1.76256 1.17751 1.17751 1.09939 5.49575e-15 5.54676e-12 6.77642e-16 4.1655e-15 5.22016e-12 0.291414 0 0.373031 0 0.377402 0 0.429521 0 0.485957 0 0.378021 0 0.378021 0 1.18547 0 1.18547 0 0.941681 0 0.939178 0 0.937056 0 0.939027 0 0.934474 0 1.00423 0 1.00423 0 0.939005 0 0.939005 0 
2 1 0 4.87278 0.23 845.841 -1.7544 1.17221 1.17221 1.0946 -4.97284e-14 -2.1439e-12 5.04304e-16 -4.52315e-14 -1.88409e-12 -1.7544 1.17221 1.17221 1.0946 -4.97284e-14 -2.1439e-12 5.04304e-16 -4.52315e-14 -1.88409e-12 -1.7544 1.17221 1.17221 1.0946 -4.97284e-14 -2.1439e-12 5.04304e-16 -4.52315e-14 -1.88409e-12 -1.7544 1.17221 1.17221 1.0946 -4.97284e-14 -2.1439e-12 5.04304e-16 -4.52315e-14 -1.88409e-12 0.291472 0 0.373131 0 0.377589 0 0.429847 0 0.486566 0 0.378137 0 0.378137 0 1.19136 0 1.19136 0 0.941483 0 0.938927 0 0.93877 0 0.936752 0 0.9341 0 1.00413 0 1.00413 0 0.938751 0 0.938751 0 
2 1 0 4.97133 0.23 1.77187e+11 -1.7463 1.16694 1.16694 1.08983 4.17291e-14 1.80325e-12 -9.0205e-17 3.85642e-14 1.9347e-12 -1.7463 1.16694 1.16694 1.08983 4.17291e-14 1.80325e-12 -9.0205e-17 3.85642e-14 1.9347e-12 -1.7463 1.16694 1.16694 1.08983 4.17291e-14 1.80325e-12 -9.0205e-17 3.85642e-14 1.9347e-12 -1.7463 1.16694 1.16694 1.08983 4.17291e-14 1.80325e-12 -9.0205e-17 3.85642e-14 1.9347e-12 0.291534 0 0.373231 0 0.377777 0 0.430174 0 0.487176 0 0.378253 0 0.378253 0 1.19728 1.80798e-10 1.19728 -1.80798e-10 0.941285 0 0.936448 0 0.938676 0 0.933724 0 0.938513 0 1.00403 3.56037e-11 1.00403 -3.56037e-11 0.938496 0 0.938496 0 
2 1 0 5.06991 0.23 1.77187e+11 -1.73827 1.16172 1.16172 1.08511 6.14606e-15 4.92367e-12 5.27201e-17 6.66567e-15 4.69004e-12 -1.73827 1.16172 1.16172 1.08511 6.14606e-15 4.92367e-12 5.27201e-17 6.66567e-15 4.69004e-12 -1.73827 1.16172 1.16172 1.08511 6.14606e-15 4.92367e-12 5.27201e-17 6.66567e-15 4.69004e-12 -1.73827 1.16172 1.16172 1.08511 6.14606e-15 4.92367e-12 5.27201e-17 6.66567e-15 4.69004e-12 0.291597 0 0.373332 0 0.377967 0 0.430501 0 0.487787 0 0.37837 0 0.37837 0 1.20322 0 1.20322 0 0.941087 0 0.936143 0 0.938426 0 0.933347 0 0.938256 0 1.00394 0 1.00394 0 0.938241 0 0.938241 0 
4 -10 0 1.24623 1.24623 253.203 -2.10353 1.39917 1.39917 1.29978 -6.57911e-15 1.41432e-12 -2.80714e-17 -6.08778e-15 1.34624e-12 -2.10353 1.39917 1.39917 1.29978 -6.57911e-15 1.41432e-12 -2.80714e-17 -6.08778e-15 1.34624e-12 -2.10353 1.39917 1.39917 1.29978 -6.57911e-15 1.41432e-12 -2.80714e-17 -6.08778e-15 1.34624e-12 -2.10353 1.39917 1.39917 1.29978 -6.57911e-15 1.41432e-12 -2.80714e-17 -6.08778e-15 1.34624e-12 0.291597 0 0.373332 0 0.377967 0 0.430501 0 0.487787 0 0.37837 0 0.37837 0 1.20322 0 1.20322 0 0.941087 0 0.936143 0 0.938426 0 0.933347 0 0.938256 0 1.00394 0 1.00394 0 0.938241 0 0.938241 0 
4 -10 0 1.24574 1.24574 253.498 -2.10359 1.3992 1.3992 1.29981 0.0077155 3.21181e-09 1.64861e-11 0.00716906 2.98427e-09 -2.10359 1.3992 1.3992 1.29981 0.00691319 2.87832e-09 1.40479e-11 0.00642356 2.67441e-09 -2.10359 1.39918 1.3992 1.29979 -0.0077155 -3.21181e-09 -3.44433e-13 -0.00716906 -2.98428e-09 -2.10359 1.39919 1.3992 1.2998 -0.00691319 -2.87832e-09 2.09417e-12 -0.00642356 -2.67442e-09 1 0 1.00582 0 0.996849 0.00630311 0.996849 -0.00630311 1.60657e-06 0 3.82435e-09 0 1.19838e-06 0 1.03976e-06 0 1.35768e-06 0 1.35121e-06 0 1.3477e-06 0 1.34338e-06 0 -2.46386e-19 0 6.37103e-17 0 -8.23718e-17 0 -6.45121e-17 0 -1.18138e-19 0 -5.79051e-20 0 
4 -10 0 1.24391 1.24391 254.461 -2.10379 1.39934 1.39934 1.29994 0.01922 9.85042e-12 1.23771e-13 0.0178591 9.15282e-12 -2.10379 1.39932 1.39934 1.29992 0.0172373 8.82895e-12 1.05086e-13 0.0160168 8.20319e-12 -2.1038 1.39921 1.39934 1.29981 -0.01922 -9.85201e-12 -5.19611e-15 -0.0178591 -9.15402e-12 -2.1038 1.39922 1.39934 1.29983 -0.0172373 -8.8302e-12 1.34931e-14 -0.0160168 -8.20437e-12 1.00006 0 1.02027 0 0.984682 0.0298338 0.984682 -0.0298338 1.52815e-06 0 5.92107e-08 0 1.13959e-06 0 1.34623e-06 0 1.29142e-06 0 1.28682e-06 0 9.88581e-07 0 1.27778e-06 0 -1.06068e-17 0 -1.49633e-18 0 -1.67562e-16 0 -7.16105e-19 0 -2.74032e-19 0 -1.76264e-19 0 
3 -10 0 1.24244 1.24244 255.257 -2.10395 1.39946 1.39945 1.30004 0.0355836 3.01335e-14 2.71972e-16 0.0330645 2.80401e-14 -2.10395 1.39939 1.39945 1.29998 0.0319282 2.65548e-14 1.75076e-16 0.0296678 2.46233e-14 -2.10397 1.39899 1.39944 1.29961 -0.0355836 -2.89814e-14 -4.63484e-16 -0.0330645 -2.69078e-14 -2.10396 1.39906 1.39944 1.29967 -0.0319282 -2.56456e-14 -3.56093e-16 -0.0296678 -2.38167e-14 1 0 0.999835 0 0.974529 0.0485908 0.974529 -0.0485908 1.46194e-06 0 1.09337e-06 0 1.23842e-06 0 1.23899e-06 0 9.72548e-11 0 9.48335e-07 0 1.2257e-06 0 1.22579e-06 0 -3.08427e-20 0 -8.44688e-18 0 -8.963e-17 0 -5.20623e-19 0 3.45526e-20 0 -6.19248e-20 0 
4 -10 0 1.24324 1.24324 254.917 -2.10386 1.39942 1.3994 1.3 0.0616065 1.54803e-14 1.93612e-16 0.0572446 1.43591e-14 -2.10386 1.39922 1.3994 1.29982 0.0552587 1.3612e-14 8.92301e-17 0.0513462 1.26855e-14 -2.1039 1.39802 1.39938 1.29871 -0.0616066 -1.60901e-14 -4.90724e-16 -0.0572446 -1.49452e-14 -2.10389 1.39822 1.39938 1.2989 -0.0552587 -1.43778e-14 -3.81052e-16 -0.0513462 -1.33518e-14 1 0 1.0016 0 0.979127 0.0404962 0.979127 -0.0404962 1.47618e-06 0 1.9716e-09 0 1.1135e-06 0 1.27245e-06 0 1.26086e-06 0 1.24632e-06 0 9.66437e-07 0 1.24739e-06 0 5.43683e-20 0 1.61484e-19 0 -4.62931e-17 0 -1.61594e-17 0 -1.08021e-20 0 1.3691e-19 0 
4 -10 0 1.24325 1.24325 254.912 -2.10386 1.39942 1.3994 1.3 0.0604936 6.5779e-14 1.1298e-15 0.0562104 6.10336e-14 -2.10386 1.39922 1.3994 1.29982 0.0542592 5.8695e-14 7.47383e-16 0.0504174 5.45008e-14 -2.10389 1.39807 1.39938 1.29876 -0.0604936 -6.55204e-14 -1.58288e-15 -0.0562104 -6.07724e-14 -2.10389 1.39826 1.39938 1.29893 -0.0542592 -5.84455e-14 -1.17309e-15 -0.0504174 -5.43361e-14 1 0 1 0 0.979196 0.0403674 0.979196 -0.0403674 1.47605e-06 0 -1.90747e-09 0 1.1139e-06 0 1.27363e-06 0 1.26122e-06 0 1.2499e-06 0 9.66647e-07 0 1.24774e-06 0 -3.07206e-19 0 4.0184e-19 0 1.79427e-17 0 1.1606e-18 0 -5.63468e-19 0 2.01215e-19 0 
3 -10 0 1.24391 1.24391 255.059 -2.10374 1.39951 1.39941 1.30007 0.137408 3.09161e-13 3.25647e-15 0.127679 2.86617e-13 -2.10376 1.3985 1.39939 1.29914 0.123289 2.76866e-13 -9.20278e-16 0.11456 2.5631e-13 -2.10394 1.39254 1.39931 1.29362 -0.137408 -3.06318e-13 -2.58269e-14 -0.127679 -2.83139e-13 -2.10391 1.39354 1.39932 1.29455 -0.123289 -2.7546e-13 -2.15659e-14 -0.11456 -2.55089e-13 1.00001 0 0.978708 0 0.97852 0.0431768 0.97852 -0.0431768 1.36951e-06 9.61033e-08 1.36951e-06 -9.61033e-08 1.10866e-06 0 1.25072e-06 0 1.25454e-06 0 -1.92712e-09 0 9.65385e-07 0 1.23691e-06 0 -1.15628e-19 0 -7.4813e-18 0 -1.06034e-17 0 -4.82647e-18 0 -1.17995e-18 0 1.08169e-18 0 
3 -10 0 1.24544 1.24544 255.143 -2.10348 1.39963 1.3994 1.30016 0.213897 4.46499e-12 6.07347e-13 0.198755 4.10902e-12 -2.10355 1.39719 1.39936 1.29789 0.192017 3.99561e-12 5.13109e-13 0.178424 3.68222e-12 -2.10398 1.38269 1.39916 1.28448 -0.213897 -4.47544e-12 -4.30134e-14 -0.198755 -4.11827e-12 -2.1039 1.38512 1.39919 1.28672 -0.192018 -4.00911e-12 5.09864e-14 -0.178424 -3.69443e-12 0.999995 0 0.965887 0 0.9794 0.0439954 0.9794 -0.0439954 4.62376e-09 0 1.36174e-06 1.66298e-07 1.36174e-06 -1.66298e-07 1.10332e-06 0 1.24436e-06 0 1.20911e-06 0 9.72256e-07 0 1.2293e-06 0 -1.05847e-19 0 3.48635e-18 0 -4.59617e-17 0 1.35142e-18 0 4.31488e-19 0 -1.11775e-18 0 
3 -10 0 1.24773 1.24773 255.222 -2.10311 1.39982 1.39937 1.30028 0.289637 2.98036e-12 4.4439e-13 0.269136 2.75094e-12 -2.10324 1.3953 1.39931 1.2961 0.260167 2.67386e-12 3.62099e-13 0.241752 2.46859e-12 -2.10402 1.36857 1.39894 1.27138 -0.289637 -2.95014e-12 -1.36462e-13 -0.269136 -2.72276e-12 -2.10389 1.37304 1.399 1.27551 -0.260167 -2.64666e-12 -5.34266e-14 -0.241751 -2.44362e-12 0.999993 0 0.944297 0 0.981541 0.0430133 0.981541 -0.0430133 7.49092e-09 0 1.35617e-06 2.39579e-07 1.35617e-06 -2.39579e-07 1.09693e-06 0 1.23686e-06 0 1.19015e-06 0 9.83693e-07 0 1.22037e-06 0 1.68155e-19 0 9.50209e-18 0 -8.45222e-17 0 -2.57837e-17 0 -3.3294e-18 0 -1.57508e-19 0 
3 -10 0 1.25069 1.25069 255.338 -2.10263 1.40005 1.39934 1.30045 0.364354 1.46429e-11 2.9507e-13 0.338569 1.32423e-11 -2.10283 1.39284 1.39924 1.29377 0.327545 1.31968e-11 -2.46949e-13 0.304363 1.1933e-11 -2.10408 1.35027 1.39865 1.25439 -0.364354 -1.46637e-11 -3.3796e-12 -0.33857 -1.32647e-11 -2.10387 1.35736 1.39875 1.26095 -0.327545 -1.32096e-11 -2.86581e-12 -0.304363 -1.19461e-11 0.999991 0 0.905171 0 0.984385 0.0402943 0.984385 -0.0402943 9.94255e-09 0 1.34594e-06 3.06239e-07 1.34594e-06 -3.06239e-07 1.08679e-06 0 1.22641e-06 0 1.16851e-06 0 9.98116e-07 0 1.20817e-06 0 -1.97025e-19 0 -1.30635e-17 0 2.10941e-17 0 8.23262e-18 0 -1.39567e-17 0 -2.14364e-18 0 
3 -10 0 1.25431 1.25431 255.501 -2.10203 1.40035 1.39931 1.30066 0.43778 1.51897e-11 1.25695e-13 0.406806 1.34232e-11 -2.10233 1.38981 1.39916 1.2909 0.393958 1.36123e-11 -5.35248e-13 0.366082 1.21085e-11 -2.10416 1.32787 1.3983 1.2336 -0.43778 -1.51917e-11 -4.39742e-12 -0.406806 -1.34322e-11 -2.10385 1.33814 1.39844 1.2431 -0.393958 -1.36373e-11 -3.75629e-12 -0.366082 -1.21307e-11 0.999987 0 0.859525 0 0.987881 0.0343527 0.987881 -0.0343527 1.32627e-06 3.55965e-07 1.32627e-06 -3.55965e-07 1.34572e-08 0 1.06796e-06 0 1.13338e-06 0 1.2124e-06 0 1.015e-06 0 -1.70723e-18 0 -5.67936e-17 0 1.19222e-06 0 2.7219e-17 0 3.27383e-17 0 4.56472e-18 0 1.20906e-17 0 
3 -10 0 1.25863 1.25863 255.694 -2.10133 1.40071 1.39927 1.30091 0.509668 9.04168e-12 1.09391e-12 0.473618 8.34995e-12 -2.10174 1.38621 1.39907 1.2875 0.459211 8.10164e-12 6.39864e-13 0.426726 7.45103e-12 -2.10425 1.30147 1.39788 1.20909 -0.509668 -9.03544e-12 -2.05087e-12 -0.473618 -8.34348e-12 -2.10383 1.31544 1.39807 1.22202 -0.459211 -8.09503e-12 -1.60412e-12 -0.426726 -7.44506e-12 0.999987 0 0.815616 0 0.992345 0.0187474 0.992345 -0.0187474 1.30547e-06 4.28675e-07 1.30547e-06 -4.28675e-07 1.46084e-08 0 1.05211e-06 0 1.19599e-06 0 1.11642e-06 0 5.66808e-18 0 3.824e-17 0 1.03525e-06 0 1.17375e-06 0 -1.35966e-16 0 -1.88828e-17 0 -1.0854e-17 0 2.69486e-18 0 
3 -10 0 1.25992 1.25992 255.742 -2.10112 1.40081 1.39926 1.30098 0.528556 3.00587e-11 9.30711e-12 0.491173 2.68261e-11 -2.10156 1.38516 1.39904 1.2865 0.476389 2.69778e-11 7.78253e-12 0.44269 2.41803e-11 -2.10428 1.29376 1.39775 1.20193 -0.528556 -3.006e-11 -1.54902e-12 -0.491173 -2.6827e-11 -2.10382 1.30881 1.39796 1.21586 -0.476389 -2.69794e-11 4.01466e-14 -0.44269 -2.41816e-11 1 0 0.999293 0 0.802221 0 0.989056 0 1.38598e-06 5.77781e-07 1.38598e-06 -5.77781e-07 1.06359e-06 0 1.19226e-06 0 1.17756e-06 0 4.31919e-11 0 1.04158e-06 0 1.16881e-06 0 -4.3626e-19 0 -2.20478e-17 0 -1.31765e-17 0 8.69771e-18 0 -1.38413e-18 0 1.61451e-17 0 
4 -10 0 1.26511 1.26511 255.979 -2.10027 1.40124 1.39921 1.30128 0.598095 3.31421e-10 1.11621e-10 0.555807 2.95642e-10 -2.10085 1.38086 1.39892 1.28242 0.539851 2.97433e-10 9.25997e-11 0.501674 2.65992e-10 -2.10439 1.26249 1.39725 1.17291 -0.598095 -3.31429e-10 -2.44233e-11 -0.555808 -2.95649e-10 -2.10379 1.28186 1.39752 1.19083 -0.539851 -2.97439e-10 -4.45958e-12 -0.501675 -2.65997e-10 0.999996 0 0.96015 0 0.746497 0 1.03997 0 1.35742e-06 6.35642e-07 1.35742e-06 -6.35642e-07 3.6428e-09 0 1.04504e-06 0 1.17236e-06 0 1.14359e-06 0 1.62901e-18 0 1.62099e-17 0 1.0659e-06 0 1.14719e-06 0 6.37233e-18 0 5.19164e-18 0 3.23606e-17 0 3.54389e-17 0 
4 -10 0 1.27102 1.27102 256.25 -2.09931 1.40173 1.39915 1.30162 0.665631 8.0663e-12 7.62481e-13 0.618588 7.18852e-12 -2.10003 1.37599 1.39879 1.27781 0.6018 7.23767e-12 2.17787e-13 0.559256 6.45204e-12 -2.10451 1.22749 1.39667 1.14042 -0.665632 -7.99623e-12 -2.93969e-12 -0.618587 -7.12338e-12 -2.10375 1.25161 1.39702 1.16274 -0.6018 -7.17528e-12 -2.42527e-12 -0.559256 -6.39494e-12 0.999986 0 1.07028 0 0.692317 0 0.944075 0 1.24928e-06 6.14539e-07 1.24928e-06 -6.14539e-07 1.62036e-08 0 1.0086e-06 0 1.15011e-06 0 1.0716e-06 0 1.09358e-06 0 1.12341e-06 0 1.42556e-18 0 5.19012e-17 0 4.17639e-17 0 -6.26297e-18 0 2.82574e-17 0 -3.19513e-18 0 
4 -10 0 1.27765 1.27765 256.555 -2.09823 1.40229 1.39909 1.30201 0.730894 2.44382e-12 1.14764e-12 0.679259 1.99777e-12 -2.09912 1.37058 1.39864 1.27268 0.662007 2.18935e-12 9.72318e-13 0.615224 1.82652e-12 -2.10465 1.18893 1.39603 1.10462 -0.730894 -2.38195e-12 -8.34067e-14 -0.679259 -1.94927e-12 -2.10371 1.2182 1.39645 1.13171 -0.662007 -2.13329e-12 9.84901e-14 -0.615224 -1.77562e-12 0.999986 0 0.929317 0 0.63328 0 1.10323 0 1.22891e-06 7.17714e-07 1.22891e-06 -7.17714e-07 -1.16128e-18 0 1.58966e-08 0 9.8851e-07 0 1.05166e-06 0 1.12582e-06 0 1.12444e-06 0 1.09757e-06 0 -4.61955e-17 0 1.46197e-18 0 -1.23408e-17 0 -2.56194e-18 0 -9.10505e-18 0 
4 -10 0 1.28498 1.28498 256.906 -2.09704 1.40291 1.39902 1.30245 0.793671 1.111e-12 3.87766e-13 0.737629 1.02547e-12 -2.09811 1.36462 1.39847 1.26704 0.720315 9.92621e-13 2.9662e-13 0.669433 9.02995e-13 -2.10481 1.14699 1.39532 1.06569 -0.79367 -1.12524e-12 -2.4205e-13 -0.737629 -1.03772e-12 -2.10365 1.18175 1.39583 1.09785 -0.720315 -1.00616e-12 -1.53383e-13 -0.669433 -9.14342e-13 0.999986 0 1.1397 0 0.568757 0 0.914878 0 1.19839e-06 8.18928e-07 1.19839e-06 -8.18928e-07 1.66896e-08 0 9.62128e-07 0 1.02459e-06 0 1.09869e-06 0 1.15782e-06 0 1.06938e-06 0 -6.86e-18 0 -2.09474e-17 0 7.38242e-17 0 -1.9309e-17 0 3.19773e-17 0 9.44805e-18 0 
4 -10 0 1.29301 1.29301 257.307 -2.09574 1.4036 1.39894 1.30293 0.853774 5.06991e-13 2.92771e-13 0.79352 3.92771e-13 -2.097 1.35813 1.39829 1.26088 0.776575 4.45318e-13 2.3642e-13 0.721745 3.48278e-13 -2.10497 1.10185 1.39455 1.02379 -0.853774 -5.1265e-13 -2.16479e-14 -0.79352 -3.73797e-13 -2.1036 1.14238 1.39515 1.06129 -0.776575 -4.42012e-13 2.48132e-14 -0.721745 -3.36595e-13 0.999986 0 1.18072 0 0.506591 0 0.900331 0 1.18416e-06 9.45295e-07 1.18416e-06 -9.45295e-07 1.62866e-08 0 9.36699e-07 0 9.98903e-07 0 1.06876e-06 0 1.19338e-06 0 1.03897e-06 0 5.91446e-18 0 -9.66084e-18 0 1.72014e-17 0 -4.4855e-17 0 4.13838e-17 0 -9.34042e-18 0 
4 -10 0 1.30177 1.30177 257.753 -2.09433 1.40435 1.39886 1.30346 0.91104 1.17717e-12 2.43835e-13 0.846783 1.06556e-12 -2.09579 1.35111 1.39809 1.25423 0.830641 1.05441e-12 1.29441e-13 0.772024 9.38242e-13 -2.10515 1.05371 1.39371 0.979086 -0.91104 -1.18937e-12 -5.3355e-13 -0.846782 -1.07746e-12 -2.10353 1.10023 1.3944 1.02214 -0.830641 -1.06679e-12 -4.22707e-13 -0.772024 -9.4821e-13 0.999986 0 0.885535 0 0.446761 0 1.22746 0 1.19929e-06 1.09625e-06 1.19929e-06 -1.09625e-06 1.4807e-08 0 9.11367e-07 0 9.73434e-07 0 1.0365e-06 0 1.2312e-06 0 -2.52234e-18 0 2.45923e-18 0 1.00692e-06 0 -3.06906e-18 0 5.69785e-18 0 -1.04648e-17 0 3.73875e-18 0 
4 -10 0 1.31125 1.31125 258.253 -2.09281 1.40518 1.39876 1.30404 0.965312 2.54536e-13 6.28345e-14 0.897272 2.335e-13 -2.09448 1.34358 1.39786 1.24708 0.882384 2.26419e-13 3.8483e-14 0.820152 1.99365e-13 -2.10535 1.00275 1.3928 0.931774 -0.965312 -2.3973e-13 -1.12632e-13 -0.897272 -2.19169e-13 -2.10345 1.05543 1.39359 0.980529 -0.882384 -2.11936e-13 -8.84749e-14 -0.820152 -1.86818e-13 0.999986 0 1.28094 0 0.385305 0 0.870503 0 1.22193e-06 1.2568e-06 1.22193e-06 -1.2568e-06 8.81463e-07 0 9.42705e-07 0 1.00173e-06 0 1.36987e-08 0 1.27058e-06 0 9.73206e-07 0 -3.85501e-18 0 -9.72312e-17 0 9.62591e-18 0 -2.45561e-18 0 -2.81046e-17 0 1.71052e-18 0 
4 -10 0 1.32143 1.32143 258.817 -2.09118 1.40608 1.39866 1.30468 1.01645 7.30617e-13 3.03178e-13 0.944851 6.77855e-13 -2.09307 1.33553 1.39763 1.23945 0.931687 6.53002e-13 2.3075e-13 0.866019 5.85644e-13 -2.10555 0.949198 1.39182 0.882051 -1.01645 -7.41811e-13 -2.37571e-13 -0.944851 -6.85716e-13 -2.10337 1.00814 1.39272 0.936606 -0.931687 -6.58783e-13 -1.59123e-13 -0.866019 -5.91686e-13 0.999986 0 1.34215 0 0.326209 0 0.855255 0 1.27645e-06 1.43717e-06 1.27645e-06 -1.43717e-06 8.49024e-07 0 9.09285e-07 0 9.64194e-07 0 1.25537e-08 0 1.3104e-06 0 9.37668e-07 0 4.12122e-18 0 4.10039e-17 0 7.59614e-17 0 2.01742e-17 0 5.28303e-18 0 2.27808e-18 0 
4 -10 0 1.33234 1.33234 259.445 -2.08943 1.40706 1.39856 1.30537 1.06432 1.12384e-12 4.38714e-13 0.989413 1.04508e-12 -2.09155 1.327 1.39737 1.23136 0.978437 9.9688e-13 3.17192e-13 0.909523 8.90939e-13 -2.10578 0.893263 1.39078 0.830108 -1.06432 -1.16281e-12 -4.46912e-13 -0.989413 -1.08313e-12 -2.10328 0.958517 1.39179 0.890506 -0.978437 -1.03417e-12 -3.157e-13 -0.909524 -9.24442e-13 0.999988 0 1.41248 0 0.272342 0 0.839848 0 1.4075e-06 1.63577e-06 1.4075e-06 -1.63577e-06 8.15475e-07 0 8.74828e-07 0 9.24276e-07 0 1.0381e-08 0 1.35013e-06 0 9.007e-07 0 2.52043e-17 0 1.56489e-16 0 4.96656e-18 0 -3.56548e-18 0 2.01746e-18 0 3.25365e-18 0 
4 -10 0 1.34396 1.34396 260.145 -2.08758 1.40812 1.39844 1.30612 1.10884 2.03659e-13 3.26205e-14 1.03086 1.73001e-13 -2.08994 1.31798 1.39709 1.2228 1.02254 1.79864e-13 4.1475e-15 0.950572 1.43266e-13 -2.10601 0.835157 1.38967 0.776147 -1.10884 -1.81995e-13 -1.29617e-13 -1.03086 -1.39267e-13 -2.10317 0.906706 1.39079 0.842375 -1.02254 -1.58683e-13 -1.08935e-13 -0.950572 -1.16091e-13 0.999988 0 1.49371 0 0.220981 0 0.824394 0 1.61652e-06 1.84038e-06 1.61652e-06 -1.84038e-06 7.79264e-07 0 8.37277e-07 0 8.82082e-07 0 9.07811e-09 0 1.38878e-06 0 8.62477e-07 0 -1.86722e-17 0 4.75241e-17 0 -9.38561e-18 0 -3.90878e-18 0 -7.39465e-18 0 5.75083e-18 0 
4 -10 0 1.35629 1.35629 260.928 -2.08562 1.40926 1.39832 1.30693 1.14991 3.87535e-13 2.32138e-13 1.06912 3.42822e-13 -2.08821 1.30851 1.39679 1.21381 1.0639 3.45258e-13 1.88814e-13 0.989089 2.85785e-13 -2.10626 0.775111 1.3885 0.72038 -1.14991 -3.40784e-13 -9.14613e-14 -1.06911 -2.99909e-13 -2.10305 0.852871 1.38973 0.792361 -1.0639 -2.99475e-13 -4.42142e-14 -0.989089 -2.48053e-13 0.999988 0 1.58772 0 0.173618 0 0.808972 0 1.95711e-06 2.02658e-06 1.95711e-06 -2.02658e-06 7.88035e-09 0 1.42454e-06 0 7.40413e-07 0 7.96755e-07 0 8.37418e-07 0 -2.46882e-18 0 8.2281e-07 0 3.19422e-18 0 1.61327e-17 0 -3.02752e-17 0 1.43376e-18 0 5.66102e-18 0 
4 -10 0 1.36932 1.36932 261.803 -2.08355 1.41048 1.39819 1.3078 1.18745 2.49994e-13 1.07767e-13 1.1041 2.29857e-13 -2.08639 1.29859 1.39648 1.20439 1.10245 2.20796e-13 6.74479e-14 1.025 1.92349e-13 -2.10653 0.713344 1.38726 0.663006 -1.18745 -2.82021e-13 -1.37754e-13 -1.1041 -2.61106e-13 -2.10292 0.797172 1.38861 0.740611 -1.10245 -2.48289e-13 -1.04907e-13 -1.025 -2.18036e-13 0.999988 0 1.6969 0 0.132372 0 0.793664 0 2.56058e-06 2.08136e-06 2.56058e-06 -2.08136e-06 7.15195e-09 0 1.43177e-18 0 7.0015e-07 0 7.54968e-07 0 7.90665e-07 0 1.4561e-06 0 7.81951e-07 0 -1.0548e-16 0 6.77394e-17 0 2.43911e-17 0 -1.13715e-17 0 7.86331e-19 0 
4 -10 0 1.38304 1.38304 262.776 -2.08138 1.4118 1.39805 1.30874 1.22142 2.08936e-13 5.82323e-15 1.13578 1.06444e-13 -2.08446 1.28824 1.39614 1.19456 1.13813 1.74164e-13 -2.22907e-14 1.05825 8.60328e-14 -2.10681 0.65007 1.38596 0.604225 -1.22143 -1.93477e-13 -1.69481e-13 -1.13578 -9.18852e-14 -2.10278 0.739769 1.38743 0.687276 -1.13813 -1.64226e-13 -1.3903e-13 -1.05825 -8.09928e-14 0.999989 0 1.82448 0 0.0958345 0 0.778595 0 3.58703e-06 1.61842e-06 3.58703e-06 -1.61842e-06 6.34078e-09 0 5.29281e-18 0 6.57722e-07 0 7.10391e-07 0 7.41973e-07 0 1.48182e-06 0 7.40063e-07 0 1.25443e-17 0 -3.46114e-17 0 -3.18529e-17 0 2.26222e-18 0 -1.47423e-17 0 
4 -10 0 1.39743 1.39743 263.866 -2.0791 1.41321 1.39791 1.30974 1.25179 3.57287e-13 1.00539e-13 1.16411 3.12909e-13 -2.08243 1.2775 1.39579 1.18436 1.17087 3.19032e-13 4.75114e-14 1.08879 2.62638e-13 -2.1071 0.585518 1.3846 0.544251 -1.25179 -2.75388e-13 -2.40235e-13 -1.16411 -2.41546e-13 -2.10263 0.680823 1.38618 0.632502 -1.17087 -2.47195e-13 -1.95079e-13 -1.08879 -2.01949e-13 0.999989 0 1.9742 0 0.0648347 0 0.763838 0 8.06833e-06 0 2.8792e-06 0 5.87403e-09 0 1.49925e-06 0 6.1339e-07 0 6.63688e-07 0 6.91376e-07 0 2.61213e-17 0 6.97002e-07 0 -6.58164e-16 0 -1.12045e-18 0 -2.19248e-17 0 -1.51003e-19 0 1.40617e-17 0 
4 -10 0 1.41247 1.41247 265.082 -2.07673 1.41471 1.39776 1.31082 1.27852 4.3452e-13 2.70111e-13 1.18907 3.94634e-13 -2.0803 1.26639 1.39541 1.1738 1.20064 3.8617e-13 2.19321e-13 1.11657 3.25363e-13 -2.10741 0.519898 1.38317 0.483273 -1.27852 -4.14429e-13 -1.57501e-13 -1.18907 -3.79244e-13 -2.10246 0.620492 1.38488 0.576435 -1.20064 -3.67912e-13 -9.36097e-14 -1.11657 -3.1234e-13 0.999948 0 2.15078 0 0.749477 0 0.0400193 0 1.68787e-05 0 2.17781e-06 0 1.57021e-08 0 5.73984e-07 0 6.55377e-07 7.29739e-09 6.55377e-07 -7.29739e-09 1.50655e-06 0 -1.4699e-17 0 3.22421e-17 0 6.53007e-07 0 1.61148e-17 0 -6.19136e-17 0 2.66528e-18 0 -2.95809e-18 0 
4 -10 0 1.42812 1.42812 266.442 -2.07426 1.41631 1.39761 1.31197 1.30162 1.28271e-13 1.87128e-14 1.21066 9.21047e-14 -2.07806 1.25494 1.39502 1.16292 1.2274 1.1422e-13 -1.83685e-15 1.14157 7.581e-14 -2.10774 0.453415 1.38169 0.421488 -1.30162 -1.13807e-13 -1.07881e-13 -1.21066 -3.39801e-14 -2.10228 0.55893 1.38351 0.519219 -1.2274 -7.03457e-14 -8.9651e-14 -1.14157 -2.45716e-14 0.999946 0 2.36063 0 0.7356 0 0.0207749 0 3.58806e-05 0 1.90373e-06 0 5.98975e-07 1.03177e-08 5.98975e-07 -1.03177e-08 5.26788e-07 0 1.46137e-08 0 1.50155e-06 0 6.08164e-07 0 1.09911e-18 0 -2.49769e-17 0 1.26101e-16 0 5.14974e-18 0 1.42848e-17 0 -1.24061e-18 0 
4 -10 0 1.44435 1.44435 267.966 -2.0717 1.41801 1.39745 1.31319 1.32111 2.71618e-13 2.40708e-13 1.22889 1.22336e-13 -2.07573 1.2432 1.39462 1.15175 1.25113 2.39687e-13 2.06998e-13 1.16377 9.63854e-14 -2.10808 0.386277 1.38016 0.359076 -1.32111 -2.73927e-13 -1.01634e-14 -1.22889 -1.14828e-13 -2.10209 0.496287 1.38209 0.460992 -1.25113 -2.30712e-13 3.37766e-14 -1.16377 -8.8414e-14 0.999944 0 2.61142 0 0.722253 0 0.0074301 0 0.000107444 0 1.68746e-06 0 -2.95004e-17 0 1.34883e-08 0 5.42317e-07 1.12853e-08 5.42317e-07 -1.12853e-08 4.78826e-07 0 1.48185e-06 0 5.62477e-07 0 2.34395e-17 0 6.56968e-18 0 -5.4343e-18 0 4.40239e-20 0 -3.47868e-18 0 
4 -10 0 1.46111 1.46111 269.671 -2.06905 1.41982 1.39729 1.3145 1.33704 1.57088e-13 7.26591e-14 1.24379 1.46898e-13 -2.0733 1.23119 1.39419 1.14033 1.27181 1.36834e-13 4.63989e-14 1.18315 1.15187e-13 -2.10845 0.318669 1.37858 0.296219 -1.33704 -1.36888e-13 -9.41255e-14 -1.2438 -1.22632e-13 -2.10189 0.43271 1.38061 0.401888 -1.27181 -1.18642e-13 -7.13663e-14 -1.18315 -9.5411e-14 0.999951 0 2.91342 0 0.709495 0 2.47122e-05 0.000914908 2.47122e-05 -0.000914908 1.52451e-06 0 6.13237e-07 0 4.42919e-07 0 4.73068e-07 0 1.44601e-06 0 -2.12312e-09 0 5.16245e-07 0 -1.17445e-16 0 1.94473e-17 0 8.41967e-18 0 2.92281e-17 0 -2.34824e-18 0 -5.08231e-19 0 
4 -10 0 1.47833 1.47833 271.584 -2.06633 1.42172 1.39713 1.31588 1.34949 4.00101e-13 3.1125e-13 1.25545 3.37391e-13 -2.07078 1.21897 1.39376 1.12869 1.28945 3.53353e-13 2.57695e-13 1.19972 2.65051e-13 -2.10883 0.250784 1.37695 0.233087 -1.34949 -3.18929e-13 -1.14276e-13 -1.25545 -2.37729e-13 -2.10168 0.368336 1.37907 0.342035 -1.28945 -2.96453e-13 -3.478e-14 -1.19972 -1.82865e-13 0.999948 0 3.28027 0 0.697347 0 -0.000885221 0.000284336 -0.000885221 -0.000284336 1.36602e-06 0 5.67994e-07 0 3.93953e-07 0 4.20842e-07 0 -3.41369e-10 0 1.39244e-06 0 4.69576e-07 0 -7.1463e-16 0 4.84878e-16 0 -2.65181e-17 0 2.71104e-17 0 1.1726e-18 0 8.30066e-19 0 
4 -10 0 1.49594 1.49594 273.731 -2.06354 1.42374 1.39697 1.31734 1.35868 2.46295e-13 2.5892e-13 1.26398 1.3751e-13 -2.06817 1.20659 1.39331 1.11691 1.30405 2.16091e-13 2.19898e-13 1.21347 1.04609e-13 -2.10923 0.18279 1.37528 0.169839 -1.35868 -2.79869e-13 -1.79435e-14 -1.26398 -1.50883e-13 -2.10147 0.303301 1.37749 0.281555 -1.30405 -2.44491e-13 3.00016e-14 -1.21347 -1.15573e-13 0.999992 0 3.72914 0 0.685832 0 0.001157 0 0.000760797 0 1.21959e-06 0 1.32065e-06 0 6.75253e-09 0 3.30123e-07 0 3.63463e-07 0 3.70121e-07 0 4.22776e-07 0 -2.42368e-19 0 4.96422e-16 0 -8.66505e-18 0 1.17491e-18 0 6.14014e-18 0 1.2448e-17 0 
4 -10 0 1.51386 1.51386 276.14 -2.06069 1.42586 1.39682 1.31888 1.36507 2.08436e-13 3.07521e-14 1.26976 1.27321e-13 -2.06548 1.19411 1.39285 1.10502 1.31563 1.79468e-13 -5.7787e-15 1.22444 9.99053e-14 -2.10965 0.114846 1.37358 0.10662 -1.36507 -2.36754e-13 -2.17527e-13 -1.26976 -1.29447e-13 -2.10124 0.237727 1.37587 0.220565 -1.31563 -1.91783e-13 -1.72939e-13 -1.22444 -9.57591e-14 0.999992 0 4.28414 0 0.674935 0 0.0109442 0 7.69701e-05 0 1.23112e-06 0 3.76226e-07 0 1.07193e-06 0 2.83457e-07 0 3.13809e-07 0 3.18657e-07 0 8.22406e-09 0 2.59707e-17 0 4.40212e-18 0 -2.39203e-16 0 -5.60952e-18 0 -1.63096e-18 0 -9.32944e-19 0 
4 -10 0 1.53197 1.53197 278.848 -2.0578 1.42807 1.39667 1.3205 1.36947 1.18676e-13 1.66942e-13 1.27352 9.61632e-14 -2.06272 1.1816 1.39239 1.09309 1.32424 8.8193e-14 1.05769e-13 1.23266 7.11111e-14 -2.1101 0.0471112 1.37185 0.0435746 -1.36947 -2.99875e-13 -2.02957e-13 -1.27352 -2.79035e-13 -2.10102 0.171738 1.37421 0.159175 -1.32424 -2.66806e-13 -1.52351e-13 -1.23266 -2.17535e-13 0.999992 0 4.97657 0 0.664643 0 0.0254075 0 3.00621e-05 0 1.12523e-06 0 9.36244e-07 0 3.30311e-07 0 -7.00171e-18 0 1.04075e-08 0 1.60214e-16 0 2.37458e-07 0 2.6499e-07 0 2.70392e-07 0 1.76304e-16 0 1.01181e-18 0 -3.17218e-18 0 -2.31979e-18 0 
4 -10 0 1.55016 1.55016 281.888 -2.05487 1.43039 1.39653 1.3222 1.37268 3.26253e-13 2.94079e-13 1.2761 1.0771e-13 -2.0599 1.16913 1.39192 1.0812 1.32997 2.61667e-13 2.47605e-13 1.23821 7.21941e-14 -2.11057 -0.0202797 1.37011 -0.0191717 -1.37268 -3.1358e-13 -1.10799e-14 -1.2761 -1.15464e-13 -2.1008 0.105447 1.37251 0.0974889 -1.32997 -2.67242e-13 4.3123e-14 -1.23821 -8.1411e-14 0.999993 0 5.84961 0 0.654922 0 0.0451765 0 1.39723e-05 0 1.00601e-06 0 2.85612e-07 0 8.16651e-07 0 2.2584e-07 0 1.90478e-07 0 2.18169e-07 0 7.31735e-17 0 1.47988e-08 0 -1.3209e-17 0 1.03049e-17 0 1.61709e-16 0 7.11211e-19 0 -4.9592e-19 0 
4 -10 0 1.5683 1.5683 285.304 -2.05193 1.43279 1.3964 1.32396 1.37516 1.80276e-13 2.06721e-13 1.27802 8.60383e-14 -2.05704 1.15679 1.39147 1.06942 1.33295 1.55188e-13 1.73929e-13 1.24122 5.19206e-14 -2.11107 -0.0872012 1.36836 -0.0815034 -1.37516 -2.40414e-13 -6.68147e-15 -1.27802 -7.90845e-14 -2.10058 0.0389645 1.3708 0.0356098 -1.33295 -1.88368e-13 3.05455e-14 -1.24122 -4.76066e-14 0.999937 0 6.96297 0 0.645712 0 0.0703537 0 9.05474e-06 0 8.77346e-07 0 8.27045e-07 0 2.42683e-07 0 4.07651e-07 0 9.78114e-09 0 3.0409e-16 0 -3.05465e-19 0 1.73624e-07 0 1.86001e-07 0 -6.13974e-18 0 -7.01766e-19 0 -1.27375e-19 0 -2.99794e-20 0 
4 -10 0 1.58624 1.58624 289.136 -2.049 1.43528 1.39629 1.3258 1.37715 7.56575e-14 5.8077e-14 1.27951 6.92839e-14 -2.05414 1.14465 1.39102 1.05782 1.33342 5.07575e-14 3.5403e-14 1.2419 4.16854e-14 -2.11159 -0.153529 1.36661 -0.143306 -1.37715 -1.1056e-13 -7.01356e-14 -1.27951 -1.01659e-13 -2.10038 -0.0275979 1.36908 -0.0263623 -1.33342 -8.67377e-14 -4.14995e-14 -1.2419 -7.05769e-14 0.999993 0 8.3981 0 0.636995 0 0.101471 0 7.4437e-07 0 9.57515e-07 3.86031e-07 9.57515e-07 -3.86031e-07 2.02191e-07 0 4.77581e-08 7.55416e-08 4.77581e-08 -7.55416e-08 1.48133e-07 0 1.38795e-07 0 5.15208e-16 0 8.8754e-18 0 -8.24076e-18 0 1.83254e-17 0 -1.3582e-18 0 -7.04744e-19 0 
4 -10 0 1.60383 1.60383 293.433 -2.04608 1.43784 1.3962 1.32769 1.37876 6.31104e-13 5.58078e-13 1.28068 3.39031e-13 -2.05122 1.13282 1.39058 1.04652 1.33169 5.4484e-13 5.01834e-13 1.2405 2.24319e-13 -2.11213 -0.219142 1.36488 -0.204468 -1.37876 -5.95674e-13 -6.714e-14 -1.28068 -3.09605e-13 -2.10019 -0.0941285 1.36735 -0.0883245 -1.33169 -5.298e-13 4.78375e-14 -1.2405 -2.07719e-13 0.999993 0 10.2721 0 0.628686 0 0.139015 0 -1.93289e-06 0 6.12636e-07 0 1.64766e-07 0 2.41165e-07 7.01825e-08 2.41165e-07 -7.01825e-08 -3.60511e-08 0 -2.03028e-16 0 1.07379e-07 0 1.15699e-07 0 9.94121e-18 0 -3.04013e-18 0 2.34333e-17 0 -3.57742e-19 0 -2.43741e-20 0 
4 -10 0 1.62089 1.62089 298.24 -2.04321 1.44045 1.39612 1.32963 1.38005 3.28148e-13 1.42338e-13 1.28159 3.05574e-13 -2.04832 1.12139 1.39016 1.03558 1.32809 2.76002e-13 7.25649e-14 1.23732 2.18992e-13 -2.11271 -0.283928 1.36319 -0.264886 -1.38005 -1.72448e-13 -2.2916e-13 -1.28159 -1.48081e-13 -2.10002 -0.16051 1.36564 -0.150168 -1.32809 -1.4534e-13 -1.98777e-13 -1.23732 -1.07527e-13 0.999994 0 12.7478 0 0.620794 0 0.184555 0 -4.74273e-06 0 4.87722e-07 0 1.30994e-07 0 2.7193e-07 0 1.26276e-07 0 8.78947e-08 0 8.09731e-08 0 2.64105e-16 0 2.20253e-09 0 -3.77403e-17 0 1.78433e-16 0 9.25961e-17 0 6.52142e-19 0 -4.3395e-20 0 
4 -10 0 1.63727 1.63727 303.604 -2.0404 1.44309 1.39608 1.3316 1.38105 2.34382e-13 2.40412e-13 1.28227 9.38049e-14 -2.04543 1.11045 1.38977 1.0251 1.32293 1.92488e-13 1.86692e-13 1.23265 5.23254e-14 -2.1133 -0.347772 1.36153 -0.324454 -1.38105 -2.67395e-13 -1.42897e-14 -1.28227 -6.92316e-14 -2.09988 -0.226612 1.36395 -0.211776 -1.32293 -2.04788e-13 2.65162e-14 -1.23265 -3.54704e-14 0.999994 0 16.0631 0 0.613268 0 0.239743 0 3.74533e-07 0 1.01344e-07 0 -6.99881e-06 0 2.21881e-07 0 8.38737e-08 0 6.48082e-08 0 5.93071e-08 0 -2.53963e-16 0 4.07826e-18 0 -4.09796e-10 0 5.68932e-17 0 4.42181e-17 0 1.98347e-17 0 -1.57849e-18 0 
4 -10 0 1.65281 1.65281 309.574 -2.03767 1.44575 1.39606 1.33359 1.38179 3.60884e-13 3.44791e-13 1.28275 1.55792e-13 -2.04259 1.10009 1.38942 1.01518 1.31645 3.07583e-13 3.05908e-13 1.22671 1.04313e-13 -2.11392 -0.410557 1.35993 -0.383059 -1.38179 -3.91358e-13 -1.73619e-14 -1.28275 -1.02975e-13 -2.09978 -0.292293 1.3623 -0.273014 -1.31645 -3.36739e-13 4.85431e-14 -1.22671 -6.73629e-14 0.999994 0 20.5611 0 0.606145 0 0.307843 0 2.76691e-07 0 7.60995e-08 0 -9.00611e-06 0 1.6866e-07 0 5.77785e-08 0 4.62521e-08 0 4.20708e-08 0 -1.13887e-09 0 8.4154e-16 0 1.57005e-18 0 -1.0009e-16 0 -1.32879e-16 0 -3.92731e-19 0 -3.17121e-18 0 
4 -10 0 1.66738 1.66738 316.192 -2.03505 1.4484 1.39606 1.33558 1.38229 1.43427e-13 2.96378e-14 1.28304 6.63249e-14 -2.03982 1.09041 1.38909 1.00588 1.30885 7.87002e-14 -1.39905e-16 1.21967 4.67332e-14 -2.11456 -0.472153 1.3584 -0.440578 -1.3823 -2.20297e-13 -2.18948e-13 -1.28304 -1.07458e-13 -2.09971 -0.357389 1.3607 -0.333731 -1.30885 -1.75494e-13 -1.606e-13 -1.21967 -6.34989e-14 0.999994 0 26.7494 0 0.599462 0 0.393403 0 1.96175e-07 0 5.53264e-08 0 8.12108e-16 0 -1.08079e-05 0 1.22585e-07 0 -2.53889e-09 0 -3.04728e-17 0 3.90581e-08 0 3.1876e-08 0 2.88182e-08 0 6.88002e-19 0 -7.6473e-17 0 1.86005e-17 0 3.31147e-18 0 
4 -10 0 1.68087 1.68087 323.497 -2.03255 1.45101 1.3961 1.33754 1.38257 2.72741e-13 2.78538e-13 1.28316 1.08602e-13 -2.03713 1.08147 1.38881 0.997293 1.30026 2.17787e-13 2.37835e-13 1.21167 8.08545e-14 -2.11522 -0.532417 1.35695 -0.496884 -1.38258 -2.97025e-13 -5.00328e-14 -1.28316 -1.60121e-13 -2.09968 -0.421721 1.35916 -0.393762 -1.30025 -2.66444e-13 2.12694e-14 -1.21167 -1.15195e-13 0.999995 0 35.3861 0 0.593297 0 0.503825 0 1.33209e-07 0 3.88558e-08 0 1.8571e-15 0 -1.23508e-05 0 8.5612e-08 0 2.59629e-08 0 2.11697e-08 0 1.90265e-08 0 -3.12864e-18 0 -1.95734e-09 0 -1.14963e-17 0 -2.42332e-17 0 1.04356e-18 0 -1.28942e-18 0 
4 -10 0 1.69321 1.69321 331.524 -2.03019 1.45356 1.39617 1.33947 1.38265 2.97654e-13 3.14134e-14 1.28313 1.40864e-13 -2.03455 1.07333 1.38857 0.989461 1.29081 2.42321e-13 -1.95765e-14 1.20283 9.18718e-14 -2.11589 -0.591201 1.35559 -0.551829 -1.38265 -3.08913e-13 -2.81757e-13 -1.28313 -1.15934e-13 -2.09969 -0.485081 1.35769 -0.452912 -1.29081 -2.57954e-13 -2.20422e-13 -1.20283 -8.49651e-14 0.999995 0 47.6203 0 0.587769 0 0.649561 0 8.64791e-08 0 2.63058e-08 0 -4.24053e-15 0 -1.37233e-05 0 5.74407e-08 0 -1.6709e-16 0 -1.42472e-09 0 1.67474e-08 0 1.2081e-08 0 1.35234e-08 0 3.91272e-17 0 2.73922e-17 0 -7.51914e-18 0 -2.63938e-18 0 
4 -10 0 1.70435 1.70435 340.3 -2.02797 1.45603 1.39626 1.34134 1.38255 2.9567e-13 2.86737e-13 1.28297 1.28625e-13 -2.0321 1.06603 1.38837 0.982424 1.28062 2.60494e-13 2.4867e-13 1.19327 1.02233e-13 -2.11657 -0.648339 1.35431 -0.605261 -1.38255 -3.15119e-13 -8.40631e-14 -1.28297 -2.28917e-13 -2.09974 -0.547251 1.3563 -0.510976 -1.28062 -2.85595e-13 -2.58469e-15 -1.19326 -1.69077e-13 0.999995 0 65.2218 0 0.583026 0 0.849252 0 5.36073e-08 0 1.71373e-08 0 -4.63084e-15 0 -1.47077e-05 0 3.72244e-08 0 1.0562e-08 0 3.05729e-17 0 -1.12679e-09 0 7.37039e-09 0 8.2918e-09 0 -4.57755e-16 0 4.30626e-17 0 -5.40612e-19 0 -1.03209e-18 0 
4 -10 0 1.71034 1.71034 345.828 -2.02673 1.45745 1.39632 1.34242 1.38242 1.75761e-13 1.1586e-14 1.28282 8.63205e-14 -2.0307 1.06215 1.38828 0.978675 1.27427 1.46042e-13 -2.0293e-14 1.18729 6.7098e-14 -2.11697 -0.681415 1.3536 -0.636198 -1.38241 -1.81653e-13 -1.50823e-13 -1.28282 -8.19775e-14 -2.09979 -0.583497 1.35552 -0.54484 -1.27437 -1.5581e-13 -1.29762e-13 -1.18738 -6.26803e-14 1 0 79.3513 0 0.579997 0 1.00239 0 3.95712e-08 0 1.30696e-08 0 2.49267e-16 0 3.2745e-07 0 2.86709e-08 0 8.61512e-16 0 8.05492e-10 0 6.10821e-09 0 5.26827e-09 1.37319e-10 5.26827e-09 -1.37319e-10 3.67178e-16 0 -1.13069e-17 0 -1.79118e-17 0 -2.33724e-18 0 
4 -10 0 1.7102 1.7102 345.938 -2.02618 1.45859 1.39658 1.34332 1.38311 3.62486e-13 3.50067e-13 1.28337 1.87819e-13 -2.03002 1.0642 1.38845 0.980675 1.26825 3.14445e-13 2.89617e-13 1.18159 1.29875e-13 -2.11752 -0.713935 1.35334 -0.666618 -1.3817 -4.29993e-13 -2.21139e-13 -1.28225 -4.016e-13 -2.10015 -0.61897 1.35519 -0.577982 -1.2802 -3.74323e-13 -9.87469e-14 -1.19288 -2.86786e-13 0.999996 0 78.0476 0 0.578542 0 0.97701 0 -0.000142418 0 4.09686e-08 0 1.34786e-08 0 -4.6583e-15 0 2.84503e-08 0 8.16011e-09 0 -8.80258e-10 0 5.60311e-09 0 6.31735e-09 0 6.09716e-16 0 8.1872e-16 0 1.95006e-17 0 -4.38464e-18 0 2.41073e-18 0 
4 -10 0 1.71003 1.71003 346.285 -2.02577 1.45943 1.39678 1.34399 1.38359 1.4547e-12 6.60521e-14 1.28375 5.5883e-13 -2.0295 1.06579 1.38858 0.982223 1.26354 1.31312e-12 -1.94414e-13 1.17714 4.54491e-13 -2.11793 -0.738251 1.35314 -0.689363 -1.38116 -1.20621e-12 -1.21343e-12 -1.28182 -6.38359e-13 -2.10043 -0.645622 1.35494 -0.602888 -1.28422 -1.04521e-12 -1.11128e-12 -1.19668 -5.00974e-13 1 0 80.4428 0 0.579607 0 1.006 0 3.85936e-08 0 1.27634e-08 0 -1.14675e-14 0 3.26756e-05 0 2.64522e-08 0 -1.47656e-15 0 7.74665e-09 0 -8.24967e-10 0 5.95172e-09 0 5.27806e-09 0 1.57891e-15 0 -1.02365e-16 0 6.67131e-18 0 3.76232e-18 0 
4 -10 0 1.7097 1.7097 346.971 -2.02527 1.46044 1.39702 1.34479 1.38415 1.20367e-12 1.04375e-12 1.28421 4.53283e-13 -2.02887 1.06787 1.38874 0.984248 1.2575 1.06054e-12 9.13067e-13 1.17141 3.5632e-13 -2.11844 -0.76826 1.3529 -0.717443 -1.38047 -1.14466e-12 -6.60887e-14 -1.28128 -6.43079e-13 -2.10077 -0.678682 1.35464 -0.633789 -1.28894 -9.89756e-13 1.5793e-13 -1.20112 -5.12276e-13 1 0 81.2278 0 0.580655 0 1.03318 0 3.7145e-08 0 1.23152e-08 0 2.33379e-15 0 3.32264e-06 0 2.5103e-08 0 7.36714e-09 0 2.10651e-15 0 -7.63015e-10 0 5.08566e-09 0 5.73384e-09 0 1.45951e-16 0 -3.98726e-16 0 -1.95297e-17 0 -5.02842e-19 0 
