4 -1 0.11 0.11 70.5 -4.10843 6.02749 3.0247 0.3617 -5.06449 2.01071 -0.081131 0.214423 -3.15693 -4.10837 4.86631 4.07455 2.07621 -3.15231 -2.55724 0.724659 -1.18715 -1.73982 
4 -1 0.10419 0.10419 73.3605 -4.13241 6.05259 3.32667 -0.54821 -7.67737 2.18811 -0.181715 -0.273621 -3.23153 -4.1319 4.94527 4.13573 2.13496 -3.11285 -3.87924 0.66477 1.17262 -4.55508 
4 -1 0.103375 0.103375 72.8979 -4.13049 6.0419 3.40347 -0.479807 -7.71554 2.23649 -0.144837 -0.252445 -3.25853 -4.13363 4.96556 4.18113 2.17088 -3.16244 -3.88192 0.653397 1.18024 -4.57812 
4 -1 0.103366 0.103366 72.8926 -4.1305 6.04187 3.40426 -0.479301 -7.71588 2.23697 -0.144495 -0.252352 -3.25878 -4.13365 4.96522 4.18188 2.1711 -3.16346 -3.88139 0.653213 1.18066 -4.57867 
4 -1 0.103253 0.103253 72.8236 -4.13035 6.04031 3.41609 -0.474513 -7.72212 2.24379 -0.141752 -0.251139 -3.26296 -4.13386 4.96902 4.19006 2.17752 -3.17185 -3.88501 0.649978 1.18089 -4.58237 
4 -1 0.103091 0.103091 72.7407 -4.13056 6.03891 3.43073 -0.472582 -7.73001 2.25188 -0.140468 -0.250878 -3.26813 -4.13424 4.97514 4.20247 2.18722 -3.18391 -3.89245 0.644445 1.18046 -4.58749 
4 -1 0.102816 0.102816 72.6792 -4.13137 6.0381 3.44735 -0.475992 -7.73915 2.26063 -0.142039 -0.252358 -3.27393 -4.13503 4.98525 4.22155 2.20205 -3.20009 -3.90606 0.63571 1.17888 -4.59404 
4 -1 0.102345 0.102345 72.7544 -4.13288 6.03859 3.46492 -0.478397 -7.74919 2.26975 -0.143649 -0.253102 -3.27985 -4.13652 4.99782 4.24328 2.21907 -3.21274 -3.92014 0.628191 1.17697 -4.59868 
4 -1 0.101664 0.101664 72.9798 -4.13521 6.04065 3.4871 -0.473806 -7.76248 2.2816 -0.142426 -0.250832 -3.28739 -4.13868 5.0118 4.26611 2.23724 -3.22038 -3.93133 0.623564 1.17548 -4.60087 
4 -1 0.100959 0.100959 73.2063 -4.1384 6.04476 3.51664 -0.462605 -7.78164 2.29844 -0.138186 -0.245851 -3.29867 -4.14102 5.02524 4.28921 2.25553 -3.22879 -3.93898 0.620471 1.17493 -4.60386 
4 -1 0.10044 0.10044 73.2764 -4.14326 6.05502 3.57024 -0.450554 -7.82344 2.3327 -0.131956 -0.240882 -3.32481 -4.14317 5.03773 4.31282 2.27415 -3.24255 -3.94485 0.618005 1.17505 -4.6108 
4 -1 0.100097 0.100097 73.1209 -4.14482 6.05997 3.63385 -0.428214 -7.87333 2.37459 -0.119713 -0.232873 -3.35617 -4.14477 5.04772 4.33621 2.29207 -3.2647 -3.94678 0.614963 1.17754 -4.62278 
4 -1 0.0998533 0.0998533 72.828 -4.1423 6.05399 3.67839 -0.398098 -7.90358 2.40349 -0.10384 -0.222786 -3.376 -4.14536 5.05428 4.35732 2.30754 -3.29054 -3.94667 0.610572 1.18178 -4.63646 
4 -1 0.0996543 0.0996543 72.5007 -4.14045 6.04841 3.71245 -0.369466 -7.92523 2.42468 -0.089277 -0.212953 -3.39025 -4.14564 5.05927 4.37772 2.32188 -3.31683 -3.94683 0.60565 1.1864 -4.65059 
4 -1 0.0994298 0.0994298 72.2121 -4.14078 6.04647 3.73723 -0.350846 -7.94039 2.43896 -0.080108 -0.205673 -3.39997 -4.1462 5.06602 4.39964 2.33751 -3.34404 -3.95206 0.598347 1.18919 -4.6646 
4 -1 0.0991287 0.0991287 71.996 -4.1419 6.04651 3.75126 -0.33506 -7.94789 2.44662 -0.072478 -0.199287 -3.40474 -4.14731 5.07505 4.42039 2.35316 -3.36954 -3.95942 0.590395 1.19048 -4.67709 
4 -1 0.0987306 0.0987306 71.8236 -4.14326 6.04737 3.75879 -0.307033 -7.95018 2.45069 -0.058985 -0.187934 -3.40631 -4.14864 5.08497 4.43743 2.36715 -3.39147 -3.96292 0.584507 1.19248 -4.68752 
4 -1 0.098242 0.098242 71.7276 -4.14498 6.04854 3.7664 -0.274538 -7.95224 2.4548 -0.043221 -0.174741 -3.40789 -4.15017 5.09549 4.4535 2.3807 -3.4094 -3.96465 0.580455 1.19473 -4.69591 
4 -1 0.0975819 0.0975819 71.7742 -4.14718 6.05014 3.782 -0.253066 -7.96087 2.46315 -0.033115 -0.165799 -3.41313 -4.15221 5.10855 4.4754 2.39796 -3.42426 -3.97123 0.576233 1.19562 -4.70254 
4 -1 0.0969875 0.0969875 71.897 -4.14895 6.05158 3.80325 -0.246027 -7.97563 2.47467 -0.030134 -0.16259 -3.42154 -4.15401 5.11952 4.49751 2.41448 -3.43482 -3.9793 0.573022 1.19553 -4.70744 
4 -1 0.0965297 0.0965297 71.965 -4.15064 6.05358 3.83401 -0.241163 -7.9998 2.49216 -0.027669 -0.160468 -3.4356 -4.15548 5.12808 4.51939 2.43027 -3.44626 -3.98509 0.571326 1.19613 -4.71388 
4 -1 0.0962176 0.0962176 71.8604 -4.15479 6.0629 3.88716 -0.216511 -8.04767 2.52617 -0.015953 -0.15048 -3.46543 -4.15684 5.13309 4.53909 2.44371 -3.4601 -3.98071 0.574277 1.20089 -4.7239 
4 -1 0.0960055 0.0960055 71.5979 -4.15646 6.06466 3.94546 -0.183695 -8.09655 2.56373 -0.001096 -0.136828 -3.49767 -4.15779 5.13694 4.55747 2.45636 -3.47899 -3.97452 0.57656 1.20685 -4.73695 
4 -1 0.0957849 0.0957849 71.2375 -4.15573 6.05813 3.99291 -0.153756 -8.13138 2.59395 0.012615 -0.12361 -3.52253 -4.15836 5.14314 4.57771 2.47168 -3.50546 -3.97471 0.573761 1.21084 -4.75266 
4 -1 0.0955318 0.0955318 70.912 -4.15582 6.05456 4.01435 -0.124338 -8.14475 2.6064 0.026487 -0.111829 -3.53258 -4.15928 5.15077 4.59513 2.48568 -3.53288 -3.97774 0.56793 1.21317 -4.76743 
4 -1 0.0952609 0.0952609 70.6377 -4.1563 6.0529 4.02192 -0.095909 -8.14719 2.61013 0.039784 -0.100628 -3.53521 -4.16028 5.15849 4.60844 2.4969 -3.55696 -3.9807 0.561726 1.21495 -4.77953 
4 -1 0.0949178 0.0949178 70.3921 -4.15681 6.05155 4.03109 -0.062823 -8.15155 2.61472 0.05484 -0.087367 -3.53865 -4.16136 5.16652 4.62139 2.50804 -3.57901 -3.9816 0.557109 1.21746 -4.79087 
4 -1 0.0945328 0.0945328 70.1758 -4.15784 6.05122 4.04484 -0.038851 -8.16036 2.62194 0.065465 -0.077459 -3.54427 -4.16257 5.17537 4.63897 2.52181 -3.60368 -3.98602 0.550878 1.2195 -4.80362 
4 -1 0.0940607 0.0940607 70.0854 -4.15968 6.05244 4.06025 -0.030224 -8.17094 2.63006 0.068916 -0.073597 -3.55048 -4.16403 5.18668 4.66079 2.53844 -3.6273 -3.99769 0.541981 1.21908 -4.8148 
4 -1 0.0934613 0.0934613 70.1457 -4.16207 6.05459 4.07715 -0.025374 -8.18295 2.639 0.070182 -0.070937 -3.55725 -4.16605 5.1989 4.68306 2.55546 -3.64483 -4.00957 0.534941 1.21762 -4.82269 
4 -1 0.0928513 0.0928513 70.3128 -4.16456 6.0569 4.10104 -0.027806 -8.20176 2.65187 0.067765 -0.070893 -3.56773 -4.16809 5.21059 4.70686 2.57348 -3.65904 -4.02207 0.529197 1.21527 -4.82922 
4 -1 0.0922994 0.0922994 70.4764 -4.16675 6.05892 4.13747 -0.032011 -8.23319 2.67242 0.063813 -0.070797 -3.58597 -4.16994 5.22104 4.73127 2.59173 -3.67328 -4.0332 0.524716 1.21319 -4.8365 
4 -1 0.0918773 0.0918773 70.5663 -4.17033 6.06836 4.2141 -0.028603 -8.3122 2.7228 0.062901 -0.065782 -3.63668 -4.1718 5.2298 4.75329 2.60848 -3.68565 -4.03826 0.524402 1.21299 -4.84465 
4 -1 0.0915086 0.0915086 70.549 -4.16762 6.06096 4.29208 -0.012108 -8.38663 2.77318 0.068314 -0.056348 -3.6856 -4.17284 5.23566 4.77172 2.62275 -3.69758 -4.03928 0.525616 1.21444 -4.85322 
4 -1 0.0907462 0.0907462 70.2694 -4.1697 6.05949 4.32819 0.039237 -8.41594 2.79296 0.088765 -0.032145 -3.70417 -4.17536 5.25118 4.79877 2.64543 -3.73528 -4.04516 0.517245 1.21667 -4.87313 
4 -1 0.0904765 0.0904765 69.9708 -4.17075 6.05915 4.33309 0.057438 -8.41724 2.79509 0.096719 -0.023844 -3.7056 -4.17631 5.25968 4.81255 2.65675 -3.76292 -4.05394 0.507759 1.2165 -4.88675 
4 -1 0.0902026 0.0902026 69.7092 -4.17192 6.05914 4.33982 0.073175 -8.42077 2.79827 0.103381 -0.016392 -3.70816 -4.17733 5.26826 4.82669 2.66846 -3.78891 -4.0626 0.499524 1.21604 -4.90002 
4 -1 0.089904 0.089904 69.4668 -4.17317 6.05907 4.34486 0.092655 -8.42234 2.80043 0.111863 -0.007269 -3.70973 -4.1785 5.27645 4.84098 2.68015 -3.81488 -4.06946 0.492002 1.21624 -4.91358 
4 -1 0.0896029 0.0896029 69.2214 -4.17447 6.05883 4.34768 0.11314 -8.42121 2.80125 0.121179 0.002118 -3.70995 -4.17982 5.28431 4.85534 2.69176 -3.84185 -4.07591 0.484375 1.21645 -4.92776 
4 -1 0.0891953 0.0891953 69.0214 -4.17626 6.05877 4.35313 0.138732 -8.42209 2.80342 0.132742 0.013924 -3.7116 -4.1814 5.29274 4.87023 2.70383 -3.86696 -4.08021 0.478329 1.2175 -4.94121 
4 -1 0.0884368 0.0884368 69.085 -4.17869 6.06017 4.37439 0.156812 -8.43945 2.81459 0.139411 0.023373 -3.72204 -4.18388 5.30575 4.89388 2.72242 -3.88687 -4.08859 0.473665 1.21706 -4.9516 
4 -1 0.0877922 0.0877922 69.2656 -4.18014 6.06109 4.40164 0.160417 -8.46493 2.82944 0.139233 0.026572 -3.73646 -4.18583 5.31643 4.91569 2.73907 -3.89906 -4.09776 0.470613 1.21546 -4.95786 
4 -1 0.0872517 0.0872517 69.3803 -4.1825 6.06377 4.45127 0.166576 -8.51656 2.85853 0.140007 0.031578 -3.76741 -4.18757 5.32512 4.93829 2.75569 -3.91444 -4.10403 0.46824 1.21534 -4.96684 
4 -1 0.0868514 0.0868514 69.3402 -4.18527 6.06655 4.54417 0.182076 -8.61898 2.91953 0.142667 0.041773 -3.83544 -4.18912 5.33008 4.95937 2.7704 -3.93197 -4.10376 0.468264 1.21841 -4.97893 
4 -1 0.0862495 0.0862495 69.4066 -4.18717 6.06682 4.60067 0.184877 -8.67881 2.95391 0.140239 0.047521 -3.87335 -4.19089 5.33979 4.98312 2.7885 -3.95156 -4.11303 0.463382 1.21735 -4.98975 
4 -1 0.0856462 0.0856462 69.3325 -4.18931 6.0687 4.61857 0.192184 -8.69522 2.96363 0.14226 0.05192 -3.8832 -4.19318 5.35264 5.00518 2.80607 -3.97967 -4.12692 0.453939 1.21473 -5.0039 
4 -1 0.085255 0.085255 69.1095 -4.19092 6.06874 4.62558 0.209649 -8.69871 2.96657 0.149517 0.059993 -3.88596 -4.19489 5.36149 5.02107 2.81884 -4.00743 -4.13457 0.446821 1.21435 -5.01903 
4 -1 0.0849389 0.0849389 68.8127 -4.19246 6.06753 4.6277 0.23849 -8.69589 2.96617 0.161721 0.072684 -3.88552 -4.19629 5.36821 5.03211 2.82815 -4.03308 -4.13685 0.441719 1.21589 -5.03359 
4 -1 0.0846884 0.0846884 68.4917 -4.19361 6.06619 4.62816 0.263235 -8.69181 2.965 0.172099 0.083401 -3.88422 -4.19729 5.37442 5.0417 2.8364 -4.05891 -4.14081 0.43533 1.21683 -5.04777 
4 -1 0.0844383 0.0844383 68.1758 -4.19462 6.06523 4.63007 0.282473 -8.68999 2.96493 0.180002 0.091794 -3.88395 -4.19814 5.38112 5.05219 2.8453 -4.08573 -4.14757 0.42763 1.21685 -5.06218 
4 -1 0.0841071 0.0841071 67.9154 -4.19582 6.06464 4.63678 0.301792 -8.69393 2.96754 0.18729 0.100677 -3.88676 -4.1992 5.38893 5.06474 2.85596 -4.11186 -4.15462 0.420841 1.21669 -5.07655 
4 -1 0.0836451 0.0836451 67.7817 -4.1975 6.06499 4.6512 0.316524 -8.70686 2.97461 0.191897 0.108205 -3.89434 -4.2007 5.39846 5.08222 2.87008 -4.13774 -4.16383 0.414076 1.21559 -5.09065 
4 -1 0.0829828 0.0829828 67.8433 -4.19975 6.06598 4.67681 0.327389 -8.7324 2.98811 0.193525 0.115108 -3.90894 -4.20291 5.40925 5.10442 2.88717 -4.1592 -4.17314 0.408982 1.21412 -5.10224 
4 -1 0.0823978 0.0823978 67.9397 -4.20136 6.06626 4.71856 0.337897 -8.77956 3.01202 0.192681 0.123597 -3.93726 -4.20495 5.41811 5.12542 2.9031 -4.17491 -4.17912 0.407405 1.21351 -5.11181 
4 -1 0.0820141 0.0820141 68.0594 -4.20252 6.06959 4.79366 0.338742 -8.87681 3.06269 0.186228 0.131091 -4.00239 -4.20645 5.42573 5.14067 2.91585 -4.18061 -4.18516 0.408584 1.21152 -5.11662 
4 -1 0.0815552 0.0815552 68.1509 -4.20357 6.06894 4.84874 0.344257 -8.94488 3.09651 0.185201 0.135688 -4.04525 -4.20796 5.43387 5.15726 2.9295 -4.19073 -4.19284 0.407909 1.20929 -5.12342 
4 -1 0.0809259 0.0809259 68.1907 -4.20646 6.07245 4.87299 0.348274 -8.9732 3.10997 0.184703 0.138612 -4.06123 -4.2105 5.44614 5.17755 2.94593 -4.21143 -4.20574 0.402553 1.20578 -5.13477 
4 -1 0.080343 0.080343 68.0886 -4.20869 6.07374 4.88375 0.36536 -8.9828 3.1151 0.189588 0.147565 -4.0669 -4.21279 5.45707 5.19407 2.95968 -4.236 -4.21494 0.396458 1.20411 -5.14818 
4 -1 0.0799444 0.0799444 67.8089 -4.20993 6.0727 4.88656 0.393513 -8.98243 3.11534 0.199026 0.161726 -4.0674 -4.21423 5.46472 5.20482 2.96899 -4.2617 -4.21962 0.390576 1.20479 -5.16262 
4 -1 0.0796994 0.0796994 67.4495 -4.21066 6.07151 4.88709 0.414121 -8.9797 3.11456 0.206412 0.172021 -4.06649 -4.21502 5.47065 5.21413 2.97681 -4.28967 -4.22644 0.382922 1.20489 -5.17816 
4 -1 0.0794676 0.0794676 67.0811 -4.21138 6.07007 4.88787 0.436567 -8.97737 3.11379 0.214497 0.183462 -4.06588 -4.21589 5.47601 5.22302 2.98424 -4.31739 -4.23192 0.376274 1.20541 -5.19409 
4 -1 0.0791817 0.0791817 66.7225 -4.21232 6.06776 4.88932 0.470245 -8.97549 3.11284 0.226772 0.20102 -4.06603 -4.21705 5.48073 5.2312 2.99111 -4.34321 -4.23212 0.372564 1.20805 -5.20996 
4 -1 0.0788458 0.0788458 66.4213 -4.21368 6.06669 4.89578 0.493916 -8.97992 3.11507 0.235222 0.213779 -4.06958 -4.21842 5.48712 5.2435 3.00109 -4.37202 -4.23702 0.367451 1.20863 -5.22727 
4 -1 0.0783936 0.0783936 66.259 -4.2153 6.06706 4.90913 0.505145 -8.99326 3.12173 0.238293 0.220573 -4.0777 -4.22023 5.4958 5.26132 3.01508 -4.40233 -4.24739 0.36062 1.20661 -5.24469 
4 -1 0.0777109 0.0777109 66.3752 -4.21729 6.06825 4.93571 0.505618 -9.02329 3.13633 0.236378 0.222614 -4.09504 -4.22249 5.50679 5.28339 3.0323 -4.42585 -4.26068 0.35379 1.20259 -5.25711 
4 -1 0.0771034 0.0771034 66.675 -4.22089 6.07425 5.01388 0.489876 -9.13147 3.18646 0.225064 0.218901 -4.16323 -4.22459 5.51878 5.30748 3.05192 -4.44361 -4.2783 0.347275 1.19528 -5.26637 
4 -1 0.0766161 0.0766161 66.9835 -4.22064 6.07606 5.08762 0.465705 -9.23874 3.23435 0.206541 0.212565 -4.23042 -4.22628 5.5295 5.32586 3.06794 -4.45449 -4.29634 0.34171 1.18679 -5.27169 
4 -1 0.075736 0.075736 67.2966 -4.22488 6.08355 5.11424 0.453873 -9.27398 3.25026 0.198471 0.208551 -4.25003 -4.22962 5.54508 5.34835 3.08655 -4.47322 -4.31474 0.333942 1.17934 -5.28007 
4 -1 0.0749511 0.0749511 67.4191 -4.22806 6.08612 5.12661 0.472345 -9.28702 3.25643 0.202947 0.219523 -4.25788 -4.23241 5.55622 5.36433 3.09962 -4.48886 -4.32087 0.330595 1.17811 -5.28828 
4 -1 0.0743505 0.0743505 67.3084 -4.23024 6.08614 5.13389 0.499904 -9.29261 3.25913 0.211735 0.235112 -4.26211 -4.23462 5.5649 5.37715 3.11031 -4.51003 -4.3247 0.327335 1.17849 -5.30078 
4 -1 0.073986 0.073986 67.0202 -4.23158 6.08599 5.13999 0.514344 -9.29736 3.26159 0.216427 0.243317 -4.26546 -4.23615 5.57252 5.38982 3.12095 -4.53983 -4.33485 0.320991 1.17629 -5.31842 
4 -1 0.0737143 0.0737143 66.693 -4.23255 6.08529 5.14567 0.527759 -9.30189 3.26378 0.220903 0.250922 -4.26871 -4.23741 5.57897 5.40101 3.13038 -4.56981 -4.34445 0.314826 1.17419 -5.33641 
4 -1 0.0734444 0.0734444 66.3368 -4.23364 6.08351 5.14924 0.550446 -9.3025 3.26419 0.229222 0.263313 -4.2703 -4.23855 5.58451 5.4095 3.13785 -4.59788 -4.35034 0.309471 1.17386 -5.35346 
4 -1 0.0731982 0.0731982 65.9817 -4.23476 6.08187 5.15283 0.570448 -9.30316 3.2647 0.236639 0.273985 -4.27178 -4.23938 5.58989 5.41741 3.14493 -4.62575 -4.35731 0.303214 1.17322 -5.37003 
4 -1 0.0729451 0.0729451 65.6454 -4.23573 6.08066 5.1592 0.584714 -9.30837 3.26703 0.241437 0.281731 -4.27545 -4.2401 5.5958 5.42672 3.15308 -4.65489 -4.36722 0.295819 1.17143 -5.38706 
4 -1 0.0725356 0.0725356 65.4308 -4.23677 6.07902 5.17423 0.601153 -9.32625 3.274 0.2453 0.29152 -4.28618 -4.24141 5.60321 5.43963 3.16389 -4.68302 -4.37667 0.289719 1.16952 -5.40373 
4 -1 0.0717515 0.0717515 65.688 -4.23979 6.0811 5.25122 0.608601 -9.44552 3.32115 0.236919 0.300895 -4.36074 -4.2442 5.61699 5.46406 3.1846 -4.70538 -4.39268 0.284727 1.16252 -5.41679 
4 -1 0.0712814 0.0712814 66.0553 -4.24249 6.08601 5.30824 0.588903 -9.53899 3.35927 0.224628 0.295256 -4.42137 -4.24606 5.62807 5.47791 3.19813 -4.70616 -4.40854 0.283542 1.15349 -5.41695 
4 -1 0.0704311 0.0704311 66.3621 -4.24617 6.09227 5.33186 0.588003 -9.57532 3.37336 0.220019 0.297685 -4.44251 -4.24962 5.64193 5.49613 3.21375 -4.71902 -4.42089 0.280665 1.14754 -5.42344 
4 -1 0.0697027 0.0697027 66.5329 -4.24879 6.09697 5.3448 0.58322 -9.5927 3.38115 0.216384 0.296423 -4.45209 -4.25262 5.65423 5.51337 3.22824 -4.74013 -4.43635 0.274127 1.14071 -5.43417 
4 -1 0.0691224 0.0691224 66.6454 -4.25053 6.10129 5.35684 0.570859 -9.61003 3.38884 0.210356 0.290739 -4.46119 -4.25479 5.66481 5.5301 3.242 -4.76395 -4.45399 0.266223 1.13329 -5.44641 
4 -1 0.0685447 0.0685447 66.6583 -4.25237 6.10361 5.36817 0.570565 -9.62437 3.39513 0.208709 0.291437 -4.46924 -4.25687 5.67495 5.54512 3.25479 -4.78929 -4.46887 0.259103 1.12728 -5.46012 
4 -1 0.0680724 0.0680724 66.4861 -4.2541 6.10364 5.37664 0.584183 -9.63288 3.39874 0.212359 0.299467 -4.47466 -4.25835 5.68318 5.55639 3.26483 -4.81609 -4.4802 0.252189 1.12378 -5.47543 
4 -1 0.067738 0.067738 66.197 -4.2556 6.10222 5.38232 0.605408 -9.63687 3.40013 0.218888 0.311185 -4.47772 -4.25945 5.68934 5.56367 3.27191 -4.84131 -4.48745 0.246946 1.12234 -5.4907 
4 -1 0.067494 0.067494 65.8458 -4.25697 6.10062 5.38523 0.626404 -9.63654 3.39992 0.22568 0.32213 -4.47822 -4.2604 5.69441 5.56866 3.27725 -4.86605 -4.49376 0.242143 1.1212 -5.50601 
4 -1 0.0672629 0.0672629 65.4942 -4.25823 6.0991 5.38862 0.64574 -9.63744 3.4001 0.231562 0.332026 -4.47927 -4.26145 5.6993 5.57392 3.2827 -4.89123 -4.5004 0.237767 1.11977 -5.52192 
4 -1 0.0669713 0.0669713 65.2026 -4.25933 6.09758 5.39742 0.662968 -9.64804 3.40346 0.235356 0.341384 -4.48558 -4.26271 5.70515 5.58182 3.29015 -4.91807 -4.50841 0.233498 1.11759 -5.53889 
4 -1 0.066532 0.066532 65.1148 -4.25894 6.09572 5.43423 0.664882 -9.7111 3.42478 0.227086 0.346148 -4.52259 -4.2644 5.71443 5.5993 3.30506 -4.95308 -4.52574 0.226101 1.11047 -5.55993 
4 -1 0.0660441 0.0660441 65.5308 -4.26289 6.10484 5.51058 0.62886 -9.85668 3.47782 0.208089 0.333038 -4.61869 -4.26647 5.72912 5.61798 3.32366 -4.96895 -4.55549 0.218699 1.09357 -5.56808 
4 -1 0.0651731 0.0651731 65.7908 -4.26706 6.11344 5.53417 0.613891 -9.89776 3.49283 0.200375 0.327237 -4.64233 -4.26987 5.74402 5.63821 3.34078 -4.99589 -4.57737 0.209234 1.08329 -5.58151 
4 -1 0.0644026 0.0644026 66.0353 -4.26996 6.11899 5.54733 0.606649 -9.91826 3.501 0.196254 0.324608 -4.65369 -4.27284 5.75544 5.65383 3.35367 -5.01455 -4.59162 0.203241 1.07648 -5.59063 
4 -1 0.0635546 0.0635546 66.316 -4.27306 6.1231 5.56018 0.609945 -9.93626 3.50815 0.195205 0.327602 -4.66396 -4.27612 5.76649 5.66906 3.36623 -5.03011 -4.60117 0.199866 1.07156 -5.59851 
4 -1 0.0627595 0.0627595 66.5161 -4.27607 6.12496 5.57215 0.625681 -9.95152 3.5137 0.197997 0.337106 -4.673 -4.27903 5.7761 5.68262 3.37746 -5.0455 -4.60655 0.197652 1.06913 -5.60704 
4 -1 0.0621563 0.0621563 66.5176 -4.27811 6.12608 5.58424 0.635876 -9.96907 3.51958 0.198817 0.343593 -4.6829 -4.28113 5.78465 5.6962 3.38886 -5.07052 -4.61742 0.192843 1.06485 -5.62164 
4 -1 0.0617799 0.0617799 66.3818 -4.27857 6.12621 5.60075 0.634541 -9.99891 3.52878 0.19443 0.344574 -4.69932 -4.28254 5.79215 5.71045 3.40079 -5.10462 -4.63427 0.186012 1.05784 -5.64197 
4 -1 0.0614613 0.0614613 66.2395 -4.27845 6.12488 5.62948 0.636611 -10.0571 3.5458 0.18704 0.348098 -4.73391 -4.28367 5.79935 5.72375 3.41241 -5.13897 -4.65141 0.178618 1.05043 -5.66279 
4 -1 0.0611886 0.0611886 66.2242 -4.28034 6.128 5.67422 0.623122 -10.1546 3.57663 0.182203 0.341351 -4.79992 -4.28472 5.8097 5.73351 3.42394 -5.16168 -4.67646 0.171537 1.03715 -5.67645 
4 -1 0.060925 0.060925 65.9369 -4.28227 6.12966 5.69006 0.62553 -10.186 3.58627 0.180173 0.344508 -4.82067 -4.28569 5.8174 5.73984 3.43165 -5.18888 -4.6929 0.164979 1.03017 -5.69333 
4 -1 0.0606831 0.0606831 65.6271 -4.28384 6.13006 5.69583 0.63731 -10.1945 3.58879 0.181493 0.35192 -4.82657 -4.28657 5.82303 5.74427 3.43696 -5.21337 -4.70272 0.159923 1.02687 -5.70866 
4 -1 0.0603564 0.0603564 65.3633 -4.28565 6.13018 5.7004 0.653281 -10.1987 3.59019 0.183985 0.361383 -4.82995 -4.28797 5.82885 5.74907 3.44224 -5.23582 -4.71024 0.156194 1.02445 -5.72294 
4 -1 0.0595899 0.0595899 65.4389 -4.28959 6.13401 5.71446 0.666801 -10.2218 3.59742 0.184629 0.370087 -4.84425 -4.29139 5.83922 5.7614 3.45286 -5.25719 -4.71819 0.153437 1.02065 -5.73577 
4 -1 0.0587446 0.0587446 65.7148 -4.29323 6.14059 5.72861 0.659258 -10.2468 3.60621 0.180972 0.367169 -4.85817 -4.29519 5.85139 5.77684 3.46579 -5.27699 -4.73251 0.149504 1.01272 -5.74625 
4 -1 0.0580926 0.0580926 65.8819 -4.29566 6.146 5.73875 0.646922 -10.2645 3.61295 0.176624 0.361364 -4.86766 -4.29796 5.86157 5.79044 3.47731 -5.29929 -4.74927 0.14423 1.00393 -5.75818 
4 -1 0.0574795 0.0574795 66.0201 -4.29774 6.15018 5.74934 0.639474 -10.2836 3.61957 0.173241 0.358169 -4.87808 -4.30002 5.87001 5.80455 3.48861 -5.32504 -4.76441 0.137365 0.996826 -5.77206 
4 -1 0.0568647 0.0568647 66.1739 -4.29935 6.1537 5.7626 0.630639 -10.3095 3.62772 0.168371 0.35454 -4.89216 -4.30221 5.87882 5.81925 3.50054 -5.3526 -4.78027 0.131091 0.988886 -5.78712 
4 -1 0.0561734 0.0561734 66.3067 -4.30121 6.15449 5.78082 0.638859 -10.3449 3.63736 0.165716 0.360765 -4.91196 -4.30445 5.88701 5.83411 3.51243 -5.38128 -4.79139 0.125264 0.983665 -5.80351 
4 -1 0.0555049 0.0555049 66.4694 -4.30211 6.15337 5.81381 0.653824 -10.4222 3.65666 0.159829 0.37102 -4.9593 -4.30673 5.89568 5.84839 3.52471 -5.4085 -4.80231 0.120843 0.977778 -5.82006 
4 -1 0.0550235 0.0550235 66.7562 -4.30571 6.15813 5.85759 0.64445 -10.5342 3.68629 0.155256 0.367809 -5.0354 -4.30868 5.90644 5.85893 3.53651 -5.42382 -4.82073 0.117434 0.96619 -5.82963 
4 -1 0.0546358 0.0546358 66.4661 -4.30856 6.16155 5.87014 0.64793 -10.5624 3.6934 0.152632 0.371364 -5.05299 -4.31054 5.91558 5.86615 3.54508 -5.45724 -4.83929 0.111452 0.957377 -5.85073 
4 -1 0.0544355 0.0544355 66.1828 -4.30962 6.16421 5.87547 0.639362 -10.5745 3.69705 0.150009 0.366923 -5.05976 -4.31178 5.92254 5.87114 3.55125 -5.48482 -4.85911 0.105894 0.94777 -5.86784 
4 -1 0.0542379 0.0542379 65.8747 -4.31048 6.16583 5.87811 0.635602 -10.5781 3.69876 0.148936 0.364891 -5.06165 -4.3129 5.92878 5.87475 3.55622 -5.50976 -4.87648 0.101002 0.939666 -5.88349 
4 -1 0.0539923 0.0539923 65.5862 -4.31163 6.1669 5.88034 0.638342 -10.5791 3.69976 0.149245 0.366547 -5.06228 -4.31399 5.9347 5.87812 3.56081 -5.53295 -4.89058 0.096572 0.933471 -5.89811 
4 -1 0.0536 0.0536 65.4194 -4.31342 6.16915 5.88466 0.640026 -10.5845 3.7021 0.149007 0.367839 -5.06542 -4.31545 5.9416 5.88416 3.56703 -5.55759 -4.90454 0.091128 0.927317 -5.91284 
4 -1 0.0528824 0.0528824 65.4982 -4.31668 6.17302 5.89305 0.646228 -10.597 3.7065 0.148933 0.372201 -5.07285 -4.31819 5.95021 5.895 3.57599 -5.58228 -4.91406 0.086127 0.922842 -5.92684 
4 -1 0.051977 0.051977 65.7447 -4.32062 6.17739 5.9034 0.655827 -10.6125 3.71177 0.149241 0.378543 -5.08193 -4.32193 5.95955 5.9074 3.58574 -5.60147 -4.91961 0.083531 0.919386 -5.93749 
4 -1 0.0511033 0.0511033 66.0353 -4.32405 6.18216 5.91489 0.657563 -10.633 3.71827 0.147708 0.380475 -5.09345 -4.32562 5.96905 5.92073 3.59628 -5.62168 -4.92792 0.081272 0.914077 -5.94863 
4 -1 0.0503735 0.0503735 66.236 -4.32652 6.18575 5.92718 0.657329 -10.6586 3.72527 0.145103 0.381407 -5.10751 -4.32851 5.97733 5.93438 3.60704 -5.6488 -4.93893 0.077467 0.907904 -5.96408 
4 -1 0.0498463 0.0498463 66.3351 -4.32731 6.18635 5.9462 0.657566 -10.7086 3.73615 0.138771 0.383175 -5.13523 -4.3301 5.98331 5.94886 3.61818 -5.68504 -4.95305 0.071276 0.900966 -5.98545 
4 -1 0.0494627 0.0494627 66.7846 -4.32767 6.18839 5.99844 0.637408 -10.8783 3.77213 0.128433 0.372345 -5.24594 -4.33145 5.99258 5.96356 3.632 -5.71378 -4.97841 0.065501 0.884769 -6.00262 
4 -1 0.0487957 0.0487957 66.9684 -4.33169 6.19805 6.01944 0.609505 -10.9433 3.78658 0.116982 0.358708 -5.28517 -4.3344 6.00565 5.97597 3.64462 -5.74407 -5.0064 0.058904 0.868826 -6.02024 
4 -1 0.0482411 0.0482411 66.8003 -4.33428 6.20096 6.02426 0.61585 -10.9486 3.78899 0.117117 0.363055 -5.28841 -4.33656 6.01421 5.98146 3.65118 -5.7686 -5.02159 0.054401 0.861383 -6.03548 
4 -1 0.0479031 0.0479031 66.5256 -4.33601 6.20138 6.02604 0.62939 -10.9452 3.78904 0.119425 0.371251 -5.28687 -4.33799 6.01964 5.9834 3.65456 -5.78751 -5.03096 0.051889 0.85732 -6.04809 
4 -1 0.0476522 0.0476522 66.225 -4.33738 6.20114 6.02711 0.643527 -10.9407 3.78856 0.121745 0.379598 -5.28473 -4.33901 6.02406 5.98447 3.65716 -5.80654 -5.03874 0.049513 0.854322 -6.06082 
4 -1 0.047429 0.047429 65.9079 -4.33854 6.2011 6.02811 0.654153 -10.937 3.78828 0.123377 0.385767 -5.28289 -4.33998 6.02854 5.98574 3.65994 -5.8276 -5.04887 0.046646 0.850067 -6.07475 
4 -1 0.0471715 0.0471715 65.6227 -4.33976 6.20197 6.02998 0.659534 -10.9367 3.78891 0.123923 0.388959 -5.28282 -4.34131 6.03369 5.98821 3.66352 -5.8498 -5.06183 0.043949 0.844058 -6.08934 
4 -1 0.0467441 0.0467441 65.4945 -4.3416 6.20562 6.03502 0.652775 -10.9468 3.79234 0.121892 0.385538 -5.28834 -4.34354 6.04103 5.99449 3.66976 -5.87517 -5.07922 0.040839 0.835089 -6.10505 
4 -1 0.0461511 0.0461511 65.5685 -4.34381 6.21173 6.04257 0.634281 -10.9656 3.79812 0.117068 0.375609 -5.29843 -4.34632 6.04989 6.00438 3.67843 -5.9019 -5.09889 0.037049 0.824212 -6.12037 
4 -1 0.0455213 0.0455213 65.669 -4.34635 6.21662 6.05045 0.627706 -10.9837 3.80322 0.11402 0.372568 -5.30852 -4.34849 6.05692 6.01474 3.68669 -5.92915 -5.11243 0.031839 0.817245 -6.13581 
4 -1 0.044804 0.044804 65.7999 -4.34943 6.21981 6.06092 0.636464 -11.0072 3.80855 0.113209 0.378765 -5.32205 -4.35087 6.06325 6.02614 3.69519 -5.95953 -5.11918 0.026841 0.814047 -6.15343 
4 -1 0.0439758 0.0439758 66.0377 -4.3522 6.22238 6.07511 0.643924 -11.043 3.81616 0.11036 0.384227 -5.34227 -4.35414 6.07118 6.03838 3.70459 -5.98647 -5.12572 0.024521 0.809975 -6.16905 
4 -1 0.0431843 0.0431843 66.2573 -4.35421 6.22266 6.09417 0.65718 -11.0999 3.82668 0.103769 0.392983 -5.37491 -4.35729 6.07895 6.05021 3.71398 -6.01628 -5.13327 0.021997 0.805018 -6.18707 
4 -1 0.0424836 0.0424836 66.762 -4.35644 6.22545 6.13077 0.659314 -11.2448 3.85122 0.102592 0.393906 -5.47186 -4.35992 6.08778 6.06249 3.72507 -6.03895 -5.14714 0.019265 0.794556 -6.20127 
4 -1 0.0418327 0.0418327 66.9074 -4.3607 6.23304 6.14524 0.644669 -11.2946 3.86087 0.096583 0.387072 -5.50266 -4.36305 6.09832 6.07164 3.73443 -6.06581 -5.16735 0.016209 0.782542 -6.21777 
4 -1 0.0415187 0.0415187 66.7969 -4.36193 6.23775 6.15015 0.622991 -11.3119 3.86512 0.091981 0.374396 -5.51211 -4.36464 6.10635 6.0761 3.7405 -6.09083 -5.19365 0.012355 0.768047 -6.23293 
4 -1 0.0413186 0.0413186 66.5929 -4.36253 6.24083 6.15276 0.605482 -11.3201 3.86767 0.088333 0.363548 -5.51629 -4.36555 6.11285 6.07836 3.74489 -6.11359 -5.21817 0.008477 0.754924 -6.24694 
4 -1 0.0411341 0.0411341 66.3172 -4.36321 6.24272 6.15443 0.597034 -11.3226 3.8691 0.086567 0.358096 -5.51741 -4.36621 6.11836 6.07938 3.74819 -6.13501 -5.23948 0.004589 0.743953 -6.26055 
4 -1 0.0409267 0.0409267 66.0027 -4.36415 6.2436 6.15571 0.599526 -11.3212 3.86964 0.087056 0.359625 -5.51663 -4.36701 6.12297 6.07989 3.75062 -6.15498 -5.25558 0.00155 0.736166 -6.27383 
4 -1 0.0406684 0.0406684 65.7191 -4.36542 6.24423 6.15719 0.60866 -11.3193 3.86995 0.088592 0.365489 -5.51574 -4.36809 6.12725 6.08083 3.7529 -6.17441 -5.26688 -0.000618 0.73113 -6.28693 
4 -1 0.0402532 0.0402532 65.544 -4.36749 6.24576 6.16006 0.620973 -11.3203 3.87093 0.08996 0.373559 -5.5166 -4.36985 6.1321 6.08389 3.75617 -6.19595 -5.27407 -0.00259 0.728188 -6.30095 
4 -1 0.0395342 0.0395342 65.575 -4.37102 6.2492 6.16588 0.634769 -11.3272 3.8735 0.090445 0.382881 -5.52102 -4.37292 6.13844 6.09084 3.76153 -6.22039 -5.27691 -0.004581 0.726917 -6.31594 
4 -1 0.0387115 0.0387115 65.7139 -4.37494 6.25362 6.17326 0.644589 -11.3391 3.87711 0.089852 0.389824 -5.5281 -4.37653 6.14548 6.09955 3.768 -6.2448 -5.2808 -0.006257 0.724342 -6.33061 
4 -1 0.0379412 0.0379412 65.9547 -4.37805 6.26016 6.18246 0.633872 -11.3675 3.88338 0.085056 0.384458 -5.544 -4.38006 6.15358 6.11027 3.77641 -6.27262 -5.2945 -0.007655 0.715645 -6.34667 
4 -1 0.0374099 0.0374099 66.2033 -4.37916 6.26479 6.19216 0.612155 -11.407 3.89086 0.077027 0.37116 -5.56634 -4.38229 6.16074 6.1202 3.78482 -6.30143 -5.31399 -0.009561 0.703717 -6.36298 
4 -1 0.0367882 0.0367882 66.2208 -4.38082 6.26158 6.21672 0.641241 -11.5165 3.90402 0.065992 0.389928 -5.63194 -4.38374 6.16534 6.13079 3.79309 -6.36051 -5.32718 -0.01891 0.696586 -6.39977 
4 -1 0.0355274 0.0355274 67.1061 -4.3866 6.27216 6.24941 0.603201 -11.6696 3.92621 0.067228 0.365485 -5.73236 -4.38911 6.18385 6.14616 3.80887 -6.38821 -5.36316 -0.020637 0.671176 -6.41489 
4 -1 0.03476 0.03476 67.112 -4.38987 6.27698 6.25467 0.608075 -11.6784 3.92937 0.066261 0.369226 -5.73766 -4.39242 6.19332 6.15092 3.81477 -6.41033 -5.37951 -0.02221 0.661496 -6.42904 
4 -1 0.0344169 0.0344169 66.8985 -4.39141 6.27858 6.25662 0.614569 -11.6779 3.93029 0.067047 0.373471 -5.73744 -4.39399 6.19866 6.15197 3.81744 -6.4286 -5.39401 -0.023505 0.653827 -6.4414 
4 -1 0.0341782 0.0341782 66.6388 -4.39252 6.27962 6.25802 0.620425 -11.6776 3.93087 0.067624 0.377287 -5.73734 -4.39507 6.20309 6.15228 3.81952 -6.4486 -5.40775 -0.025047 0.647004 -6.45485 
4 -1 0.0340114 0.0340114 66.3802 -4.39327 6.28086 6.25951 0.619227 -11.6806 3.93178 0.066799 0.376649 -5.73898 -4.39581 6.20753 6.15244 3.82176 -6.46983 -5.42523 -0.026882 0.637967 -6.46885 
4 -1 0.0338947 0.0338947 66.1617 -4.39368 6.28284 6.26128 0.607196 -11.688 3.93336 0.063676 0.369081 -5.74297 -4.39651 6.21212 6.153 3.8243 -6.48859 -5.44736 -0.027897 0.62592 -6.48116 
4 -1 0.0336798 0.0336798 66.0811 -4.39446 6.28715 6.26379 0.584295 -11.702 3.93637 0.057506 0.35425 -5.75046 -4.39778 6.21737 6.15544 3.82775 -6.5055 -5.46969 -0.028293 0.613303 -6.49174 
4 -1 0.033141 0.033141 66.3103 -4.39716 6.29666 6.26829 0.541128 -11.7234 3.9427 0.048487 0.324821 -5.76212 -4.40027 6.22488 6.16208 3.83386 -6.52414 -5.49196 -0.029581 0.599391 -6.50176 
4 -1 0.032449 0.032449 66.5652 -4.40107 6.30461 6.27444 0.513914 -11.7388 3.94819 0.044625 0.306301 -5.77116 -4.40293 6.23215 6.16957 3.8402 -6.54729 -5.50858 -0.032608 0.588773 -6.51444 
4 -1 0.0314922 0.0314922 66.7063 -4.40483 6.30918 6.28137 0.535924 -11.7564 3.95168 0.045813 0.321054 -5.78165 -4.40641 6.23865 6.178 3.84623 -6.58482 -5.51143 -0.036864 0.587301 -6.53714 
4 -1 0.0307024 0.0307024 66.7706 -4.4076 6.31056 6.28781 0.569082 -11.7732 3.95368 0.047641 0.344634 -5.79198 -4.40952 6.24377 6.18416 3.85053 -6.61781 -5.50925 -0.0398 0.58889 -6.55756 
4 -1 0.029937 0.029937 66.8373 -4.41078 6.31046 6.29669 0.602623 -11.7976 3.95617 0.04748 0.368836 -5.80666 -4.41264 6.24901 6.19002 3.85477 -6.65064 -5.50824 -0.042423 0.589476 -6.57799 
4 -1 0.0291802 0.0291802 66.9184 -4.4138 6.3097 6.30794 0.63023 -11.8393 3.96061 0.042843 0.387639 -5.83104 -4.41591 6.25511 6.19581 3.85943 -6.68402 -5.5129 -0.044416 0.586204 -6.59897 
4 -1 0.0284547 0.0284547 67.3902 -4.41995 6.31687 6.3299 0.619648 -11.9936 3.97482 0.046064 0.378733 -5.93097 -4.41974 6.26429 6.20395 3.86708 -6.71437 -5.53206 -0.041851 0.571838 -6.61764 
4 -1 0.0280584 0.0280584 67.7513 -4.41852 6.32118 6.33837 0.552458 -12.061 3.98335 0.02978 0.335896 -5.97231 -4.42144 6.27095 6.2093 3.87292 -6.73007 -5.55841 -0.041794 0.55442 -6.62628 
4 -1 0.0278746 0.0278746 67.8115 -4.42038 6.33047 6.33903 0.494693 -12.075 3.98816 0.022334 0.298291 -5.98085 -4.42203 6.27671 6.21066 3.87654 -6.7439 -5.58751 -0.043843 0.536645 -6.63421 
4 -1 0.0277909 0.0277909 67.6546 -4.42171 6.33497 6.33989 0.458306 -12.0739 3.99024 0.020888 0.27597 -5.98119 -4.42227 6.28159 6.21016 3.87886 -6.75812 -5.61722 -0.045723 0.519441 -6.64331 
4 -1 0.0276979 0.0276979 67.421 -4.42246 6.33701 6.34062 0.441071 -12.0707 3.99121 0.020701 0.265801 -5.97988 -4.42256 6.28572 6.20911 3.88043 -6.77271 -5.64183 -0.047116 0.505718 -6.65315 
4 -1 0.0275555 0.0275555 67.1804 -4.42315 6.33819 6.34156 0.436777 -12.0692 3.99187 0.020648 0.263298 -5.97913 -4.42317 6.28945 6.20828 3.88168 -6.78609 -5.66096 -0.047498 0.49539 -6.6625 
4 -1 0.0273048 0.0273048 66.9849 -4.42427 6.33965 6.3432 0.438754 -12.0706 3.99283 0.020576 0.2644 -5.97989 -4.4244 6.29327 6.20856 3.88308 -6.80031 -5.67575 -0.047324 0.487594 -6.6723 
4 -1 0.0266714 0.0266714 66.9492 -4.42712 6.34337 6.34746 0.446595 -12.0788 3.99528 0.020545 0.268782 -5.9845 -4.4274 6.29889 6.21202 3.88593 -6.82199 -5.68471 -0.047487 0.482723 -6.686 
4 -1 0.0257969 0.0257969 67.0562 -4.43093 6.34811 6.3533 0.462474 -12.0924 3.99846 0.020722 0.277807 -5.99202 -4.43131 6.30539 6.21726 3.88966 -6.84941 -5.68678 -0.048391 0.481397 -6.70266 
4 -1 0.0250323 0.0250323 67.1409 -4.434 6.35166 6.3582 0.484795 -12.1074 4.00085 0.021309 0.290859 -6.00017 -4.43449 6.31089 6.22149 3.89283 -6.88056 -5.68652 -0.050183 0.481753 -6.72156 
4 -1 0.0243608 0.0243608 67.1968 -4.43654 6.35462 6.36225 0.509015 -12.124 4.00267 0.022066 0.305592 -6.00943 -4.43716 6.31571 6.2251 3.89572 -6.9155 -5.68718 -0.052451 0.481755 -6.74287 
4 -1 0.0236501 0.0236501 67.3147 -4.43973 6.35888 6.36774 0.518118 -12.1471 4.00567 0.022017 0.311161 -6.02298 -4.44023 6.32114 6.22999 3.89954 -6.95306 -5.6939 -0.053927 0.477369 -6.76583 
4 -1 0.0228919 0.0228919 67.7349 -4.44419 6.36673 6.37973 0.452345 -12.2172 4.01448 0.021171 0.272515 -6.06278 -4.44441 6.32863 6.23856 3.90609 -6.98628 -5.71842 -0.051625 0.460117 -6.7853 
4 -1 0.0223465 0.0223465 68.0494 -4.44379 6.36853 6.38851 0.406056 -12.317 4.02048 0.011743 0.247944 -6.12416 -4.4462 6.33351 6.24291 3.90999 -7.01313 -5.73636 -0.054293 0.44801 -6.80146 
4 -1 0.0215652 0.0215652 68.2921 -4.44696 6.37332 6.39602 0.393179 -12.3847 4.02553 0.006544 0.240495 -6.17316 -4.44928 6.34047 6.24697 3.91397 -7.04157 -5.75297 -0.057004 0.436809 -6.81915 
4 -1 0.0208608 0.0208608 68.4542 -4.45089 6.37934 6.40062 0.390639 -12.4045 4.02875 0.005854 0.239014 -6.18712 -4.45228 6.3477 6.24957 3.91728 -7.06478 -5.76611 -0.058133 0.428181 -6.83323 
4 -1 0.0203368 0.0203368 68.4973 -4.45366 6.3834 6.40393 0.390944 -12.4138 4.03093 0.005506 0.239231 -6.19347 -4.45454 6.35385 6.25088 3.91987 -7.08377 -5.78154 -0.058022 0.418726 -6.84517 
4 -1 0.020087 0.020087 68.3595 -4.45482 6.38516 6.40554 0.389025 -12.4148 4.03198 0.005597 0.238127 -6.19416 -4.45563 6.35837 6.25029 3.92141 -7.09823 -5.80257 -0.057158 0.406644 -6.85499 
4 -1 0.0199667 0.0199667 68.1541 -4.45527 6.38592 6.40632 0.386285 -12.4131 4.03252 0.005841 0.236529 -6.19304 -4.45617 6.36167 6.2491 3.92228 -7.11057 -5.82365 -0.056318 0.394851 -6.86368 
4 -1 0.0198644 0.0198644 67.9454 -4.45566 6.38655 6.40698 0.384383 -12.4116 4.03298 0.006011 0.235414 -6.19206 -4.45668 6.36449 6.24803 3.92293 -7.12203 -5.84274 -0.055262 0.384359 -6.87185 
4 -1 0.019714 0.019714 67.762 -4.45639 6.38758 6.40795 0.384574 -12.4128 4.03358 0.005932 0.235525 -6.19289 -4.45748 6.36717 6.24751 3.92354 -7.13462 -5.85827 -0.054038 0.376074 -6.88058 
4 -1 0.0193 0.0193 67.6717 -4.4586 6.39072 6.41057 0.386909 -12.4206 4.03524 0.005476 0.236919 -6.19801 -4.45962 6.37101 6.24886 3.92479 -7.15456 -5.86923 -0.053028 0.370251 -6.89341 
4 -1 0.0185572 0.0185572 67.7444 -4.46242 6.39659 6.41517 0.384208 -12.4333 4.03844 0.005206 0.235455 -6.20613 -4.46345 6.3769 6.25273 3.92743 -7.18236 -5.88144 -0.052248 0.362653 -6.91051 
4 -1 0.0178476 0.0178476 67.8891 -4.46627 6.40301 6.41948 0.375464 -12.4559 4.04184 0.004879 0.230683 -6.21979 -4.46702 6.38279 6.25644 3.93028 -7.21178 -5.89453 -0.051479 0.354471 -6.92806 
4 -1 0.0172196 0.0172196 68.0881 -4.46974 6.40959 6.42333 0.355351 -12.4954 4.04525 0.003354 0.220115 -6.24193 -4.46964 6.38821 6.25916 3.93292 -7.24165 -5.90839 -0.052239 0.346059 -6.94504 
4 -1 0.0165504 0.0165504 68.3135 -4.47296 6.41513 6.42775 0.338004 -12.5413 4.04845 0.001523 0.210987 -6.26694 -4.47209 6.3932 6.2618 3.93529 -7.27392 -5.91986 -0.05417 0.338752 -6.96349 
4 -1 0.0156562 0.0156562 68.5759 -4.47687 6.42067 6.43323 0.3385 -12.5815 4.05188 -0.000304 0.211358 -6.28892 -4.4756 6.39935 6.26511 3.93799 -7.30665 -5.92572 -0.055738 0.334016 -6.98304 
4 -1 0.0147136 0.0147136 68.8487 -4.48076 6.42582 6.43897 0.344001 -12.6099 4.05532 -0.002194 0.214265 -6.30481 -4.47963 6.40626 6.26866 3.9409 -7.33363 -5.93192 -0.056053 0.328747 -6.99947 
4 -1 0.0138489 0.0138489 69.0877 -4.48422 6.43052 6.44417 0.347065 -12.6299 4.05851 -0.00355 0.21576 -6.31636 -4.4836 6.41304 6.27213 3.94374 -7.35639 -5.94366 -0.055265 0.320231 -7.01353 
4 -1 0.013152 0.013152 69.2571 -4.48659 6.43356 6.4482 0.351663 -12.6571 4.06084 -0.004881 0.217909 -6.33263 -4.48679 6.41889 6.27408 3.94579 -7.38199 -5.9572 -0.054214 0.311204 -7.02965 
4 -1 0.0126878 0.0126878 69.3278 -4.48698 6.43397 6.45015 0.355138 -12.7033 4.06174 -0.006127 0.219243 -6.36249 -4.48867 6.42368 6.27325 3.94661 -7.41261 -5.97378 -0.054078 0.301161 -7.0491 
4 -1 0.0124467 0.0124467 69.2849 -4.48705 6.43517 6.44966 0.350768 -12.7474 4.06178 -0.005929 0.216358 -6.39375 -4.48954 6.4276 6.27103 3.94692 -7.43708 -5.99863 -0.053376 0.286756 -7.06485 
4 -1 0.0123247 0.0123247 69.0942 -4.48757 6.43656 6.44995 0.347153 -12.7483 4.06236 -0.005707 0.214239 -6.3944 -4.4903 6.43104 6.27031 3.94798 -7.4422 -6.03466 -0.049762 0.265876 -7.06915 
4 -1 0.0122717 0.0122717 68.9003 -4.48779 6.4373 6.44964 0.344686 -12.7591 4.06243 -0.00523 0.212808 -6.40208 -4.49054 6.43329 6.26838 3.94798 -7.45401 -6.06039 -0.048099 0.251443 -7.07734 
4 -1 0.0122124 0.0122124 68.7074 -4.48807 6.43782 6.44978 0.343991 -12.7636 4.0626 -0.005041 0.212421 -6.40533 -4.4909 6.43523 6.26712 3.94809 -7.4621 -6.08279 -0.045896 0.239105 -7.08327 
4 -1 0.0121458 0.0121458 68.5202 -4.4884 6.43829 6.45007 0.343948 -12.7679 4.06279 -0.00494 0.212419 -6.40838 -4.49131 6.43687 6.26607 3.94806 -7.47054 -6.10127 -0.043719 0.229241 -7.08939 
4 -1 0.0120187 0.0120187 68.3499 -4.48905 6.43923 6.45061 0.343443 -12.7752 4.06318 -0.004764 0.212184 -6.41355 -4.49209 6.43856 6.2654 3.94795 -7.48133 -6.1162 -0.041543 0.221651 -7.09684 
4 -1 0.0115258 0.0115258 68.2734 -4.49175 6.44348 6.45261 0.337314 -12.8005 4.06495 -0.003903 0.208955 -6.43102 -4.49468 6.44235 6.26575 3.94819 -7.50575 -6.12747 -0.040072 0.216122 -7.11221 
4 -1 0.0107033 0.0107033 68.3698 -4.49639 6.45055 6.4565 0.326062 -12.8314 4.0681 -0.003477 0.203007 -6.45088 -4.49866 6.44815 6.26728 3.94922 -7.53743 -6.13377 -0.039941 0.212614 -7.13127 
4 -1 0.00983595 0.00983595 68.5346 -4.50099 6.45754 6.46088 0.315895 -12.8571 4.07122 -0.004459 0.197755 -6.46647 -4.50268 6.45412 6.26902 3.95042 -7.56843 -6.1373 -0.040328 0.210224 -7.14963 
4 -1 0.00894982 0.00894982 68.7191 -4.50543 6.46434 6.46531 0.308601 -12.8813 4.0741 -0.006386 0.194239 -6.48062 -4.50669 6.4601 6.27059 3.95153 -7.60039 -6.13935 -0.040885 0.2085 -7.16856 
4 -1 0.00805909 0.00805909 68.9136 -4.50981 6.47092 6.4696 0.305605 -12.9065 4.07672 -0.008893 0.193212 -6.49509 -4.51068 6.46603 6.27186 3.95249 -7.63356 -6.14036 -0.041466 0.207224 -7.18829 
4 -1 0.00717477 0.00717477 69.115 -4.5143 6.47722 6.47363 0.308088 -12.9357 4.07906 -0.011761 0.195171 -6.51163 -4.51458 6.47185 6.27275 3.95323 -7.66781 -6.14082 -0.041989 0.206129 -7.20879 
4 -1 0.00630516 0.00630516 69.3214 -4.51863 6.48261 6.47728 0.316581 -12.9716 4.08104 -0.014615 0.200021 -6.53176 -4.51836 6.47754 6.27316 3.95373 -7.70272 -6.14137 -0.042404 0.204876 -7.22986 
4 -1 0.00546038 0.00546038 69.5248 -4.52218 6.48672 6.47994 0.328408 -13.0146 4.08254 -0.017646 0.205948 -6.55597 -4.522 6.48313 6.27305 3.95395 -7.73763 -6.14274 -0.042656 0.203164 -7.25117 
4 -1 0.00464355 0.00464355 69.7245 -4.52485 6.49024 6.48106 0.337968 -13.0643 4.08333 -0.020063 0.210154 -6.58544 -4.52555 6.4887 6.27246 3.9539 -7.77176 -6.1453 -0.042654 0.200874 -7.27224 
4 -1 0.00385922 0.00385922 69.9212 -4.52668 6.4939 6.48025 0.340401 -13.1203 4.08298 -0.020397 0.210683 -6.62198 -4.52907 6.49427 6.27153 3.95367 -7.80412 -6.1489 -0.042432 0.198126 -7.2923 
4 -1 0.11 0.11 70.5 -4.10843 6.02749 3.0247 0.3617 -5.06449 2.01071 -0.081131 0.214423 -3.15693 -4.10837 4.86631 4.07455 2.07621 -3.15231 -2.55724 0.724659 -1.18715 -1.73982 
4 -1 0.103584 0.103584 73.0187 -4.13138 6.04596 3.37967 -0.492535 -7.7031 2.22206 -0.151997 -0.255818 -3.24995 -4.1333 4.95921 4.16775 2.16011 -3.14886 -3.87751 0.657901 1.17938 -4.57206 
4 -1 0.103123 0.103123 72.7497 -4.13046 6.03907 3.42819 -0.471982 -7.72863 2.2505 -0.140234 -0.250603 -3.26723 -4.13415 4.97427 4.20015 2.18558 -3.18176 -3.89112 0.645568 1.1805 -4.58661 
4 -1 0.10304 0.10304 72.7151 -4.13069 6.03869 3.43444 -0.472252 -7.73194 2.25389 -0.140203 -0.250881 -3.26939 -4.13438 4.97682 4.20668 2.19025 -3.18814 -3.89454 0.642638 1.18054 -4.58939 
4 -1 0.10292 0.10292 72.6827 -4.13105 6.0383 3.44196 -0.473835 -7.73606 2.25785 -0.140918 -0.251574 -3.27201 -4.13472 4.98133 4.2153 2.19693 -3.19568 -3.90069 0.638607 1.17985 -4.59246 
4 -1 0.102703 0.102703 72.674 -4.13175 6.03815 3.45201 -0.476369 -7.74163 2.26306 -0.142228 -0.252548 -3.27544 -4.13538 4.98838 4.22804 2.20686 -3.20525 -3.90976 0.633144 1.1787 -4.5962 
4 -1 0.102239 0.102239 72.7792 -4.13323 6.03889 3.46826 -0.47693 -7.75107 2.27153 -0.143028 -0.25254 -3.28091 -4.13686 4.99996 4.24743 2.22218 -3.21492 -3.92168 0.627298 1.17701 -4.59956 
4 -1 0.1016 0.1016 72.9965 -4.13546 6.04098 3.48919 -0.471529 -7.76369 2.28278 -0.141376 -0.249979 -3.28806 -4.13889 5.01275 4.26837 2.23885 -3.22161 -3.93133 0.623411 1.1758 -4.60145 
4 -1 0.100912 0.100912 73.223 -4.1387 6.04526 3.51963 -0.461422 -7.78377 2.30024 -0.137695 -0.245343 -3.29996 -4.14118 5.02624 4.29102 2.25696 -3.22956 -3.93938 0.620368 1.17494 -4.60421 
4 -1 0.100407 0.100407 73.2585 -4.14358 6.05598 3.57528 -0.447031 -7.82748 2.33611 -0.130012 -0.239678 -3.32732 -4.14334 5.03833 4.31504 2.27566 -3.24493 -3.94401 0.618054 1.17574 -4.61222 
4 -1 0.100074 0.100074 73.0853 -4.14473 6.05989 3.63727 -0.42351 -7.87568 2.37689 -0.117268 -0.231231 -3.35764 -4.14485 5.04787 4.33836 2.29337 -3.26778 -3.94547 0.614883 1.17856 -4.62457 
4 -1 0.0998364 0.0998364 72.7873 -4.14208 6.05359 3.68092 -0.393352 -7.90513 2.4052 -0.101393 -0.22121 -3.377 -4.14539 5.05412 4.35933 2.30863 -3.2937 -3.94518 0.610478 1.18293 -4.63833 
4 -1 0.0996366 0.0996366 72.464 -4.14041 6.04819 3.71468 -0.366087 -7.92652 2.42603 -0.087577 -0.211707 -3.39108 -4.14567 5.05937 4.37979 2.32312 -3.31987 -3.9462 0.605241 1.1872 -4.65231 
4 -1 0.0994062 0.0994062 72.1856 -4.14086 6.04645 3.73869 -0.348863 -7.94117 2.43979 -0.079127 -0.204895 -3.40047 -4.14629 5.06653 4.4017 2.33888 -3.34679 -3.95224 0.597689 1.18959 -4.66605 
4 -1 0.0990986 0.0990986 71.9783 -4.14201 6.04655 3.75203 -0.333235 -7.94818 2.44703 -0.071588 -0.198562 -3.40493 -4.14742 5.0759 4.42207 2.35447 -3.37178 -3.95994 0.589705 1.19062 -4.67816 
4 -1 0.0986892 0.0986892 71.8124 -4.1434 6.04747 3.75938 -0.303719 -7.95029 2.45102 -0.057382 -0.186591 -3.4064 -4.14877 5.0859 4.43882 2.36835 -3.39321 -3.96296 0.584141 1.19272 -4.68834 
4 -1 0.0981893 0.0981893 71.726 -4.14517 6.04866 3.76744 -0.272057 -7.9527 2.45535 -0.04202 -0.173729 -3.40819 -4.15033 5.09661 4.45529 2.38215 -3.41101 -3.96509 0.580003 1.19486 -4.69662 
4 -1 0.0975208 0.0975208 71.7852 -4.14737 6.05029 3.78379 -0.251923 -7.96202 2.46412 -0.032595 -0.165311 -3.41379 -4.1524 5.10963 4.47756 2.39956 -3.42546 -3.97189 0.575869 1.19569 -4.70308 
4 -1 0.0969406 0.0969406 71.9051 -4.14909 6.0517 3.80541 -0.245568 -7.97721 2.47585 -0.029932 -0.16238 -3.42244 -4.15416 5.12039 4.49944 2.4159 -3.4358 -3.97996 0.572795 1.19553 -4.70794 
4 -1 0.0964971 0.0964971 71.9659 -4.15085 6.05397 3.83756 -0.240174 -8.00282 2.4943 -0.027151 -0.160069 -3.43741 -4.15559 5.12867 4.52121 2.43156 -3.44728 -3.98521 0.5714 1.19633 -4.71456 
4 -1 0.0961976 0.0961976 71.8464 -4.15511 6.06362 3.89181 -0.214066 -8.05189 2.5292 -0.014888 -0.149464 -3.46811 -4.15694 5.13351 4.5404 2.44466 -3.46106 -3.98032 0.574612 1.20125 -4.72466 
4 -1 0.0959864 0.0959864 71.5679 -4.15643 6.06421 3.95006 -0.180799 -8.10005 2.56669 0.000209 -0.135552 -3.50013 -4.15785 5.13747 4.55914 2.45762 -3.48102 -3.97435 0.576526 1.20724 -4.73822 
4 -1 0.0957642 0.0957642 71.1983 -4.15572 6.05771 3.9951 -0.149923 -8.13269 2.59527 0.014413 -0.122053 -3.52358 -4.15843 5.14362 4.57942 2.47294 -3.5084 -3.97438 0.573406 1.21138 -4.75435 
4 -1 0.0955109 0.0955109 70.8799 -4.15586 6.05439 4.01481 -0.12095 -8.14473 2.60661 0.028082 -0.110501 -3.5327 -4.15936 5.1512 4.59642 2.48662 -3.53545 -3.97745 0.567502 1.21363 -4.76884 
4 -1 0.0952368 0.0952368 70.6088 -4.15633 6.05276 4.02207 -0.092432 -8.14695 2.61015 0.041399 -0.099259 -3.53517 -4.16036 5.15896 4.6095 2.49771 -3.55927 -3.98037 0.561328 1.21539 -4.78077 
4 -1 0.0948889 0.0948889 70.3627 -4.15684 6.05142 4.03157 -0.05884 -8.15165 2.61495 0.056653 -0.085767 -3.53878 -4.16146 5.16689 4.62263 2.5089 -3.58144 -3.98093 0.556862 1.21809 -4.79226 
4 -1 0.0944937 0.0944937 70.1644 -4.15799 6.05128 4.04645 -0.038032 -8.1615 2.62279 0.065801 -0.077096 -3.54495 -4.16269 5.17647 4.64099 2.5234 -3.60603 -3.98719 0.550014 1.21942 -4.80475 
4 -1 0.0940186 0.0940186 70.0738 -4.15982 6.05254 4.06121 -0.02827 -8.1715 2.63056 0.06976 -0.072763 -3.55082 -4.16417 5.18732 4.66273 2.53973 -3.62967 -3.99787 0.541411 1.21945 -4.81604 
4 -1 0.093412 0.093412 70.1408 -4.16225 6.05474 4.07857 -0.023252 -8.18393 2.63976 0.071053 -0.069988 -3.55781 -4.16622 5.19945 4.68527 2.55687 -3.64714 -4.00944 0.534595 1.21812 -4.824 
4 -1 0.0928036 0.0928036 70.302 -4.16474 6.05701 4.10298 -0.024953 -8.20319 2.65293 0.068943 -0.069613 -3.56857 -4.16826 5.21086 4.70924 2.57487 -3.66169 -4.0213 0.529075 1.21608 -4.83084 
4 -1 0.0922587 0.0922587 70.47 -4.16695 6.05915 4.14115 -0.029426 -8.2365 2.67462 0.064806 -0.06954 -3.58801 -4.17009 5.22133 4.73344 2.59308 -3.67542 -4.03247 0.524801 1.21387 -4.8379 
4 -1 0.0918475 0.0918475 70.5491 -4.17038 6.06852 4.22027 -0.024917 -8.3184 2.72696 0.064391 -0.063938 -3.64079 -4.17193 5.22984 4.75511 2.60956 -3.68773 -4.0369 0.524786 1.21392 -4.84616 
4 -1 0.0914665 0.0914665 70.5306 -4.16759 6.06056 4.29636 -0.007659 -8.39048 2.7757 0.070115 -0.054347 -3.68804 -4.17296 5.23602 4.77356 2.62403 -3.69981 -4.03839 0.525776 1.21517 -4.8547 
4 -1 0.0907046 0.0907046 70.2049 -4.16982 6.05932 4.32804 0.04537 -8.41513 2.79277 0.0915 -0.029427 -3.70386 -4.17551 5.2518 4.80091 2.64683 -3.74055 -4.04467 0.51612 1.21762 -4.87598 
4 -1 0.0904421 0.0904421 69.9125 -4.17088 6.05904 4.33346 0.062086 -8.41705 2.79521 0.098796 -0.021747 -3.70562 -4.17644 5.26025 4.81471 2.65816 -3.76785 -4.05373 0.506726 1.21728 -4.88947 
4 -1 0.0901649 0.0901649 69.6517 -4.17208 6.05903 4.34011 0.078808 -8.42045 2.79833 0.105913 -0.013833 -3.70814 -4.17748 5.26863 4.82891 2.66982 -3.79393 -4.06175 0.498749 1.21711 -4.90292 
4 -1 0.0898683 0.0898683 69.406 -4.17334 6.05889 4.34473 0.099039 -8.42149 2.80023 0.114822 -0.004403 -3.70947 -4.17866 5.27667 4.84316 2.68144 -3.82012 -4.06827 0.491296 1.21745 -4.91665 
4 -1 0.0895648 0.0895648 69.1611 -4.17469 6.05864 4.34754 0.119718 -8.42025 2.80103 0.124299 0.005036 -3.70968 -4.18 5.28448 4.8575 2.69301 -3.8471 -4.07457 0.483739 1.21772 -4.93087 
4 -1 0.089119 0.089119 68.9816 -4.17663 6.05871 4.35426 0.145432 -8.42229 2.80388 0.135837 0.01694 -3.71201 -4.18168 5.29343 4.87294 2.70558 -3.87167 -4.07906 0.477868 1.21867 -4.944 
4 -1 0.0883397 0.0883397 69.0817 -4.17899 6.06019 4.37741 0.161275 -8.44185 2.81615 0.1413 0.025494 -3.72357 -4.18419 5.30667 4.89733 2.72466 -3.89037 -4.08802 0.473453 1.21795 -4.95371 
4 -1 0.0877171 0.0877171 69.2626 -4.1803 6.06096 4.40563 0.163788 -8.46855 2.83157 0.140578 0.028277 -3.73865 -4.18606 5.31706 4.9188 2.74104 -3.90216 -4.09723 0.470472 1.21626 -4.95978 
4 -1 0.0871902 0.0871902 69.362 -4.18342 6.06538 4.46204 0.171213 -8.52873 2.86541 0.141476 0.034093 -3.77528 -4.18784 5.32561 4.94149 2.7577 -3.91803 -4.10299 0.468282 1.21639 -4.96924 
4 -1 0.086802 0.086802 69.3196 -4.18536 6.06592 4.55255 0.18495 -8.6275 2.92483 0.14345 0.04379 -3.84128 -4.18925 5.33016 4.962 2.77201 -3.935 -4.10274 0.468319 1.2194 -4.981 
4 -1 0.0861402 0.0861402 69.3846 -4.18762 6.06707 4.60423 0.188656 -8.68198 2.95583 0.141665 0.049452 -3.87539 -4.19127 5.34138 4.98708 2.79129 -3.95691 -4.11373 0.462158 1.21784 -4.99265 
4 -1 0.085588 0.085588 69.2822 -4.18959 6.06864 4.61956 0.196498 -8.69551 2.964 0.144133 0.053866 -3.88356 -4.19344 5.35348 5.00786 2.80788 -3.98491 -4.12689 0.45301 1.21543 -5.00692 
4 -1 0.0852077 0.0852077 69.0514 -4.19118 6.06849 4.62585 0.215471 -8.69809 2.96644 0.152035 0.062547 -3.88584 -4.19511 5.36219 5.023 2.82022 -4.01214 -4.13404 0.446196 1.21513 -5.02184 
4 -1 0.0849023 0.0849023 68.751 -4.19266 6.06719 4.6276 0.244179 -8.69493 2.96582 0.164128 0.075141 -3.8852 -4.19645 5.3688 5.03358 2.82925 -4.03752 -4.13636 0.441058 1.2166 -5.0362 
4 -1 0.0846545 0.0846545 68.4291 -4.19377 6.06591 4.62808 0.267833 -8.69099 2.96472 0.174025 0.08538 -3.88393 -4.19742 5.37506 5.04328 2.83756 -4.06366 -4.14088 0.434318 1.21737 -5.05046 
4 -1 0.0843992 0.0843992 68.1192 -4.19477 6.06498 4.63047 0.286706 -8.6898 2.96493 0.181695 0.093667 -3.88399 -4.19827 5.38197 5.05389 2.84665 -4.09028 -4.14799 0.426647 1.21721 -5.06477 
4 -1 0.0840511 0.0840511 67.8736 -4.19602 6.0645 4.63817 0.305789 -8.69494 2.96812 0.188755 0.102547 -3.88744 -4.19938 5.38998 5.06698 2.8577 -4.11632 -4.15512 0.419983 1.21702 -5.07912 
4 -1 0.0835602 0.0835602 67.7603 -4.19781 6.06499 4.65381 0.320282 -8.70918 2.97588 0.193122 0.110088 -3.89574 -4.20098 5.39961 5.08537 2.87231 -4.14236 -4.1642 0.41325 1.21604 -5.09329 
4 -1 0.0828844 0.0828844 67.841 -4.20008 6.06593 4.68153 0.330834 -8.73721 2.99061 0.194342 0.117072 -3.91179 -4.20325 5.41031 5.10794 2.88958 -4.16302 -4.17319 0.408611 1.21464 -5.10455 
4 -1 0.0823262 0.0823262 67.9385 -4.20163 6.06666 4.72751 0.340433 -8.7907 3.01766 0.19272 0.125526 -3.94445 -4.20524 5.41902 5.12836 2.90519 -4.1776 -4.17903 0.407501 1.21394 -5.11367 
4 -1 0.0819669 0.0819669 68.0614 -4.20237 6.06885 4.8032 0.340346 -8.88852 3.06894 0.186201 0.132433 -4.01028 -4.20658 5.42631 5.14264 2.91734 -4.18193 -4.18527 0.408808 1.21169 -5.11767 
4 -1 0.0814549 0.0814549 68.1516 -4.20402 6.06941 4.85385 0.346424 -8.95106 3.09935 0.185611 0.136905 -4.04884 -4.20835 5.43553 5.1606 2.93208 -4.19423 -4.19405 0.407348 1.20918 -5.1255 
4 -1 0.0808373 0.0808373 68.1783 -4.20682 6.07276 4.8751 0.350177 -8.97532 3.11105 0.185187 0.139637 -4.06243 -4.21086 5.44769 5.18036 2.94811 -4.21535 -4.20705 0.401669 1.20563 -5.13697 
4 -1 0.0802677 0.0802677 68.0457 -4.20893 6.07357 4.88439 0.370732 -8.98292 3.11522 0.191362 0.150259 -4.06709 -4.21308 5.45829 5.19604 2.96129 -4.24037 -4.21528 0.395658 1.20445 -5.1507 
4 -1 0.0799043 0.0799043 67.7399 -4.21002 6.07233 4.88641 0.398891 -8.98166 3.11502 0.20094 0.164406 -4.06711 -4.21437 5.46527 5.20626 2.97001 -4.26664 -4.21948 0.389657 1.20548 -5.16553 
4 -1 0.0796707 0.0796707 67.3721 -4.21072 6.0711 4.88684 0.419264 -8.97885 3.11418 0.208304 0.174599 -4.06616 -4.21513 5.47092 5.21557 2.97769 -4.29503 -4.22613 0.381967 1.20573 -5.18136 
4 -1 0.0794369 0.0794369 66.9972 -4.21143 6.06943 4.88747 0.444143 -8.97627 3.11322 0.217314 0.187333 -4.06551 -4.21603 5.47595 5.2242 2.98484 -4.32265 -4.23035 0.375868 1.20682 -5.19747 
4 -1 0.0791467 0.0791467 66.6415 -4.21246 6.06709 4.88917 0.478318 -8.9746 3.11236 0.229915 0.205184 -4.06587 -4.2172 5.4806 5.23249 2.99174 -4.3484 -4.23023 0.372352 1.20962 -5.21338 
4 -1 0.0787983 0.0787983 66.3506 -4.21388 6.06629 4.89678 0.499603 -8.98048 3.11533 0.237409 0.216778 -4.07019 -4.21863 5.48742 5.2458 3.0025 -4.37812 -4.23637 0.366786 1.20968 -5.23112 
4 -1 0.0783142 0.0783142 66.2217 -4.21556 6.06684 4.9111 0.509617 -8.99501 3.12259 0.23992 0.223022 -4.07894 -4.22053 5.49647 5.26413 3.01688 -4.40765 -4.24718 0.359892 1.20736 -5.24793 
4 -1 0.07762 0.07762 66.3742 -4.21747 6.06796 4.94081 0.507802 -9.02926 3.13907 0.236929 0.224078 -4.09865 -4.22278 5.50765 5.28678 3.03456 -4.43033 -4.26102 0.353048 1.20299 -5.25976 
4 -1 0.0770412 0.0770412 66.6719 -4.22082 6.07381 5.02847 0.49241 -9.15234 3.19617 0.224314 0.220801 -4.17734 -4.22483 5.51939 5.31033 3.05391 -4.4473 -4.27857 0.346798 1.19554 -5.26877 
4 -1 0.0765101 0.0765101 66.997 -4.2212 6.07693 5.09225 0.466234 -9.24513 3.23704 0.206025 0.213298 -4.23412 -4.2267 5.5309 5.32906 3.07023 -4.45848 -4.29735 0.340841 1.18674 -5.27394 
4 -1 0.0756439 0.0756439 67.2809 -4.22525 6.08365 5.11552 0.458495 -9.27514 3.25079 0.199877 0.211131 -4.2508 -4.22996 5.54575 5.35055 3.08791 -4.47698 -4.31388 0.333595 1.18029 -5.28234 
4 -1 0.0748721 0.0748721 67.3722 -4.22833 6.08578 5.12715 0.479942 -9.28703 3.25639 0.205539 0.223698 -4.25816 -4.23271 5.55642 5.36612 3.10056 -4.49323 -4.31882 0.33055 1.17975 -5.29114 
4 -1 0.0742994 0.0742994 67.2326 -4.23043 6.08564 5.13405 0.506905 -9.29202 3.25885 0.214334 0.238919 -4.26209 -4.23483 5.56492 5.37877 3.11113 -4.51558 -4.32315 0.326935 1.17996 -5.30437 
4 -1 0.0739586 0.0739586 66.9372 -4.2317 6.08549 5.14015 0.519976 -9.29689 3.26136 0.218563 0.246365 -4.26548 -4.23629 5.57243 5.39126 3.12167 -4.54551 -4.33378 0.320484 1.1775 -5.3221 
4 -1 0.0736877 0.0736877 66.6041 -4.23269 6.08463 5.14564 0.534632 -9.30103 3.26336 0.223554 0.254613 -4.26859 -4.23755 5.57872 5.40215 3.13086 -4.57543 -4.34283 0.314445 1.17568 -5.34011 
4 -1 0.0734207 0.0734207 66.2461 -4.23382 6.08282 5.14917 0.557477 -9.30147 3.26371 0.231988 0.266995 -4.2701 -4.23865 5.58414 5.41047 3.13816 -4.60345 -4.34849 0.309087 1.17549 -5.35713 
4 -1 0.0731738 0.0731738 65.8938 -4.23495 6.08127 5.15302 0.576539 -9.30251 3.26439 0.239023 0.277099 -4.27173 -4.23947 5.58959 5.41853 3.14536 -4.63157 -4.35588 0.302601 1.17469 -5.37377 
4 -1 0.0729152 0.0729152 65.563 -4.23593 6.08009 5.15981 0.590508 -9.30837 3.26696 0.243612 0.284685 -4.27572 -4.2402 5.59558 5.42798 3.15362 -4.66068 -4.36591 0.295218 1.17283 -5.3908 
4 -1 0.0724711 0.0724711 65.3745 -4.23699 6.07837 5.17675 0.60742 -9.32906 3.27495 0.247216 0.294895 -4.28799 -4.24165 5.60326 5.44169 3.16499 -4.68873 -4.37516 0.28932 1.17097 -5.40744 
4 -1 0.0716728 0.0716728 65.7252 -4.24008 6.08109 5.26585 0.607397 -9.46893 3.33111 0.235931 0.300772 -4.37681 -4.24451 5.61851 5.46674 3.18696 -4.707 -4.39434 0.2847 1.16174 -5.41799 
4 -1 0.11 0.11 70.5 -4.10842 6.02749 3.0247 0.3617 -5.06449 2.01071 -0.0811309 0.214423 -3.15693 -4.10837 4.86631 4.07455 2.07621 -3.15231 -2.55724 0.724659 -1.18716 -1.73982 
4 -1 0.103411 0.103411 72.9099 -4.1306 6.04265 3.39899 -0.480061 -7.71304 2.23388 -0.145045 -0.252399 -3.25685 -4.13358 4.96405 4.17897 2.16891 -3.16076 -3.88003 0.654423 1.18063 -4.57754 
4 -1 0.102436 0.102436 72.7287 -4.13259 6.03844 3.46182 -0.477877 -7.74737 2.26815 -0.143281 -0.252983 -3.27879 -4.13622 4.9956 4.23966 2.2162 -3.21117 -3.91774 0.629341 1.17738 -4.59822 
4 -1 0.102105 0.102105 72.8162 -4.13368 6.03926 3.47243 -0.476319 -7.75347 2.27374 -0.142875 -0.252243 -3.28227 -4.13729 5.00267 4.25236 2.22595 -3.21726 -3.924 0.626 1.17684 -4.60038 
4 -1 0.101579 0.101579 72.9932 -4.13554 6.04111 3.48965 -0.470521 -7.76385 2.28304 -0.140865 -0.249629 -3.28814 -4.13896 5.0129 4.2692 2.23935 -3.22262 -3.93108 0.623184 1.17608 -4.60194 
4 -1 0.100891 0.100891 73.2113 -4.13882 6.04549 3.52028 -0.459507 -7.78405 2.30067 -0.136707 -0.244688 -3.30012 -4.14126 5.02623 4.29205 2.2575 -3.23114 -3.93866 0.620177 1.17547 -4.60506 
4 -1 0.100406 0.100406 73.2629 -4.14359 6.05599 3.57555 -0.447145 -7.82773 2.33628 -0.13008 -0.239706 -3.32747 -4.14334 5.03855 4.315 2.27576 -3.24472 -3.9443 0.618053 1.17557 -4.61207 
4 -1 0.10007 0.10007 73.0837 -4.1447 6.05979 3.63802 -0.42342 -7.87623 2.37736 -0.117234 -0.231185 -3.358 -4.14486 5.04836 4.33859 2.29374 -3.26796 -3.94606 0.614685 1.17832 -4.62457 
4 -1 0.0998326 0.0998326 72.7827 -4.14203 6.05343 3.68156 -0.393196 -7.90554 2.40559 -0.101315 -0.221161 -3.37729 -4.14539 5.05449 4.35962 2.30898 -3.29402 -3.94567 0.610263 1.18277 -4.63844 
4 -1 0.0996329 0.0996329 72.455 -4.1404 6.04814 3.71521 -0.365177 -7.92684 2.42636 -0.0871232 -0.211367 -3.39128 -4.14568 5.05942 4.38034 2.32345 -3.32065 -3.94605 0.605132 1.18741 -4.65274 
4 -1 0.0994005 0.0994005 72.1769 -4.14088 6.04646 3.73899 -0.347961 -7.94132 2.43997 -0.0786829 -0.204543 -3.40056 -4.14631 5.06662 4.40228 2.33924 -3.34764 -3.95213 0.597548 1.18978 -4.66652 
4 -1 0.0990906 0.0990906 71.9735 -4.14204 6.04657 3.75229 -0.332564 -7.9483 2.44717 -0.0712638 -0.19829 -3.405 -4.14745 5.07612 4.42258 2.35487 -3.37243 -3.96002 0.58954 1.19069 -4.67848 
4 -1 0.098678 0.098678 71.8084 -4.14344 6.04749 3.7595 -0.302713 -7.95029 2.45108 -0.0569017 -0.186179 -3.4064 -4.14881 5.0862 4.43913 2.36866 -3.39363 -3.96301 0.584067 1.19275 -4.68854 
4 -1 0.0981724 0.0981724 71.7279 -4.14522 6.04869 3.76781 -0.271648 -7.9529 2.45554 -0.0418482 -0.173542 -3.40832 -4.15039 5.0971 4.4557 2.38259 -3.4112 -3.96552 0.579864 1.19473 -4.69666 
4 -1 0.0975019 0.0975019 71.7946 -4.14742 6.05033 3.78441 -0.25216 -7.96249 2.46444 -0.0327604 -0.165368 -3.41405 -4.15245 5.11012 4.478 2.40001 -3.42532 -3.97245 0.575788 1.19548 -4.70294 
4 -1 0.0969246 0.0969246 71.9037 -4.14914 6.05174 3.80619 -0.245043 -7.97773 2.47629 -0.0296549 -0.162178 -3.42275 -4.15421 5.12058 4.50032 2.41645 -3.4366 -3.97993 0.572662 1.1957 -4.70838 
4 -1 0.0964847 0.0964847 71.9623 -4.15094 6.05415 3.83903 -0.239423 -8.00405 2.4952 -0.0267514 -0.159779 -3.43816 -4.15564 5.12879 4.52205 2.43208 -3.44805 -3.985 0.571403 1.19656 -4.71504 
4 -1 0.0961889 0.0961889 71.8304 -4.15526 6.06392 3.89398 -0.211677 -8.05372 2.5306 -0.0137682 -0.148507 -3.46931 -4.15699 5.13338 4.54127 2.4451 -3.46229 -3.9794 0.574812 1.20185 -4.72551 
4 -1 0.0959826 0.0959826 71.5573 -4.15642 6.06406 3.95142 -0.179823 -8.10107 2.56756 0.000655089 -0.135127 -3.50085 -4.15786 5.13757 4.55972 2.45802 -3.48177 -3.9742 0.576526 1.20743 -4.7387 
4 -1 0.0957578 0.0957578 71.1916 -4.1557 6.05754 3.99619 -0.1496 -8.1335 2.59592 0.0145566 -0.121907 -3.52413 -4.15845 5.14405 4.57991 2.47346 -3.50898 -3.97491 0.573171 1.21122 -4.75462 
4 -1 0.0955028 0.0955028 70.8789 -4.15587 6.05432 4.01536 -0.121254 -8.14512 2.6069 0.027933 -0.110611 -3.53296 -4.15939 5.15186 4.59676 2.48714 -3.53579 -3.97847 0.567095 1.2132 -4.76887 
4 -1 0.095221 0.095221 70.6117 -4.15637 6.05272 4.02309 -0.0928967 -8.14776 2.61071 0.0411597 -0.0994212 -3.53566 -4.16041 5.15981 4.60989 2.49836 -3.55934 -3.98163 0.560929 1.21483 -4.78062 
4 -1 0.0948694 0.0948694 70.3699 -4.15692 6.05144 4.03278 -0.0597298 -8.15263 2.6156 0.0561976 -0.0860884 -3.53936 -4.16151 5.16787 4.6231 2.50964 -3.58135 -3.9824 0.556456 1.21744 -4.79201 
4 -1 0.0944708 0.0944708 70.1751 -4.15811 6.05139 4.04767 -0.0397742 -8.16251 2.62345 0.0649651 -0.0777737 -3.54551 -4.16275 5.17753 4.64175 2.52431 -3.60609 -3.98902 0.549424 1.21868 -4.80454 
4 -1 0.0939866 0.0939866 70.0953 -4.15999 6.05272 4.0624 -0.030497 -8.17248 2.63119 0.0686939 -0.0736403 -3.55135 -4.16427 5.18854 4.66354 2.5407 -3.62935 -3.99996 0.540802 1.21855 -4.81557 
4 -1 0.0933747 0.0933747 70.1759 -4.16244 6.05496 4.08023 -0.0265735 -8.18536 2.64064 0.0694684 -0.0713051 -3.55857 -4.16634 5.20085 4.68613 2.55797 -3.64626 -4.01196 0.534011 1.21694 -4.82319 
4 -1 0.0927704 0.0927704 70.3449 -4.16487 6.05718 4.10509 -0.0294648 -8.20511 2.65408 0.0667931 -0.0713927 -3.5696 -4.16836 5.21232 4.71005 2.576 -3.66046 -4.02428 0.528417 1.21462 -4.82979 
4 -1 0.0922255 0.0922255 70.4899 -4.16714 6.05952 4.14532 -0.0316116 -8.24052 2.67714 0.0635917 -0.0702334 -3.59044 -4.17021 5.22231 4.73499 2.59441 -3.67581 -4.03411 0.524307 1.21323 -4.83798 
4 -1 0.0918241 0.0918241 70.5608 -4.17033 6.06852 4.22711 -0.026091 -8.32534 2.73154 0.0636009 -0.0640338 -3.64534 -4.17202 5.23058 4.75628 2.61064 -3.68782 -4.03796 0.524676 1.21346 -4.84623 
4 -1 0.0914331 0.0914331 70.5431 -4.16765 6.06037 4.30104 -0.00834341 -8.39488 2.77844 0.0696414 -0.0544904 -3.69074 -4.17304 5.23698 4.77485 2.6253 -3.70007 -4.03977 0.52548 1.21459 -4.85478 
4 -1 0.0906872 0.0906872 70.2103 -4.1699 6.05939 4.32895 0.0437556 -8.41594 2.79326 0.0907395 -0.0301015 -3.70432 -4.17557 5.25286 4.80146 2.64764 -3.74077 -4.04661 0.515406 1.21676 -4.87582 
4 -1 0.0904286 0.0904286 69.9182 -4.17095 6.05913 4.3343 0.0603976 -8.41785 2.79567 0.0979916 -0.0224601 -3.70605 -4.17649 5.26117 4.81524 2.65889 -3.76803 -4.05546 0.506133 1.21651 -4.88935 
4 -1 0.0901504 0.0901504 69.6578 -4.17214 6.05911 4.3408 0.0774221 -8.4211 2.7987 0.105234 -0.0144148 -3.70848 -4.17753 5.2695 4.82941 2.67052 -3.79408 -4.0633 0.498238 1.21642 -4.9028 
4 -1 0.0898561 0.0898561 69.4053 -4.17339 6.05892 4.34502 0.0987703 -8.42171 2.80037 0.114674 -0.0045054 -3.70959 -4.17871 5.27722 4.84361 2.68195 -3.82062 -4.06912 0.490923 1.21711 -4.91681 
4 -1 0.0895549 0.0895549 69.1548 -4.17474 6.05864 4.34764 0.120364 -8.42023 2.80106 0.124597 0.00533103 -3.7097 -4.18004 5.28471 4.85791 2.69334 -3.84783 -4.07473 0.483538 1.21773 -4.93125 
4 -1 0.0891039 0.0891039 68.975 -4.1767 6.0587 4.35452 0.146637 -8.42237 2.80399 0.13639 0.0174867 -3.71211 -4.18173 5.29356 4.87348 2.70593 -3.87254 -4.07886 0.477776 1.21889 -4.94451 
4 -1 0.0883189 0.0883189 69.0803 -4.17905 6.06019 4.37805 0.162186 -8.44236 2.81648 0.141687 0.0259268 -3.72389 -4.18426 5.30685 4.89809 2.72514 -3.8912 -4.08789 0.473375 1.21816 -4.9542 
4 -1 0.0876997 0.0876997 69.2636 -4.18034 6.06095 4.40664 0.164159 -8.46949 2.83212 0.140703 0.0284912 -3.7392 -4.18611 5.31727 4.91951 2.74152 -3.9028 -4.0973 0.470375 1.21633 -4.96015 
4 -1 0.0871774 0.0871774 69.3617 -4.18366 6.06587 4.46486 0.171583 -8.53201 2.86726 0.141494 0.0343537 -3.7774 -4.1879 5.32581 4.94217 2.75818 -3.91861 -4.10306 0.468227 1.21644 -4.96961 
4 -1 0.0867929 0.0867929 69.3276 -4.18537 6.06588 4.55441 0.184179 -8.62954 2.92604 0.143021 0.0435738 -3.84259 -4.18927 5.33043 4.96235 2.77237 -3.93489 -4.10326 0.468249 1.21915 -4.98091 
4 -1 0.0861182 0.0861182 69.3946 -4.18767 6.06721 4.60514 0.187767 -8.683 2.95636 0.141202 0.0491221 -3.87594 -4.19135 5.34203 4.98771 2.79194 -3.95719 -4.11478 0.461783 1.21738 -4.99267 
4 -1 0.085575 0.085575 69.2932 -4.1896 6.06876 4.62005 0.195057 -8.69613 2.96431 0.143452 0.0532664 -3.88386 -4.19349 5.35412 5.00824 2.80839 -3.98487 -4.12815 0.452638 1.2148 -5.00675 
4 -1 0.085197 0.085197 69.0533 -4.19121 6.06852 4.62607 0.215249 -8.69829 2.96656 0.151916 0.0624695 -3.88595 -4.19515 5.36261 5.0233 2.82059 -4.0124 -4.1347 0.445963 1.21482 -5.0219 
4 -1 0.0848949 0.0848949 68.751 -4.19268 6.06722 4.6277 0.243972 -8.69499 2.96587 0.164033 0.075058 -3.88523 -4.19648 5.36912 5.03376 2.82951 -4.03773 -4.1369 0.440849 1.21636 -5.03626 
4 -1 0.0846479 0.0846479 68.428 -4.19379 6.06594 4.62819 0.267571 -8.69107 2.96478 0.173915 0.0852691 -3.88397 -4.19744 5.37535 5.04348 2.83781 -4.06394 -4.14141 0.434084 1.21715 -5.05055 
4 -1 0.0843906 0.0843906 68.1198 -4.1948 6.06503 4.6307 0.28635 -8.69002 2.96506 0.181536 0.0935221 -3.8841 -4.1983 5.38234 5.05415 2.84697 -4.09052 -4.14864 0.426404 1.21693 -5.06483 
4 -1 0.0840403 0.0840403 67.8762 -4.19606 6.06456 4.63858 0.305428 -8.69537 2.96834 0.18858 0.102411 -3.88767 -4.19942 5.39036 5.06733 2.85808 -4.11656 -4.15575 0.419773 1.21674 -5.07919 
4 -1 0.0835451 0.0835451 67.766 -4.19786 6.06506 4.65438 0.320019 -8.70978 2.97619 0.192965 0.110011 -3.89606 -4.20103 5.39999 5.08583 2.87275 -4.14257 -4.16475 0.413083 1.2158 -5.09336 
4 -1 0.0828678 0.0828678 67.8533 -4.20011 6.06599 4.68253 0.33018 -8.73834 2.99118 0.193972 0.11686 -3.91241 -4.20331 5.41075 5.10845 2.89008 -4.16298 -4.17389 0.408476 1.21429 -5.10446 
4 -1 0.0823145 0.0823145 67.9508 -4.20168 6.06688 4.72955 0.339642 -8.79339 3.01901 0.192167 0.125347 -3.94616 -4.20529 5.41944 5.12877 2.90564 -4.17739 -4.1797 0.407448 1.21358 -5.11352 
4 -1 0.0819581 0.0819581 68.0706 -4.20236 6.06877 4.80516 0.33978 -8.89096 3.07023 0.185857 0.132271 -4.01187 -4.2066 5.42661 5.14292 2.91768 -4.18168 -4.1858 0.4088 1.21139 -5.11752 
4 -1 0.0814322 0.0814322 68.1541 -4.20413 6.06955 4.85495 0.346547 -8.95239 3.09997 0.185571 0.137005 -4.04959 -4.20844 5.43596 5.16133 2.93267 -4.19488 -4.19451 0.407184 1.20906 -5.12586 
4 -1 0.0808178 0.0808178 68.1766 -4.2069 6.07283 4.87556 0.350461 -8.97579 3.1113 0.185246 0.139798 -4.0627 -4.21094 5.44804 5.18095 2.94858 -4.21612 -4.20739 0.401472 1.20556 -5.13738 
4 -1 0.0802521 0.0802521 68.0386 -4.20898 6.07356 4.88456 0.371586 -8.98299 3.11527 0.191638 0.150692 -4.06715 -4.21314 5.45858 5.19644 2.96164 -4.24114 -4.21546 0.395479 1.20445 -5.15113 
4 -1 0.0798933 0.0798933 67.7347 -4.21006 6.07236 4.88654 0.399043 -8.98172 3.11507 0.200987 0.164485 -4.06715 -4.2144 5.46561 5.20659 2.97035 -4.26731 -4.22001 0.389352 1.20529 -5.16584 
4 -1 0.0796587 0.0796587 67.371 -4.21078 6.0712 4.88709 0.418646 -8.97905 3.11433 0.208067 0.174292 -4.06626 -4.21516 5.47144 5.21593 2.97814 -4.29556 -4.22715 0.38154 1.20527 -5.18155 
4 -1 0.0794201 0.0794201 67.0015 -4.21151 6.06955 4.88785 0.443445 -8.97664 3.11344 0.217007 0.187004 -4.06569 -4.21609 5.47665 5.22455 2.9854 -4.3229 -4.23159 0.375485 1.20618 -5.19748 
4 -1 0.0791304 0.0791304 66.6462 -4.21252 6.0672 4.8896 0.477751 -8.97507 3.11261 0.229626 0.204933 -4.06611 -4.21726 5.48126 5.23287 2.99229 -4.34865 -4.23134 0.37205 1.20905 -5.21342 
4 -1 0.0787776 0.0787776 66.3602 -4.21395 6.06652 4.89765 0.498084 -8.98156 3.11587 0.236683 0.216067 -4.07072 -4.21871 5.48827 5.24659 3.00336 -4.37871 -4.23798 0.366312 1.20888 -5.23131 
4 -1 0.0782838 0.0782838 66.2408 -4.21565 6.06707 4.91216 0.508192 -8.99628 3.12324 0.239229 0.222369 -4.07958 -4.22063 5.49733 5.26499 3.01777 -4.40793 -4.24865 0.359472 1.20661 -5.24791 
4 -1 0.0775864 0.0775864 66.3969 -4.21757 6.06809 4.9432 0.506208 -9.03224 3.14049 0.236186 0.223394 -4.10033 -4.22287 5.50841 5.28793 3.03558 -4.4308 -4.26234 0.352636 1.20235 -5.25988 
4 -1 0.0770197 0.0770197 66.7068 -4.22052 6.07356 5.03535 0.489307 -9.16239 3.20092 0.222378 0.219595 -4.1839 -4.2249 5.52028 5.31126 3.05496 -4.44687 -4.28052 0.346441 1.19441 -5.26838 
4 -1 0.0764642 0.0764642 67.0422 -4.22144 6.07771 5.09463 0.462367 -9.24868 3.23861 0.204264 0.211484 -4.23603 -4.22687 5.53227 5.33029 3.07155 -4.45835 -4.29987 0.340197 1.18537 -5.27353 
4 -1 0.0756059 0.0756059 67.3148 -4.22543 6.08406 5.11648 0.456562 -9.27641 3.25141 0.199069 0.210165 -4.25146 -4.2301 5.54679 5.35126 3.08876 -4.47648 -4.31558 0.333249 1.17932 -5.2818 
4 -1 0.0748426 0.0748426 67.4002 -4.22845 6.08606 5.12783 0.478517 -9.28793 3.25683 0.20492 0.222982 -4.25861 -4.2328 5.55736 5.36655 3.10125 -4.49249 -4.32038 0.330338 1.17882 -5.29052 
4 -1 0.074279 0.074279 67.2494 -4.2305 6.08589 5.13459 0.505188 -9.29277 3.25923 0.213609 0.23803 -4.26243 -4.23491 5.56583 5.37921 3.11183 -4.51537 -4.32495 0.326568 1.17895 -5.30407 
4 -1 0.0739436 0.0739436 66.9489 -4.23174 6.08575 5.14075 0.51793 -9.29777 3.26179 0.217713 0.245298 -4.26587 -4.23635 5.57319 5.39179 3.12236 -4.54573 -4.33551 0.320049 1.17657 -5.32206 
4 -1 0.0736726 0.0736726 66.6131 -4.23272 6.08481 5.14609 0.533324 -9.30165 3.26367 0.222993 0.253945 -4.26887 -4.2376 5.5794 5.40254 3.13143 -4.57558 -4.34424 0.314087 1.17491 -5.34006 
4 -1 0.0734068 0.0734068 66.2566 -4.23385 6.08299 5.14953 0.556147 -9.30199 3.26398 0.231419 0.266329 -4.27033 -4.2387 5.58484 5.41076 3.13869 -4.60339 -4.34997 0.308717 1.17466 -5.35693 
4 -1 0.0731633 0.0731633 65.9028 -4.23495 6.08144 5.15336 0.575094 -9.30306 3.26466 0.238408 0.276393 -4.27197 -4.23949 5.59031 5.41878 3.14589 -4.63145 -4.35751 0.302211 1.1738 -5.37353 
4 -1 0.0729008 0.0729008 65.5763 -4.23592 6.08026 5.16043 0.588852 -9.30935 3.2674 0.242871 0.28392 -4.27619 -4.24024 5.59639 5.42837 3.15427 -4.66049 -4.36773 0.294828 1.17183 -5.39051 
4 -1 0.0724375 0.0724375 65.4038 -4.23698 6.07845 5.17856 0.606043 -9.33177 3.27604 0.246344 0.294434 -4.28946 -4.24175 5.60428 5.44256 3.16601 -4.68843 -4.37697 0.289029 1.16993 -5.40709 
4 -1 0.0716482 0.0716482 65.7848 -4.2402 6.08146 5.27217 0.602926 -9.47929 3.33557 0.234145 0.298729 -4.38365 -4.24459 5.61981 5.46755 3.18817 -4.70506 -4.39708 0.284597 1.15998 -5.41667 
4 -1 0.0711112 0.0711112 66.1026 -4.24337 6.08737 5.31487 0.590015 -9.54957 3.36322 0.223749 0.296701 -4.42774 -4.24677 5.63052 5.48191 3.20131 -4.7096 -4.41005 0.283211 1.15296 -5.41898 
4 -1 0.0702878 0.0702878 66.3775 -4.24677 6.09287 5.33429 0.59022 -9.57827 3.37463 0.22039 0.299112 -4.4443 -4.25023 5.64383 5.49928 3.21617 -4.72341 -4.42204 0.279913 1.14727 -5.42593 
4 -1 0.0695924 0.0695924 66.5233 -4.24921 6.09751 5.34668 0.583747 -9.59492 3.38219 0.216339 0.296845 -4.45337 -4.25304 5.65569 5.51649 3.2305 -4.74593 -4.43811 0.272754 1.14036 -5.43743 
4 -1 0.0690197 0.0690197 66.6264 -4.25089 6.10162 5.35884 0.572023 -9.61241 3.38988 0.210515 0.291513 -4.46259 -4.25519 5.66616 5.53307 3.24418 -4.76994 -4.45551 0.265028 1.13302 -5.44988 
4 -1 0.068447 0.068447 66.6 -4.25278 6.10343 5.36971 0.575486 -9.62555 3.39564 0.210264 0.294224 -4.47014 -4.2572 5.67604 5.54753 3.25655 -4.79599 -4.4695 0.257913 1.12764 -5.46417 
4 -1 0.0680064 0.0680064 66.4044 -4.25444 6.10316 5.3777 0.590366 -9.63335 3.39885 0.214382 0.302856 -4.47518 -4.25857 5.68387 5.558 3.26602 -4.82244 -4.48026 0.251256 1.12446 -5.47943 
4 -1 0.0676938 0.0676938 66.0984 -4.25593 6.10163 5.38272 0.612079 -9.63626 3.3998 0.221154 0.314647 -4.47761 -4.25962 5.68975 5.56461 3.27261 -4.84743 -4.48705 0.246189 1.12321 -5.49465 
4 -1 0.0674582 0.0674582 65.7428 -4.25727 6.10008 5.38539 0.632514 -9.6356 3.3995 0.227745 0.325172 -4.47789 -4.26057 5.69474 5.56949 3.27785 -4.87224 -4.49352 0.241395 1.12197 -5.51006 
4 -1 0.0672201 0.0672201 65.3966 -4.25852 6.09854 5.38924 0.651949 -9.63734 3.39994 0.233483 0.335116 -4.47939 -4.26166 5.69967 5.57498 3.28345 -4.89754 -4.50009 0.237138 1.12058 -5.5261 
4 -1 0.0669098 0.0669098 65.126 -4.25955 6.09707 5.40003 0.667621 -9.65153 3.40452 0.236295 0.343919 -4.48765 -4.26297 5.7059 5.58389 3.29169 -4.92523 -4.50901 0.232614 1.11793 -5.54348 
4 -1 0.0664207 0.0664207 65.1606 -4.25898 6.09655 5.45517 0.660793 -9.75108 3.43915 0.222251 0.34582 -4.54932 -4.26487 5.71732 5.60427 3.30952 -4.96041 -4.53137 0.224156 1.10762 -5.56432 
4 -1 0.0659432 0.0659432 65.5271 -4.26355 6.10578 5.51452 0.629139 -9.86355 3.48017 0.207509 0.333576 -4.6229 -4.26689 5.73052 5.62062 3.32566 -4.97418 -4.55701 0.217628 1.09314 -5.57114 
4 -1 0.0650983 0.0650983 65.7767 -4.26742 6.11371 5.53529 0.615717 -9.89908 3.49336 0.200766 0.32832 -4.64317 -4.27016 5.74463 5.63983 3.34181 -4.99968 -4.57736 0.208613 1.08368 -5.58377 
4 -1 0.0643217 0.0643217 66.0295 -4.27031 6.11924 5.54846 0.608549 -9.91951 3.50152 0.196678 0.325731 -4.65448 -4.27317 5.75611 5.65541 3.35471 -5.01785 -4.59154 0.202834 1.0768 -5.59261 
4 -1 0.0634703 0.0634703 66.313 -4.27343 6.12315 5.56133 0.613148 -9.93741 3.50857 0.196017 0.32942 -4.66473 -4.27644 5.76713 5.67053 3.3672 -5.03294 -4.60064 0.199691 1.07207 -5.60027 
4 -1 0.0626896 0.0626896 66.5006 -4.27638 6.12489 5.57322 0.628965 -9.95261 3.51404 0.198818 0.33892 -4.6737 -4.27928 5.77665 5.68393 3.37836 -5.04861 -4.60624 0.19738 1.06958 -5.60899 
4 -1 0.0621098 0.0621098 66.4828 -4.27826 6.12602 5.58558 0.637532 -9.97109 3.52019 0.199046 0.344575 -4.68404 -4.2813 5.78516 5.69767 3.38992 -5.07491 -4.61816 0.192206 1.06484 -5.62438 
4 -1 0.0617482 0.0617482 66.3408 -4.27862 6.12597 5.60261 0.63617 -10.0022 3.52969 0.194418 0.345603 -4.70118 -4.28266 5.79256 5.71177 3.40174 -5.10919 -4.63504 0.185326 1.0578 -5.64484 
4 -1 0.0614312 0.0614312 66.2047 -4.27855 6.12488 5.63311 0.637886 -10.0648 3.54807 0.186747 0.348927 -4.73896 -4.28379 5.79995 5.72486 3.41337 -5.14308 -4.65261 0.177903 1.05006 -5.6654 
4 -1 0.061166 0.061166 66.1637 -4.28042 6.12781 5.67487 0.625231 -10.1555 3.57689 0.1826 0.34264 -4.80062 -4.28481 5.81003 5.73398 3.42436 -5.16549 -4.67694 0.170968 1.03729 -5.67893 
4 -1 0.0609092 0.0609092 65.8797 -4.28234 6.12939 5.68988 0.628211 -10.185 3.58596 0.18079 0.34603 -4.82018 -4.28575 5.81752 5.74006 3.43181 -5.19206 -4.6928 0.164587 1.0306 -5.69543 
4 -1 0.0606638 0.0606638 65.5737 -4.28394 6.12978 5.69568 0.640102 -10.1934 3.58848 0.182121 0.353486 -4.82607 -4.28665 5.82319 5.74451 3.43714 -5.21644 -4.7026 0.159572 1.02729 -5.71069 
4 -1 0.0603147 0.0603147 65.3272 -4.28587 6.13011 5.7009 0.655995 -10.199 3.59028 0.184463 0.362945 -4.83027 -4.28816 5.82924 5.74969 3.4427 -5.23878 -4.7102 0.155924 1.02474 -5.72489 
4 -1 0.0594971 0.0594971 65.4476 -4.29002 6.13445 5.71593 0.668326 -10.2241 3.59816 0.184772 0.371028 -4.84563 -4.29181 5.8402 5.76294 3.454 -5.26002 -4.71848 0.153144 1.02062 -5.73747 
4 -1 0.0586766 0.0586766 65.7165 -4.29351 6.14105 5.72963 0.658943 -10.2484 3.60682 0.180767 0.367073 -4.85907 -4.2955 5.85226 5.7782 3.46683 -5.2799 -4.73353 0.149051 1.0123 -5.74795 
4 -1 0.0580317 0.0580317 65.8767 -4.2959 6.14632 5.73963 0.647087 -10.2658 3.61345 0.17656 0.36151 -4.8684 -4.29819 5.86224 5.79174 3.47826 -5.30246 -4.75018 0.143616 1.00365 -5.76004 
4 -1 0.0574191 0.0574191 66.0257 -4.29794 6.1505 5.75051 0.639236 -10.2858 3.62025 0.172995 0.358132 -4.87925 -4.30022 5.87074 5.80599 3.4897 -5.32813 -4.76559 0.136706 0.99635 -5.77381 
4 -1 0.0568001 0.0568001 66.1865 -4.29952 6.15392 5.7641 0.630509 -10.3124 3.62857 0.168 0.35461 -4.89374 -4.30244 5.87968 5.82071 3.50172 -5.3555 -4.78163 0.130488 0.988221 -5.78875 
4 -1 0.0560988 0.0560988 66.3256 -4.30138 6.15444 5.78331 0.640237 -10.35 3.63868 0.165298 0.361737 -4.91488 -4.30468 5.88787 5.83568 3.51372 -5.38402 -4.79252 0.124727 0.983089 -5.8051 
4 -1 0.055443 0.055443 66.5244 -4.30231 6.15385 5.82018 0.653306 -10.4392 3.66106 0.15916 0.370828 -4.97088 -4.30695 5.89703 5.84985 3.52629 -5.40996 -4.80471 0.120411 0.976173 -5.82091 
4 -1 0.0549828 0.0549828 66.7627 -4.30606 6.15863 5.85945 0.644201 -10.5388 3.68743 0.15472 0.367915 -5.03831 -4.30886 5.90743 5.85966 3.53743 -5.42547 -4.82248 0.117069 0.965172 -5.83064 
4 -1 0.0546243 0.0546243 66.4619 -4.30863 6.16177 5.8706 0.647032 -10.5636 3.69373 0.152368 0.370897 -5.05367 -4.31061 5.9161 5.86647 3.54553 -5.45835 -4.84074 0.111146 0.956566 -5.85138 
4 -1 0.0544249 0.0544249 66.1739 -4.30966 6.16438 5.87571 0.638579 -10.5751 3.69725 0.149815 0.366495 -5.06007 -4.31185 5.92296 5.87139 3.55159 -5.48595 -4.86032 0.105613 0.947134 -5.86851 
4 -1 0.0542258 0.0542258 65.8638 -4.31053 6.16593 5.87825 0.635363 -10.5783 3.69886 0.148868 0.364763 -5.06176 -4.31296 5.92915 5.87494 3.5565 -5.51078 -4.87742 0.100768 0.939191 -5.88412 
4 -1 0.0539775 0.0539775 65.5767 -4.31169 6.16699 5.8805 0.638334 -10.5793 3.69985 0.149224 0.366553 -5.06238 -4.31405 5.93503 5.87834 3.56108 -5.534 -4.89134 0.0963334 0.933115 -5.89874 
4 -1 0.0535737 0.0535737 65.42 -4.31354 6.16933 5.88499 0.63997 -10.585 3.70229 0.148945 0.367839 -5.06572 -4.31555 5.94202 5.88459 3.56743 -5.55872 -4.90528 0.0908421 0.926953 -5.91347 
4 -1 0.0528408 0.0528408 65.509 -4.31687 6.17323 5.89352 0.646697 -10.5977 3.70674 0.148951 0.372514 -5.07326 -4.31836 5.95066 5.89558 3.57646 -5.58325 -4.91437 0.0859689 0.922668 -5.92737 
4 -1 0.051936 0.051936 65.7548 -4.3208 6.17758 5.90388 0.656242 -10.6132 3.71202 0.14925 0.378814 -5.08236 -4.3221 5.95995 5.90798 3.58618 -5.60241 -4.91984 0.0834315 0.919249 -5.93803 
4 -1 0.051065 0.051065 66.046 -4.32419 6.18236 5.91545 0.657567 -10.6341 3.71859 0.14761 0.380523 -5.09405 -4.32579 5.96946 5.92138 3.59678 -5.62287 -4.92833 0.0811437 0.913833 -5.94931 
4 -1 0.0503444 0.0503444 66.239 -4.32661 6.18584 5.92781 0.657511 -10.66 3.72561 0.144987 0.381562 -5.10829 -4.3286 5.97763 5.93501 3.60752 -5.6504 -4.93944 0.0772036 0.90767 -5.96502 
4 -1 0.0498253 0.0498253 66.3398 -4.32727 6.1863 5.94745 0.657382 -10.7123 3.73692 0.138208 0.38316 -5.1373 -4.33018 5.98362 5.94954 3.61873 -5.68692 -4.95383 0.0710192 0.900551 -5.98658 
4 -1 0.0494477 0.0494477 66.8038 -4.32785 6.18875 6.00013 0.635623 -10.8837 3.77329 0.12792 0.371445 -5.24942 -4.33152 5.993 5.96406 3.63251 -5.71449 -4.97946 0.0653377 0.884099 -6.00303 
4 -1 0.0487361 0.0487361 66.9639 -4.33195 6.19852 6.02012 0.609109 -10.9447 3.78701 0.116714 0.35855 -5.28596 -4.33463 6.00661 5.97671 3.64542 -5.74655 -5.00824 0.0583655 0.867869 -6.0217 
4 -1 0.0482022 0.0482022 66.7756 -4.33447 6.20106 6.0245 0.617052 -10.9484 3.78905 0.117314 0.363796 -5.28834 -4.33672 6.01482 5.98173 3.65158 -5.77057 -5.02265 0.0541077 0.860899 -6.03677 
4 -1 0.047877 0.047877 66.4946 -4.33615 6.20136 6.02614 0.630886 -10.9447 3.78898 0.119683 0.37214 -5.28663 -4.3381 6.02005 5.9835 3.65479 -5.78938 -5.03163 0.0516759 0.85709 -6.04935 
4 -1 0.0476315 0.0476315 66.1893 -4.3375 6.20109 6.02718 0.644967 -10.9402 3.78849 0.121979 0.380434 -5.28448 -4.3391 6.0244 5.98455 3.65735 -5.8087 -5.03934 0.0492509 0.85417 -6.06227 
4 -1 0.0474092 0.0474092 65.8699 -4.33864 6.20108 6.02819 0.655248 -10.9366 3.78824 0.123543 0.386395 -5.28268 -4.34008 6.02886 5.98585 3.66014 -5.82999 -5.04962 0.0463705 0.849838 -6.07634 
4 -1 0.0471438 0.0471438 65.5934 -4.3399 6.20209 6.03022 0.660011 -10.9368 3.78902 0.123952 0.389249 -5.28291 -4.34146 6.03414 5.98852 3.66386 -5.85225 -5.0629 0.0436941 0.843615 -6.09095 
4 -1 0.046693 0.046693 65.4884 -4.34181 6.20613 6.03567 0.651432 -10.9483 3.79282 0.121544 0.384829 -5.28915 -4.34379 6.04179 5.99531 3.67048 -5.87801 -5.08094 0.0404826 0.834203 -6.10676 
4 -1 0.0460975 0.0460975 65.5678 -4.34402 6.21218 6.04321 0.633495 -10.967 3.79855 0.116784 0.375215 -5.2992 -4.34654 6.05051 6.00522 3.6791 -5.9046 -5.10009 0.0366511 0.823631 -6.12196 
4 -1 0.0454641 0.0454641 65.667 -4.34661 6.21691 6.05124 0.628389 -10.9854 3.80362 0.113969 0.373058 -5.30948 -4.34867 6.05737 6.01567 3.68735 -5.93231 -5.113 0.0313101 0.817077 -6.13769 
4 -1 0.0447343 0.0447343 65.8082 -4.34972 6.22003 6.06199 0.637654 -11.0096 3.80907 0.11318 0.379551 -5.32342 -4.35113 6.06382 6.02714 3.69591 -5.96242 -5.11947 0.0265021 0.813945 -6.15515 
4 -1 0.0439041 0.0439041 66.0555 -4.35242 6.22253 6.07655 0.644625 -11.0469 3.81694 0.109945 0.384733 -5.34447 -4.35444 6.07188 6.03944 3.70542 -5.98902 -5.12635 0.0243797 0.80959 -6.17057 
4 -1 0.0431101 0.0431101 66.2763 -4.35426 6.2224 6.09669 0.659436 -11.1085 3.82811 0.102854 0.394387 -5.38015 -4.35754 6.07958 6.05134 3.71487 -6.01972 -5.13391 0.0215503 0.804593 -6.18922 
4 -1 0.0424203 0.0424203 66.7975 -4.35696 6.22619 6.1331 0.65769 -11.2533 3.85276 0.102079 0.393172 -5.47735 -4.36022 6.08874 6.0635 3.72604 -6.04079 -5.14862 0.0191227 0.793563 -6.20242 
4 -1 0.0417829 0.0417829 66.8989 -4.36094 6.23369 6.14602 0.642448 -11.2972 3.86148 0.0960454 0.385832 -5.50415 -4.36329 6.09935 6.07233 3.73525 -6.06905 -5.17029 0.0157478 0.780914 -6.21975 
4 -1 0.0414917 0.0414917 66.7739 -4.36201 6.23817 6.15053 0.620723 -11.3131 3.86548 0.0915094 0.37302 -5.51278 -4.36477 6.10714 6.07645 3.74106 -6.09372 -5.19655 0.0118965 0.766498 -6.23471 
4 -1 0.0412972 0.0412972 66.5602 -4.3626 6.2411 6.15298 0.60404 -11.3206 3.86788 0.0880307 0.362629 -5.51654 -4.36563 6.11352 6.07852 3.74531 -6.11637 -5.22081 0.00799178 0.753566 -6.24869 
4 -1 0.0411112 0.0411112 66.2763 -4.36331 6.24285 6.15459 0.59701 -11.3225 3.86918 0.0865663 0.358068 -5.51735 -4.36629 6.11892 6.07943 3.74848 -6.13761 -5.24155 0.00416934 0.742961 -6.26227 
4 -1 0.0408989 0.0408989 65.965 -4.36428 6.24367 6.15587 0.600406 -11.321 3.86967 0.0872193 0.360186 -5.5165 -4.36712 6.12348 6.07996 3.75088 -6.15735 -5.25713 0.00125019 0.735461 -6.27543 
4 -1 0.0406308 0.0406308 65.6897 -4.36561 6.24434 6.15743 0.610008 -11.3192 3.87 0.0887878 0.366361 -5.5157 -4.36825 6.12777 6.08103 3.75321 -6.17685 -5.26798 -0.000857357 0.73067 -6.28856 
4 -1 0.0401822 0.0401822 65.5356 -4.36785 6.24607 6.1606 0.622644 -11.3208 3.87115 0.0900747 0.374672 -5.51694 -4.37016 6.13278 6.08453 3.7567 -6.19886 -5.27459 -0.00284188 0.727989 -6.30277 
4 -1 0.0394359 0.0394359 65.5888 -4.3715 6.2497 6.16671 0.636305 -11.3284 3.87389 0.0904424 0.383932 -5.52173 -4.37335 6.13926 6.09184 3.76227 -6.22332 -5.27716 -0.0047946 0.726761 -6.31771 
4 -1 0.0386159 0.0386159 65.7302 -4.37538 6.25419 6.17421 0.645197 -11.341 3.87762 0.0896652 0.390315 -5.52921 -4.37696 6.14632 6.10065 3.76881 -6.248 -5.28158 -0.00645985 0.72385 -6.33253 
4 -1 0.037863 0.037863 65.9907 -4.37825 6.26114 6.18367 0.629972 -11.3728 3.88443 0.0839428 0.382134 -5.54693 -4.38044 6.15466 6.11167 3.77758 -6.27631 -5.29724 -0.00773137 0.71395 -6.34873 
4 -1 0.0373465 0.0373465 66.2101 -4.37933 6.26482 6.1937 0.61243 -11.4125 3.89169 0.0763069 0.371399 -5.56948 -4.38246 6.16131 6.12133 3.7857 -6.30644 -5.31571 -0.0103105 0.702796 -6.36599 
4 -1 0.0367541 0.0367541 66.2451 -4.3812 6.2624 6.21842 0.641463 -11.5274 3.9053 0.0662297 0.389876 -5.63908 -4.38388 6.16588 6.13131 3.79361 -6.36264 -5.3283 -0.0191105 0.69578 -6.40108 
4 -1 0.0354129 0.0354129 67.1292 -4.38707 6.27296 6.25029 0.603224 -11.6718 3.92678 0.0668611 0.365628 -5.73367 -4.3896 6.18515 6.14703 3.80977 -6.39094 -5.36488 -0.0208541 0.670082 -6.41655 
4 -1 0.0346963 0.0346963 67.0819 -4.39016 6.2773 6.25504 0.609129 -11.6784 3.92956 0.066377 0.369922 -5.73769 -4.3927 6.19423 6.15114 3.81524 -6.41331 -5.38173 -0.0224335 0.660306 -6.43103 
4 -1 0.0343751 0.0343751 66.8552 -4.39161 6.27875 6.25684 0.615725 -11.6777 3.93037 0.0672029 0.374216 -5.73732 -4.39419 6.19936 6.15203 3.81775 -6.43166 -5.3961 -0.0237127 0.652804 -6.44349 
4 -1 0.0341472 0.0341472 66.5971 -4.39266 6.27978 6.25824 0.620908 -11.6778 3.93098 0.0676174 0.377613 -5.73746 -4.3952 6.20378 6.1523 3.81985 -6.45198 -5.41013 -0.0253505 0.645814 -6.45709 
4 -1 0.0339927 0.0339927 66.3412 -4.39334 6.2811 6.25976 0.617995 -11.6814 3.93198 0.0664732 0.375883 -5.73944 -4.39591 6.20824 6.15248 3.82214 -6.47305 -5.42854 -0.0271144 0.636191 -6.47096 
4 -1 0.0338741 0.0338741 66.1339 -4.39375 6.28327 6.26159 0.604596 -11.6895 3.93367 0.0629784 0.367426 -5.74381 -4.39665 6.21286 6.15317 3.82473 -6.4913 -5.45089 -0.0279736 0.623978 -6.48293 
4 -1 0.0336168 0.0336168 66.0953 -4.39472 6.28836 6.26434 0.578675 -11.7053 3.93717 0.0560837 0.350505 -5.75222 -4.3981 6.2184 6.15622 3.82853 -6.5084 -5.47322 -0.0284022 0.61121 -6.49342 
4 -1 0.0330436 0.0330436 66.3521 -4.39773 6.29809 6.26916 0.534924 -11.7261 3.94367 0.0475249 0.320565 -5.76364 -4.40068 6.22605 6.1632 3.83485 -6.52727 -5.49499 -0.0299114 0.59745 -6.50342 
4 -1 0.032309 0.032309 66.593 -4.40171 6.30557 6.27553 0.514329 -11.7414 3.94888 0.0445547 0.306537 -5.77268 -4.40342 6.23323 6.1709 3.8412 -6.55272 -5.51003 -0.033347 0.587913 -6.51763 
4 -1 0.03137 0.03137 66.7144 -4.40524 6.30951 6.28225 0.540641 -11.7587 3.952 0.0461194 0.324335 -5.78306 -4.40689 6.23942 6.17896 3.84689 -6.58991 -5.51115 -0.0373333 0.587542 -6.54029 
4 -1 0.0305957 0.0305957 66.771 -4.40801 6.31059 6.28889 0.574084 -11.776 3.95396 0.0478044 0.348257 -5.7937 -4.40995 6.24445 6.18494 3.85107 -6.62279 -5.5089 -0.0402234 0.589177 -6.56067 
4 -1 0.0298299 0.0298299 66.8383 -4.41124 6.31035 6.29816 0.607152 -11.8021 3.95663 0.0471822 0.372032 -5.80931 -4.41309 6.24977 6.19079 3.85535 -6.65568 -5.50837 -0.042786 0.589415 -6.58117 
4 -1 0.0290807 0.0290807 66.9245 -4.41415 6.3096 6.30969 0.633324 -11.8482 3.96153 0.041619 0.389598 -5.83629 -4.41637 6.25602 6.19655 3.86008 -6.68921 -5.51414 -0.0446241 0.585396 -6.60228 
4 -1 0.0283626 0.0283626 67.4816 -4.41942 6.31581 6.33369 0.609456 -12.0155 3.97704 0.045015 0.372202 -5.94537 -4.42016 6.26556 6.20532 3.86838 -6.71768 -5.53657 -0.0414049 0.568674 -6.61953 
4 -1 0.028011 0.028011 67.7735 -4.41872 6.32324 6.3384 0.540004 -12.0658 3.98452 0.0273752 0.327687 -5.97501 -4.4216 6.27207 6.20972 3.87367 -6.73317 -5.5636 -0.0421792 0.551225 -6.62804 
4 -1 0.0278526 0.0278526 67.7872 -4.42073 6.33161 6.33924 0.4865 -12.0754 3.9887 0.0218621 0.293152 -5.98128 -4.4221 6.27771 6.21063 3.87703 -6.74685 -5.59326 -0.0442475 0.533295 -6.63606 
4 -1 0.0277769 0.0277769 67.6098 -4.42187 6.33548 6.34002 0.453667 -12.0732 3.99047 0.0208138 0.27321 -5.98095 -4.42231 6.28241 6.20994 3.87918 -6.76114 -5.62234 -0.0460731 0.516569 -6.64531 
4 -1 0.0276746 0.0276746 67.3692 -4.42258 6.33726 6.34078 0.439615 -12.0703 3.99134 0.0206912 0.264952 -5.97967 -4.42265 6.28645 6.2089 3.88067 -6.77553 -5.64586 -0.0472626 0.503544 -6.6551 
4 -1 0.0275203 0.0275203 67.1321 -4.42331 6.3384 6.34179 0.436919 -12.0692 3.99201 0.0206351 0.263376 -5.97912 -4.42334 6.29012 6.20818 3.88188 -6.78882 -5.66405 -0.0474999 0.493789 -6.66442 
4 -1 0.0272232 0.0272232 66.9573 -4.42464 6.34012 6.34375 0.439847 -12.0716 3.99314 0.0205633 0.265013 -5.98041 -4.42479 6.29413 6.20888 3.88345 -6.80387 -5.67795 -0.047309 0.486469 -6.67464 
4 -1 0.0265029 0.0265029 66.9621 -4.42787 6.34433 6.34859 0.449101 -12.0813 3.99591 0.020557 0.270192 -5.98586 -4.42817 6.30019 6.21302 3.88664 -6.82724 -5.68555 -0.0476244 0.482239 -6.68922 
4 -1 0.0256383 0.0256383 67.0733 -4.43159 6.34889 6.35434 0.466433 -12.0952 3.99899 0.0208018 0.280091 -5.99355 -4.43199 6.30653 6.21815 3.89031 -6.8552 -5.68675 -0.0486643 0.481444 -6.70618 
4 -1 0.0249001 0.0249001 67.1479 -4.4345 6.35222 6.35901 0.489619 -12.1104 4.00121 0.0214645 0.29374 -6.00184 -4.43502 6.31183 6.22216 3.89336 -6.88724 -5.68649 -0.050637 0.481878 -6.72564 
4 -1 0.0242328 0.0242328 67.2041 -4.43704 6.35524 6.36305 0.513095 -12.1275 4.00304 0.022167 0.308147 -6.01148 -4.43768 6.31663 6.22581 3.89629 -6.92272 -5.68768 -0.0528545 0.481531 -6.74732 
4 -1 0.0234986 0.0234986 67.358 -4.44063 6.36013 6.36958 0.512813 -12.1541 4.00683 0.0218052 0.307674 -6.02716 -4.44099 6.32241 6.2314 3.90057 -6.96067 -5.6972 -0.0539094 0.475081 -6.77046 
4 -1 0.0228105 0.0228105 67.7774 -4.44442 6.36764 6.38091 0.443679 -12.2302 4.01554 0.0206258 0.267891 -6.07012 -4.44478 6.3295 6.23925 3.90672 -6.99052 -5.72127 -0.0516379 0.458231 -6.78783 
4 -1 0.0222404 0.0222404 68.0806 -4.44373 6.36839 6.39006 0.402837 -12.3348 4.02141 0.0100101 0.246201 -6.13684 -4.44654 6.3343 6.24349 3.91052 -7.01859 -5.739 -0.0549828 0.446284 -6.80495 
4 -1 0.0214302 0.0214302 68.3124 -4.44773 6.37451 6.39694 0.392443 -12.3894 4.02619 0.00635522 0.240056 -6.17656 -4.44986 6.34178 6.24744 3.91453 -7.04637 -5.75535 -0.0572826 0.435296 -6.82212 
4 -1 0.020759 0.020759 68.4586 -4.45145 6.38016 6.40127 0.390919 -12.4068 4.02917 0.00575334 0.239183 -6.18872 -4.45271 6.34878 6.24977 3.91768 -7.06901 -5.76812 -0.0582902 0.426973 -6.83586 
4 -1 0.0202747 0.0202747 68.471 -4.45396 6.38384 6.40433 0.390828 -12.4144 4.03118 0.00549242 0.239166 -6.19386 -4.45482 6.35475 6.25085 3.92016 -7.08692 -5.78504 -0.0578695 0.41675 -6.84729 
4 -1 0.0200615 0.0200615 68.3159 -4.45494 6.38533 6.40571 0.388858 -12.4149 4.03209 0.00560966 0.238029 -6.1942 -4.45573 6.35896 6.24998 3.9215 -7.10126 -5.80594 -0.0571225 0.404821 -6.85706 
4 -1 0.0199494 0.0199494 68.1074 -4.45534 6.38602 6.40643 0.385974 -12.4128 4.0326 0.00587085 0.236345 -6.19287 -4.45625 6.36217 6.24881 3.92234 -7.11306 -5.82706 -0.0561761 0.393026 -6.86544 
4 -1 0.0198447 0.0198447 67.9008 -4.45575 6.38667 6.40711 0.384315 -12.4116 4.03306 0.00601409 0.235372 -6.19205 -4.45679 6.36493 6.24781 3.92297 -7.12455 -5.84572 -0.0550878 0.382811 -6.87362 
4 -1 0.0196715 0.0196715 67.7248 -4.45662 6.3879 6.40823 0.385036 -12.4137 4.03375 0.00586606 0.235795 -6.19346 -4.4577 6.36767 6.24746 3.92361 -7.13783 -5.86037 -0.0538726 0.375056 -6.88274 
4 -1 0.0191852 0.0191852 67.6603 -4.4592 6.3916 6.41129 0.387144 -12.4226 4.03572 0.00538867 0.237065 -6.19933 -4.46021 6.37192 6.24929 3.92509 -7.15972 -5.87103 -0.0529487 0.369275 -6.89667 
4 -1 0.0184326 0.0184326 67.7513 -4.46308 6.39763 6.41594 0.383373 -12.436 4.039 0.00516626 0.234995 -6.20788 -4.46409 6.37789 6.25331 3.92784 -7.1878 -5.88361 -0.0521324 0.361348 -6.91386 
4 -1 0.0177373 0.0177373 67.9064 -4.46689 6.40415 6.42013 0.372871 -12.4618 4.04243 0.00473419 0.229295 -6.22314 -4.46753 6.38373 6.25686 3.93067 -7.21748 -5.89685 -0.0514997 0.353142 -6.93142 
4 -1 0.0171185 0.0171185 68.1049 -4.47027 6.41052 6.42402 0.352187 -12.5027 4.04576 0.00300166 0.218473 -6.24592 -4.47002 6.38901 6.25942 3.93322 -7.24752 -5.9105 -0.0525689 0.344864 -6.94846 
4 -1 0.0164212 0.0164212 68.3338 -4.47355 6.41602 6.42855 0.337075 -12.5488 4.04898 0.00125525 0.21051 -6.27104 -4.47257 6.39406 6.26214 3.93559 -7.28034 -5.92111 -0.0545493 0.33797 -6.96736 
4 -1 0.0155051 0.0155051 68.5989 -4.47751 6.4215 6.43416 0.339626 -12.587 4.05242 -0.000639492 0.211965 -6.29198 -4.47622 6.4004 6.2655 3.93833 -7.31232 -5.92647 -0.0559249 0.333444 -6.98657 
4 -1 0.0145658 0.0145658 68.872 -4.48136 6.4266 6.43987 0.344831 -12.6139 4.05585 -0.00246146 0.214689 -6.30707 -4.48029 6.40737 6.26908 3.94127 -7.33842 -5.93341 -0.0560484 0.327707 -7.00248 
4 -1 0.0137268 0.0137268 69.0983 -4.48467 6.43113 6.44489 0.347748 -12.6336 4.05894 -0.00376276 0.216087 -6.31852 -4.48417 6.41401 6.27241 3.94401 -7.36107 -5.94581 -0.0551372 0.318863 -7.01652 
4 -1 0.01306 0.01306 69.2554 -4.48679 6.43377 6.44869 0.352661 -12.6636 4.06109 -0.00511554 0.218367 -6.33661 -4.48719 6.41971 6.27396 3.94589 -7.38769 -5.95953 -0.0541672 0.309849 -7.03332 
4 -1 0.012638 0.012638 69.3064 -4.4869 6.43394 6.45018 0.355065 -12.7121 4.06174 -0.00622192 0.219105 -6.36852 -4.48885 6.42431 6.27272 3.94652 -7.41833 -5.97688 -0.0541593 0.299478 -7.05281 
4 -1 0.0124213 0.0124213 69.2376 -4.48715 6.43549 6.44959 0.349716 -12.7506 4.06184 -0.00581522 0.215737 -6.39602 -4.48967 6.42823 6.27059 3.94693 -7.44009 -6.00457 -0.052945 0.28344 -7.06695 
4 -1 0.0123175 0.0123175 69.0455 -4.4876 6.43665 6.44991 0.34685 -12.7497 4.06237 -0.00565189 0.214058 -6.39539 -4.49034 6.43132 6.26985 3.94785 -7.44468 -6.03794 -0.0495872 0.264165 -7.07089 
4 -1 0.0122649 0.0122649 68.8529 -4.48782 6.43737 6.44964 0.344525 -12.7599 4.06245 -0.00519342 0.212715 -6.40264 -4.49059 6.43353 6.26805 3.94788 -7.45591 -6.06343 -0.0478587 0.249884 -7.07871 
4 -1 0.012206 0.012206 68.6612 -4.4881 6.43788 6.44979 0.343901 -12.7645 4.06262 -0.00500951 0.212371 -6.40596 -4.49094 6.43542 6.26677 3.94795 -7.4642 -6.08523 -0.0457091 0.237913 -7.08476 
4 -1 0.0121372 0.0121372 68.4752 -4.48845 6.43835 6.45009 0.343897 -12.7688 4.06281 -0.00491661 0.212393 -6.40898 -4.49137 6.43703 6.26575 3.94791 -7.47267 -6.10333 -0.0435132 0.228299 -7.09089 
4 -1 0.0119916 0.0119916 68.3067 -4.4892 6.43947 6.4507 0.343113 -12.7772 4.06327 -0.0046981 0.212009 -6.41495 -4.49224 6.43881 6.26512 3.94779 -7.4844 -6.11789 -0.0413689 0.220959 -7.09891 
4 -1 0.0114435 0.0114435 68.2483 -4.49223 6.44422 6.45296 0.336069 -12.8045 4.06527 -0.00378661 0.208294 -6.43364 -4.4951 6.44294 6.26561 3.9481 -7.5106 -6.12864 -0.0400589 0.215671 -7.11529 
4 -1 0.0106129 0.0106129 68.3562 -4.49689 6.45131 6.45694 0.324815 -12.8345 4.06844 -0.00352866 0.202351 -6.45283 -4.49909 6.44878 6.26719 3.94917 -7.54213 -6.1345 -0.0400188 0.212339 -7.1342 
4 -1 0.00974693 0.00974693 68.5199 -4.50145 6.45825 6.46132 0.314943 -12.8599 4.07151 -0.00464684 0.197278 -6.4681 -4.50309 6.45472 6.26888 3.95034 -7.57322 -6.13785 -0.0404377 0.210046 -7.15263 
4 -1 0.00885949 0.00885949 68.706 -4.50588 6.46503 6.46574 0.308074 -12.8841 4.07436 -0.00665369 0.194015 -6.48221 -4.5071 6.4607 6.27042 3.95144 -7.60531 -6.13977 -0.0409997 0.208378 -7.17164 
4 -1 0.00796907 0.00796907 68.9013 -4.51026 6.47158 6.47 0.305655 -12.9096 4.07695 -0.00921849 0.193313 -6.49685 -4.51108 6.46662 6.27165 3.95237 -7.63862 -6.14069 -0.0415764 0.207135 -7.19147 
4 -1 0.00708682 0.00708682 69.1027 -4.51477 6.47782 6.474 0.308831 -12.9395 4.07925 -0.0121032 0.19563 -6.51376 -4.51497 6.47242 6.27247 3.95308 -7.67298 -6.14114 -0.0420875 0.206035 -7.21205 
4 -1 0.00621928 0.00621928 69.3095 -4.51903 6.48304 6.47757 0.317942 -12.9763 4.08118 -0.0149519 0.200737 -6.53437 -4.51873 6.47809 6.27283 3.95355 -7.70792 -6.14175 -0.0424865 0.204738 -7.23315 
4 -1 0.00537738 0.00537738 69.5126 -4.52248 6.48706 6.48007 0.329779 -13.02 4.08262 -0.0180019 0.206592 -6.5591 -4.52235 6.48368 6.27265 3.95373 -7.74278 -6.14325 -0.0427117 0.202957 -7.25446 
4 -1 0.00456518 0.00456518 69.7106 -4.52502 6.49053 6.48097 0.338718 -13.0705 4.08329 -0.020228 0.21044 -6.58933 -4.5259 6.48925 6.27201 3.95365 -7.77676 -6.14596 -0.0426812 0.200606 -7.27547 
4 -1 0.00378443 0.00378443 69.9068 -4.52686 6.49437 6.47996 0.340095 -13.127 4.08283 -0.0202264 0.210467 -6.62658 -4.52942 6.49482 6.27104 3.9534 -7.80885 -6.14965 -0.0424424 0.19782 -7.29535 
4 -1 0.00297146 0.00297146 70.1523 -4.53025 6.50058 6.47916 0.3325 -13.1806 4.08278 -0.0171924 0.206352 -6.66423 -4.53318 6.50074 6.27048 3.95347 -7.83844 -6.15385 -0.0420682 0.194608 -7.31329 
4 -1 0.00210565 0.00210565 70.5012 -4.53476 6.50709 6.48113 0.321119 -13.2189 4.08457 -0.0146154 0.20037 -6.69007 -4.53709 6.50717 6.2708 3.95427 -7.8641 -6.1587 -0.0413216 0.190601 -7.32828 
3 -1 0.00169754 0.00169754 70.7734 -4.53698 6.51023 6.48225 0.314301 -13.2356 4.08554 -0.0141067 0.196687 -6.70078 -4.53858 6.51111 6.26981 3.95486 -7.87767 -6.17145 -0.0383252 0.182281 -7.3362 
4 -1 0.00204774 0.00204774 70.7051 -4.53519 6.50891 6.47823 0.290163 -13.2492 4.08421 -0.0108833 0.182489 -6.70867 -4.53636 6.51085 6.26583 3.95428 -7.88209 -6.21356 -0.0327195 0.156889 -7.33931 
4 -1 0.00435349 0.00435349 70.0963 -4.52519 6.49949 6.46832 0.130055 -13.2049 4.08124 -0.0175305 0.0762604 -6.67924 -4.52558 6.49626 6.26381 3.95329 -7.8192 -6.26652 -0.0284916 0.124948 -7.30218 
4 -1 0.00478501 0.00478501 69.9747 -4.52238 6.49831 6.46602 0.101408 -13.18 4.081 -0.0127883 0.0587297 -6.66328 -4.52357 6.49375 6.26332 3.95321 -7.80587 -6.27529 -0.0279754 0.119854 -7.29427 
4 -1 0.00530423 0.00530423 69.8495 -4.51983 6.49399 6.46843 0.0651333 -13.1362 4.08161 -0.00463439 0.037695 -6.63346 -4.52109 6.49078 6.26352 3.95365 -7.78595 -6.28991 -0.0267395 0.111106 -7.28219 
4 -1 0.00574897 0.00574897 69.7152 -4.52013 6.49143 6.47478 0.0283629 -13.0704 4.08408 -0.000150542 0.0156634 -6.5887 -4.51922 6.48852 6.26546 3.95505 -7.75962 -6.32223 -0.0235541 0.0912652 -7.26586 
4 -1 0.00588207 0.00588207 69.5717 -4.52101 6.49247 6.47826 0.012334 -13.0178 4.08614 -0.000141876 0.00602031 -6.55734 -4.51937 6.48856 6.26801 3.95653 -7.7402 -6.36909 -0.0184228 0.0627672 -7.25396 
4 -1 0.00590088 0.00590088 69.4875 -4.521 6.4926 6.47882 0.00837829 -13.0064 4.08654 -0.000119039 0.0038232 -6.55095 -4.51949 6.48874 6.26861 3.95683 -7.73572 -6.39421 -0.0161142 0.04796 -7.25137 
4 -1 0.005866 0.005866 69.3268 -4.52113 6.49295 6.47982 0.00679387 -12.9926 4.08723 -0.000152818 0.00295475 -6.54335 -4.52008 6.48935 6.27006 3.95749 -7.72869 -6.43427 -0.0107817 0.0249268 -7.24753 
4 -1 0.00546843 0.00546843 69.1973 -4.52299 6.49544 6.48152 0.00655529 -13.0072 4.08825 -0.000156627 0.00288486 -6.55142 -4.52231 6.49168 6.27082 3.9573 -7.7452 -6.45675 -0.00614936 0.0131832 -7.25813 
4 -1 0.00428176 0.00428176 69.3513 -4.52744 6.50104 6.48576 0.00422137 -13.0626 4.09043 3.96553e-05 0.00187229 -6.5835 -4.52779 6.49907 6.27102 3.9571 -7.7928 -6.46409 -0.0041143 0.00909645 -7.28768 
4 -1 0.00343095 0.00343095 69.5147 -4.52985 6.50432 6.4879 0.00320717 -13.1055 4.09128 -6.82731e-07 0.00145338 -6.61124 -4.53174 6.50465 6.27086 3.95695 -7.82535 -6.46703 -0.00318702 0.00709552 -7.3079 
4 -1 0.00258005 0.00258005 69.6922 -4.53253 6.50833 6.48916 0.0025741 -13.151 4.09162 -0.000120782 0.00119916 -6.64347 -4.5358 6.51045 6.27047 3.95674 -7.85701 -6.4695 -0.00235676 0.00526028 -7.32739 
4 -1 0.00168733 0.00168733 69.8883 -4.53691 6.51492 6.49065 0.00193324 -13.1918 4.09242 -0.000190075 0.000915423 -6.67311 -4.54011 6.51664 6.27018 3.95665 -7.88853 -6.47187 -0.00152319 0.00340695 -7.34644 
4 -1 0.000745162 0.000745162 70.1064 -4.54232 6.52293 6.49301 0.0010061 -13.2251 4.09409 -0.000109519 0.00048328 -6.69626 -4.54461 6.5231 6.27008 3.95671 -7.9203 -6.47421 -0.000665965 0.00149129 -7.36529 
4 -1 -0.000222933 -0.000222933 70.3442 -4.54784 6.53106 6.49575 -0.000351071 -13.2551 4.09619 3.36047e-05 -0.000169873 -6.71544 -4.54914 6.52962 6.26997 3.95678 -7.95236 -6.47644 0.000197973 -0.00044172 -7.3841 
