0.75 0.943964 0.943964 4 1 0
0.750856 0.943311 0.943311 3 1 0
0.75178 0.942602 0.942602 3 1 0
0.75265 0.942116 0.942116 3 1 0
0.753524 0.94145 0.94145 3 1 0
0.754402 0.940781 0.940781 3 1 0
0.755284 0.940097 0.940097 3 1 0
0.75617 0.939424 0.939424 3 1 0
0.757059 0.938748 0.938748 3 1 0
0.757953 0.938071 0.938071 3 1 0
0.75885 0.937391 0.937391 3 1 0
0.759751 0.936709 0.936709 3 1 0
0.760656 0.936017 0.936017 3 1 0
0.761565 0.935331 0.935331 3 1 0
0.762477 0.934643 0.934643 3 1 0
0.763392 0.933949 0.933949 3 1 0
0.764311 0.933257 0.933257 3 1 0
0.765234 0.932563 0.932563 3 1 0
0.76616 0.931871 0.931871 3 1 0
0.767089 0.931173 0.931173 3 1 0
0.768022 0.930474 0.930474 3 1 0
0.768958 0.929756 0.929756 3 1 0
0.769897 0.929052 0.929052 3 1 0
0.770839 0.928347 0.928347 3 1 0
0.771784 0.927584 0.927584 3 1 0
0.772732 0.926875 0.926875 3 1 0
0.773683 0.926164 0.926164 3 1 0
0.774638 0.925423 0.925423 3 1 0
0.775595 0.92471 0.92471 3 1 0
0.776554 0.923995 0.923995 3 1 0
0.777517 0.923256 0.923256 3 1 0
0.778482 0.922538 0.922538 3 1 0
0.77945 0.921818 0.921818 3 1 0
0.78042 0.921138 0.921138 3 1 0
0.781393 0.920416 0.920416 3 1 0
0.782368 0.919693 0.919693 3 1 0
0.783346 0.919017 0.919017 3 1 0
0.784326 0.918292 0.918292 3 1 0
0.785308 0.917566 0.917566 3 1 0
0.786292 0.916878 0.916878 3 1 0
0.787278 0.91615 0.91615 3 1 0
0.788267 0.915421 0.915421 3 1 0
0.789257 0.914659 0.914659 3 1 0
0.790249 0.913928 0.913928 3 1 0
0.791243 0.913196 0.913196 3 1 0
0.792238 0.912496 0.912496 3 1 0
0.793235 0.911763 0.911763 3 1 0
0.794234 0.911029 0.911029 3 1 0
0.795234 0.910314 0.910314 3 1 0
0.796236 0.909579 0.909579 3 1 0
0.797239 0.908843 0.908843 3 1 0
0.798243 0.908131 0.908131 3 1 0
0.799248 0.907393 0.907393 3 1 0
0.800254 0.906656 0.906656 3 1 0
0.801261 0.905915 0.905915 3 1 0
0.802269 0.905176 0.905176 3 1 0
0.803278 0.904437 0.904437 3 1 0
0.804288 0.9037 0.9037 3 1 0
0.805298 0.90296 0.90296 3 1 0
0.806309 0.90222 0.90222 3 1 0
0.80732 0.901474 0.901474 3 1 0
0.808332 0.900734 0.900734 3 1 0
0.809343 0.899994 0.899994 3 1 0
0.810355 0.899252 0.899252 3 1 0
0.811367 0.898512 0.898512 3 1 0
0.812379 0.897772 0.897772 3 1 0
0.813391 0.89703 0.89703 3 1 0
0.814402 0.89629 0.89629 3 1 0
0.815414 0.89555 0.89555 3 1 0
0.816424 0.894799 0.894799 3 1 0
0.817434 0.89406 0.89406 3 1 0
0.818444 0.893321 0.893321 3 1 0
0.819453 0.892603 0.892603 3 1 0
0.82046 0.891865 0.891865 3 1 0
0.821467 0.891127 0.891127 3 1 0
0.822473 0.890395 0.890395 3 1 0
0.823477 0.889658 0.889658 3 1 0
0.82448 0.888922 0.888922 3 1 0
0.825482 0.888188 0.888188 3 1 0
0.826482 0.887453 0.887453 3 1 0
0.82748 0.886718 0.886718 3 1 0
0.828477 0.885985 0.885985 3 1 0
0.829472 0.885253 0.885253 3 1 0
0.830464 0.884521 0.884521 3 1 0
0.831455 0.883791 0.883791 3 1 0
0.832443 0.883061 0.883061 3 1 0
0.833429 0.882333 0.882333 3 1 0
0.834412 0.881606 0.881606 3 1 0
0.835393 0.88088 0.88088 3 1 0
0.83637 0.880155 0.880155 3 1 0
0.837345 0.879432 0.879432 3 1 0
0.838317 0.87871 0.87871 3 1 0
0.839285 0.877989 0.877989 3 1 0
0.840251 0.877269 0.877269 3 1 0
0.841212 0.876552 0.876552 3 1 0
0.842171 0.875836 0.875836 3 1 0
0.843125 0.875121 0.875121 3 1 0
0.844076 0.874409 0.874409 3 1 0
0.845022 0.873698 0.873698 3 1 0
0.845965 0.872989 0.872989 3 1 0
0.846903 0.872282 0.872282 3 1 0
0.847836 0.871577 0.871577 3 1 0
0.848765 0.870871 0.870871 3 1 0
0.84969 0.870169 0.870169 3 1 0
0.850609 0.86947 0.86947 3 1 0
0.851524 0.868776 0.868776 3 1 0
0.852433 0.868082 0.868082 3 1 0
0.853337 0.86739 0.86739 3 1 0
0.854236 0.866678 0.866678 3 1 0
0.855129 0.865992 0.865992 3 1 0
0.856016 0.865308 0.865308 3 1 0
0.856897 0.864627 0.864627 3 1 0
0.857772 0.863948 0.863948 3 1 0
0.858641 0.863272 0.863272 3 1 0
0.859504 0.862611 0.862611 3 1 0
0.86036 0.86194 0.86194 3 1 0
0.861209 0.861271 0.861271 3 1 0
0.862052 0.860601 0.860601 3 1 0
0.862887 0.859937 0.859937 3 1 0
0.863715 0.859276 0.859276 3 1 0
0.864536 0.858609 0.858609 3 1 0
0.86535 0.857953 0.857953 3 1 0
0.866156 0.857301 0.857301 3 1 0
0.866954 0.856648 0.856648 3 1 0
0.867744 0.856001 0.856001 3 1 0
0.868526 0.855358 0.855358 3 1 0
0.8693 0.854704 0.854704 3 1 0
0.870065 0.854067 0.854067 3 1 0
0.870822 0.853434 0.853434 3 1 0
0.87157 0.852801 0.852801 3 1 0
0.872309 0.852175 0.852175 3 1 0
0.873039 0.851552 0.851552 3 1 0
0.87376 0.850927 0.850927 3 1 0
0.874471 0.850311 0.850311 3 1 0
0.875173 0.849699 0.849699 3 1 0
0.875865 0.84914 0.84914 3 1 0
0.876547 0.848538 0.848538 3 1 0
0.877219 0.84794 0.84794 3 1 0
0.877881 0.847369 0.847369 3 1 0
0.878533 0.846781 0.846781 3 1 0
0.879174 0.846196 0.846196 3 1 0
0.879804 0.845651 0.845651 3 1 0
0.880423 0.845078 0.845078 3 1 0
0.881032 0.844509 0.844509 3 1 0
0.881629 0.843951 0.843951 3 1 0
0.882215 0.843393 0.843393 3 1 0
0.882789 0.84284 0.84284 3 1 0
0.883352 0.842289 0.842289 3 1 0
0.883903 0.841746 0.841746 3 1 0
0.884442 0.841208 0.841208 3 1 0
0.884969 0.840676 0.840676 3 1 0
0.885484 0.840148 0.840148 3 1 0
0.885986 0.839625 0.839625 3 1 0
0.886476 0.839107 0.839107 3 1 0
0.886953 0.838595 0.838595 3 1 0
0.887417 0.838089 0.838089 3 1 0
0.887868 0.837585 0.837585 3 1 0
0.888306 0.837091 0.837091 3 1 0
0.888731 0.836602 0.836602 3 1 0
0.889142 0.836099 0.836099 3 1 0
0.88954 0.835624 0.835624 3 1 0
0.889924 0.835154 0.835154 3 1 0
0.890294 0.834684 0.834684 3 1 0
0.89065 0.834227 0.834227 3 1 0
0.890992 0.833775 0.833775 3 1 0
0.89132 0.833318 0.833318 3 1 0
0.891633 0.83288 0.83288 3 1 0
0.891932 0.832447 0.832447 3 1 0
0.892216 0.831966 0.831966 3 1 0
0.892486 0.831549 0.831549 3 1 0
0.892741 0.831139 0.831139 3 1 0
0.89298 0.830546 0.830546 3 1 0
0.893205 0.830153 0.830153 3 1 0
0.893414 0.829767 0.829767 3 1 0
0.893608 0.829195 0.829195 3 1 0
0.893787 0.828825 0.828825 3 1 0
0.893949 0.828463 0.828463 3 1 0
0.894097 0.828276 0.828276 3 1 0
0.894228 0.827925 0.827925 3 1 0
0.894344 0.827581 0.827581 3 1 0
0.894443 0.827289 0.827289 3 1 0
0.894527 0.826959 0.826959 3 1 0
0.894594 0.826636 0.826636 3 1 0
0.894646 0.826345 0.826345 3 1 0
0.89468 0.826036 0.826036 3 1 0
0.894699 0.825735 0.825735 3 1 0
0.894702 0.825573 0.825573 4 1 0
0.894694 0.825283 0.825283 4 1 0
0.894669 0.825001 0.825001 4 1 0
0.894627 0.82474 0.82474 4 1 0
0.894569 0.824473 0.824473 4 1 0
0.894493 0.824212 0.824212 4 1 0
0.894401 0.823967 0.823967 4 1 0
0.894292 0.823722 0.823722 4 1 0
0.894166 0.823484 0.823484 4 1 0
0.894023 0.823255 0.823255 4 1 0
0.893862 0.823033 0.823033 4 1 0
0.893685 0.82282 0.82282 4 1 0
0.89349 0.822614 0.822614 4 1 0
0.893278 0.822417 0.822417 4 1 0
0.893048 0.822228 0.822228 4 1 0
0.892802 0.822049 0.822049 4 1 0
0.892538 0.821877 0.821877 4 1 0
0.892256 0.821713 0.821713 4 1 0
0.891958 0.821564 0.821564 4 1 0
0.891641 0.821418 0.821418 4 1 0
0.891308 0.821281 0.821281 4 1 0
0.890956 0.821153 0.821153 4 1 0
0.890588 0.821033 0.821033 4 1 0
0.890201 0.820922 0.820922 4 1 0
0.889798 0.820818 0.820818 4 1 0
0.889377 0.820724 0.820724 4 1 0
0.888938 0.820638 0.820638 4 1 0
0.888482 0.820578 0.820578 4 1 0
0.888008 0.820512 0.820512 4 1 0
0.887517 0.820454 0.820454 4 1 0
0.887008 0.82042 0.82042 4 1 0
0.886482 0.820382 0.820382 4 1 0
0.885939 0.820352 0.820352 4 1 0
0.885378 0.820355 0.820355 4 1 0
0.8848 0.820346 0.820346 4 1 0
0.884205 0.820346 0.820346 4 1 0
0.883592 0.820303 0.820303 4 1 0
0.882962 0.820317 0.820317 4 1 0
0.882315 0.82034 0.82034 4 1 0
0.881651 0.820351 0.820351 4 1 0
0.880969 0.82039 0.82039 4 1 0
0.880271 0.820439 0.820439 4 1 0
0.879556 0.820501 0.820501 4 1 0
0.878823 0.820568 0.820568 4 1 0
0.878074 0.820644 0.820644 4 1 0
0.877308 0.82076 0.82076 4 1 0
0.876526 0.820855 0.820855 4 1 0
0.875726 0.820959 0.820959 4 1 0
0.87491 0.820813 0.820813 4 1 0
0.874078 0.820925 0.820925 4 1 0
0.873229 0.821047 0.821047 4 1 0
0.872364 0.820972 0.820972 4 1 0
0.871483 0.821105 0.821105 4 1 0
0.870586 0.821247 0.821247 4 1 0
0.869672 0.821383 0.821383 4 1 0
0.868743 0.821542 0.821542 4 1 0
0.867798 0.821709 0.821709 4 1 0
0.866837 0.821937 0.821937 4 1 0
0.86586 0.822123 0.822123 4 1 0
0.864868 0.822317 0.822317 4 1 0
0.863861 0.822374 0.822374 4 1 0
0.862838 0.822582 0.822582 4 1 0
0.861801 0.822798 0.822798 4 1 0
0.860748 0.823157 0.823157 4 1 0
0.85968 0.823488 0.823488 4 1 0
0.858597 0.823828 0.823828 4 1 0
0.8575 0.82432 0.82432 4 1 0
0.856388 0.824677 0.824677 4 1 0
0.855262 0.825044 0.825044 4 1 0
0.854122 0.825573 0.825573 4 1 0
0.852967 0.825956 0.825956 4 1 0
0.851799 0.826349 0.826349 4 1 0
0.850616 0.826906 0.826906 4 1 0
0.84942 0.827313 0.827313 4 1 0
0.848211 0.827729 0.827729 4 1 0
0.846988 0.82831 0.82831 4 1 0
0.845752 0.82874 0.82874 4 1 0
0.844502 0.829178 0.829178 4 1 0
0.84324 0.829797 0.829797 4 1 0
0.841965 0.830245 0.830245 4 1 0
0.840678 0.830701 0.830701 4 1 0
0.839378 0.831187 0.831187 4 1 0
0.838065 0.831658 0.831658 4 1 0
0.836741 0.832137 0.832137 4 1 0
0.835404 0.832655 0.832655 4 1 0
0.834056 0.83314 0.83314 4 1 0
0.832696 0.833633 0.833633 4 1 0
0.831325 0.834118 0.834118 4 1 0
0.829942 0.834622 0.834622 4 1 0
0.828549 0.835135 0.835135 4 1 0
0.827144 0.835587 0.835587 4 1 0
0.825728 0.836107 0.836107 4 1 0
0.824302 0.836634 0.836634 4 1 0
0.822866 0.837079 0.837079 4 1 0
0.821419 0.837614 0.837614 4 1 0
0.819963 0.838156 0.838156 4 1 0
0.818496 0.838665 0.838665 4 1 0
0.81702 0.839218 0.839218 4 1 0
0.815534 0.839777 0.839777 4 1 0
0.814039 0.840349 0.840349 4 1 0
0.812535 0.840919 0.840919 4 1 0
0.811021 0.841496 0.841496 4 1 0
0.8095 0.842306 0.842306 4 1 0
0.807969 0.842902 0.842902 4 1 0
0.80643 0.843505 0.843505 4 1 0
0.804883 0.843982 0.843982 4 1 0
0.803328 0.844589 0.844589 4 1 0
0.801765 0.845202 0.845202 4 1 0
0.800195 0.846136 0.846136 4 1 0
0.798617 0.84677 0.84677 4 1 0
0.797032 0.847409 0.847409 4 1 0
0.79544 0.848259 0.848259 4 1 0
0.793841 0.848916 0.848916 4 1 0
0.792235 0.849578 0.849578 4 1 0
0.790623 0.850476 0.850476 4 1 0
0.789005 0.851158 0.851158 4 1 0
0.78738 0.851844 0.851844 4 1 0
0.78575 0.852389 0.852389 4 1 0
0.784114 0.853075 0.853075 4 1 0
0.782473 0.853765 0.853765 4 1 0
0.780826 0.854148 0.854148 4 1 0
0.779175 0.854833 0.854833 4 1 0
0.777518 0.85552 0.85552 4 1 0
0.775857 0.856069 0.856069 4 1 0
0.774192 0.856757 0.856757 4 1 0
0.772522 0.857447 0.857447 4 1 0
0.770848 0.858293 0.858293 4 1 0
0.769171 0.858992 0.858992 4 1 0
0.767489 0.859692 0.859692 4 1 0
0.765805 0.860042 0.860042 4 1 0
0.764117 0.860735 0.860735 4 1 0
0.762426 0.86143 0.86143 4 1 0
0.760732 0.863001 0.863001 4 1 0
0.759036 0.863862 0.863862 4 1 0
0.757338 0.864726 0.864726 4 1 0
0.755637 0.865964 0.865964 4 1 0
0.753935 0.866824 0.866824 4 1 0
0.75223 0.867685 0.867685 4 1 0
0.750525 0.868747 0.868747 4 1 0
0.748818 0.869605 0.869605 4 1 0
0.747109 0.870464 0.870464 4 1 0
0.745401 0.870973 0.870973 4 1 0
0.743691 0.871851 0.871851 4 1 0
0.741981 0.87273 0.87273 4 1 0
0.740271 0.873058 0.873058 4 1 0
0.738561 0.873957 0.873957 4 1 0
0.736851 0.874857 0.874857 4 1 0
0.735142 0.874977 0.874977 4 1 0
0.733433 0.875898 0.875898 4 1 0
0.731726 0.876821 0.876821 4 1 0
0.73002 0.876782 0.876782 4 1 0
0.728315 0.877507 0.877507 4 1 0
0.726612 0.878394 0.878394 4 1 0
0.72491 0.880168 0.880168 4 1 0
0.723211 0.88092 0.88092 4 1 0
0.721515 0.881669 0.881669 4 1 0
0.719821 0.883565 0.883565 4 1 0
0.71813 0.884351 0.884351 4 1 0
0.716442 0.885135 0.885135 4 1 0
0.714757 0.886255 0.886255 4 1 0
0.713077 0.887047 0.887047 4 1 0
0.7114 0.887835 0.887835 4 1 0
0.709727 0.888949 0.888949 4 1 0
0.708059 0.889747 0.889747 4 1 0
0.706395 0.89054 0.89054 4 1 0
0.704737 0.891815 0.891815 4 1 0
0.703084 0.892633 0.892633 4 1 0
0.701436 0.893446 0.893446 4 1 0
0.699794 0.894466 0.894466 4 1 0
0.698158 0.895291 0.895291 4 1 0
0.696529 0.896111 0.896111 4 1 0
0.694906 0.896933 0.896933 4 1 0
0.69329 0.897742 0.897742 4 1 0
0.691682 0.898545 0.898545 4 1 0
0.690081 0.899278 0.899278 4 1 0
0.688487 0.900062 0.900062 4 1 0
0.686902 0.900838 0.900838 4 1 0
0.685326 0.900894 0.900894 4 1 0
0.683758 0.901615 0.901615 4 1 0
0.682199 0.902327 0.902327 4 1 0
0.680649 0.901947 0.901947 4 1 0
0.679109 0.902901 0.902901 4 1 0
0.677579 0.903851 0.903851 4 1 0
0.67606 0.905456 0.905456 4 1 0
0.674551 0.906375 0.906375 4 1 0
0.673052 0.907287 0.907287 4 1 0
0.671566 0.908351 0.908351 4 1 0
0.67009 0.909242 0.909242 4 1 0
0.668627 0.910126 0.910126 4 1 0
0.667175 0.910694 0.910694 4 1 0
0.665736 0.911574 0.911574 4 1 0
0.66431 0.912446 0.912446 4 1 0
0.662897 0.913084 0.913084 4 1 0
0.661498 0.913947 0.913947 4 1 0
0.660112 0.914801 0.914801 4 1 0
0.65874 0.915423 0.915423 4 1 0
0.657383 0.916267 0.916267 4 1 0
0.65604 0.917101 0.917101 4 1 0
0.654712 0.915455 0.915455 4 1 0
0.6534 0.916349 0.916349 4 1 0
0.652103 0.917233 0.917233 4 1 0
0.650821 0.91862 0.91862 4 1 0
0.649556 0.919469 0.919469 4 1 0
0.648307 0.920306 0.920306 4 1 0
0.647074 0.920202 0.920202 4 1 0
0.645859 0.921044 0.921044 4 1 0
0.64466 0.921874 0.921874 4 1 0
0.643479 0.923783 0.923783 4 1 0
0.642315 0.924548 0.924548 4 1 0
0.641168 0.9253 0.9253 4 1 0
0.64004 0.925312 0.925312 4 1 0
0.638929 0.92607 0.92607 4 1 0
0.637837 0.926813 0.926813 4 1 0
0.636763 0.927232 0.927232 4 1 0
0.75 0.943964 0.943964 4 1 0
0.749137 0.944633 0.944633 3 1 0
0.748226 0.945334 0.945334 3 1 0
0.747378 0.94615 0.94615 3 1 0
0.746533 0.946798 0.946798 3 1 0
0.745693 0.947444 0.947444 3 1 0
0.744858 0.948095 0.948095 3 1 0
0.744027 0.948735 0.948735 3 1 0
0.7432 0.949373 0.949373 3 1 0
0.742377 0.949996 0.949996 3 1 0
0.74156 0.950628 0.950628 3 1 0
0.740746 0.951258 0.951258 3 1 0
0.739937 0.951897 0.951897 3 1 0
0.739133 0.95252 0.95252 3 1 0
0.738334 0.953141 0.953141 3 1 0
0.737539 0.953761 0.953761 3 1 0
0.736748 0.954375 0.954375 3 1 0
0.735963 0.954987 0.954987 3 1 0
0.735182 0.955598 0.955598 3 1 0
0.734406 0.956203 0.956203 3 1 0
0.733635 0.956805 0.956805 3 1 0
0.732868 0.957401 0.957401 3 1 0
0.732107 0.957996 0.957996 3 1 0
0.73135 0.958589 0.958589 3 1 0
0.730598 0.95918 0.95918 3 1 0
0.729851 0.959766 0.959766 3 1 0
0.72911 0.960349 0.960349 3 1 0
0.728373 0.960931 0.960931 3 1 0
0.727641 0.961508 0.961508 3 1 0
0.726914 0.962081 0.962081 3 1 0
0.726192 0.962649 0.962649 3 1 0
0.725475 0.963216 0.963216 3 1 0
0.724764 0.963778 0.963778 3 1 0
0.724057 0.964342 0.964342 3 1 0
0.723356 0.964898 0.964898 3 1 0
0.722659 0.96545 0.96545 3 1 0
0.721968 0.96599 0.96599 3 1 0
0.721282 0.966535 0.966535 3 1 0
0.720602 0.967077 0.967077 3 1 0
0.719926 0.967609 0.967609 3 1 0
0.719256 0.968144 0.968144 3 1 0
0.718592 0.968674 0.968674 3 1 0
0.717932 0.96919 0.96919 3 1 0
0.717278 0.969713 0.969713 3 1 0
0.716629 0.970233 0.970233 3 1 0
0.715986 0.970735 0.970735 3 1 0
0.715348 0.971247 0.971247 3 1 0
0.714715 0.971756 0.971756 3 1 0
0.714088 0.972258 0.972258 3 1 0
0.713466 0.972759 0.972759 3 1 0
0.712849 0.973256 0.973256 3 1 0
0.712239 0.973747 0.973747 3 1 0
0.711633 0.974236 0.974236 3 1 0
0.711033 0.974721 0.974721 3 1 0
0.710439 0.975198 0.975198 3 1 0
0.70985 0.975675 0.975675 3 1 0
0.709267 0.976148 0.976148 3 1 0
0.708689 0.976613 0.976613 3 1 0
0.708117 0.977078 0.977078 3 1 0
0.70755 0.977538 0.977538 3 1 0
0.706989 0.977989 0.977989 3 1 0
0.706433 0.978441 0.978441 3 1 0
0.705884 0.978889 0.978889 3 1 0
0.70534 0.979319 0.979319 3 1 0
0.704801 0.979759 0.979759 3 1 0
0.704268 0.980195 0.980195 3 1 0
0.703741 0.980634 0.980634 3 1 0
0.70322 0.981062 0.981062 3 1 0
0.702704 0.981484 0.981484 3 1 0
0.702194 0.981897 0.981897 3 1 0
0.70169 0.982312 0.982312 3 1 0
0.701191 0.982722 0.982722 3 1 0
0.700698 0.983133 0.983133 3 1 0
0.700211 0.983534 0.983534 3 1 0
0.69973 0.983931 0.983931 3 1 0
0.699254 0.984332 0.984332 3 1 0
0.698785 0.98472 0.98472 3 1 0
0.698321 0.985103 0.985103 3 1 0
0.697863 0.985489 0.985489 3 1 0
0.69741 0.985863 0.985863 3 1 0
0.696964 0.986232 0.986232 3 1 0
0.696523 0.986604 0.986604 3 1 0
0.696089 0.986964 0.986964 3 1 0
0.69566 0.987319 0.987319 3 1 0
0.695237 0.987672 0.987672 3 1 0
0.694819 0.988018 0.988018 3 1 0
0.694408 0.988359 0.988359 3 1 0
0.694003 0.988696 0.988696 3 1 0
0.693603 0.989028 0.989028 3 1 0
0.69321 0.989355 0.989355 3 1 0
0.692822 0.989675 0.989675 3 1 0
0.69244 0.989993 0.989993 3 1 0
0.692064 0.990306 0.990306 3 1 0
0.691695 0.990608 0.990608 3 1 0
0.691331 0.990912 0.990912 3 1 0
0.690973 0.991212 0.991212 3 1 0
0.690621 0.991501 0.991501 3 1 0
0.690275 0.991791 0.991791 3 1 0
0.689934 0.992076 0.992076 3 1 0
0.6896 0.992366 0.992366 3 1 0
0.689272 0.992641 0.992641 3 1 0
0.68895 0.992911 0.992911 3 1 0
0.688634 0.993182 0.993182 3 1 0
0.688324 0.993442 0.993442 3 1 0
0.68802 0.993697 0.993697 3 1 0
0.687721 0.99395 0.99395 3 1 0
0.687429 0.994195 0.994195 3 1 0
0.687143 0.994435 0.994435 3 1 0
0.686863 0.99467 0.99467 3 1 0
0.686589 0.994901 0.994901 3 1 0
0.686321 0.995126 0.995126 3 1 0
0.686059 0.995346 0.995346 3 1 0
0.685803 0.995562 0.995562 3 1 0
0.685553 0.995772 0.995772 3 1 0
0.685309 0.995976 0.995976 3 1 0
0.685072 0.996177 0.996177 3 1 0
0.68484 0.996372 0.996372 3 1 0
0.684614 0.996562 0.996562 3 1 0
0.684395 0.996747 0.996747 3 1 0
0.684181 0.996927 0.996927 3 1 0
0.683974 0.997101 0.997101 3 1 0
0.683773 0.997271 0.997271 3 1 0
0.683577 0.997436 0.997436 3 1 0
0.683388 0.997597 0.997597 3 1 0
0.683205 0.997752 0.997752 3 1 0
0.683028 0.997902 0.997902 3 1 0
0.682857 0.998047 0.998047 3 1 0
0.682693 0.998187 0.998187 3 1 0
0.682534 0.998321 0.998321 3 1 0
0.682381 0.99845 0.99845 3 1 0
0.682235 0.998574 0.998574 3 1 0
0.682094 0.998693 0.998693 3 1 0
0.68196 0.998807 0.998807 3 1 0
0.681832 0.998916 0.998916 3 1 0
0.68171 0.999019 0.999019 3 1 0
0.681594 0.999118 0.999118 3 1 0
0.681484 0.999211 0.999211 3 1 0
0.681381 0.999299 0.999299 3 1 0
0.681283 0.999382 0.999382 3 1 0
0.681192 0.999459 0.999459 3 1 0
0.681107 0.999532 0.999532 3 1 0
0.681027 0.999599 0.999599 3 1 0
0.680954 0.999661 0.999661 3 1 0
0.680888 0.999718 0.999718 3 1 0
0.680827 0.999769 0.999769 3 1 0
0.680772 0.999816 0.999816 3 1 0
0.680724 0.999857 0.999857 3 1 0
0.680681 0.999893 0.999893 3 1 0
0.680645 0.999924 0.999924 3 1 0
0.680615 0.999949 0.999949 3 1 0
0.680591 0.99997 0.99997 3 1 0
0.680573 0.999985 0.999985 3 1 0
0.680562 0.999995 0.999995 4 1 0
0.680556 0.999999 0.999999 3 1 0
0.680556 0.999999 0.999999 4 1 0
0.680556 0.999999 0.999999 3 1 0
0.680563 0.999994 0.999994 3 1 0
0.680575 0.999983 0.999983 3 1 0
0.680594 0.999968 0.999968 3 1 0
0.680618 0.999947 0.999947 3 1 0
0.680649 0.99992 0.99992 3 1 0
0.680686 0.999889 0.999889 3 1 0
0.680729 0.999852 0.999852 3 1 0
0.680779 0.99981 0.99981 3 1 0
0.680834 0.999763 0.999763 3 1 0
0.680896 0.999711 0.999711 3 1 0
0.680963 0.999653 0.999653 3 1 0
0.681037 0.999591 0.999591 3 1 0
0.681117 0.999523 0.999523 3 1 0
0.681203 0.99945 0.99945 3 1 0
0.681295 0.999371 0.999371 3 1 0
0.681393 0.999288 0.999288 3 1 0
0.681498 0.999199 0.999199 3 1 0
0.681608 0.999105 0.999105 3 1 0
0.681725 0.999007 0.999007 3 1 0
0.681848 0.998902 0.998902 3 1 0
0.681977 0.998793 0.998793 3 1 0
0.682112 0.998679 0.998679 3 1 0
0.682253 0.998559 0.998559 3 1 0
0.6824 0.998434 0.998434 3 1 0
0.682553 0.998304 0.998304 3 1 0
0.682713 0.998169 0.998169 3 1 0
0.682878 0.998029 0.998029 3 1 0
0.68305 0.997884 0.997884 3 1 0
0.683228 0.997734 0.997734 3 1 0
0.683411 0.997578 0.997578 3 1 0
0.683601 0.997417 0.997417 3 1 0
0.683797 0.997251 0.997251 3 1 0
0.683999 0.997081 0.997081 3 1 0
0.684208 0.996904 0.996904 3 1 0
0.684422 0.996723 0.996723 3 1 0
0.684642 0.996537 0.996537 3 1 0
0.684868 0.996347 0.996347 3 1 0
0.685101 0.996151 0.996151 3 1 0
0.685339 0.995949 0.995949 3 1 0
0.685584 0.995745 0.995745 3 1 0
0.685835 0.995534 0.995534 3 1 0
0.686091 0.995318 0.995318 3 1 0
0.686354 0.995097 0.995097 3 1 0
0.686623 0.994871 0.994871 3 1 0
0.686898 0.99464 0.99464 3 1 0
0.687178 0.994405 0.994405 3 1 0
0.687465 0.994165 0.994165 3 1 0
0.687758 0.993919 0.993919 3 1 0
0.688057 0.993668 0.993668 3 1 0
0.688362 0.993413 0.993413 3 1 0
0.688673 0.993152 0.993152 3 1 0
0.68899 0.992886 0.992886 3 1 0
0.689313 0.992616 0.992616 3 1 0
0.689641 0.992341 0.992341 3 1 0
0.689976 0.992054 0.992054 3 1 0
0.690317 0.991769 0.991769 3 1 0
0.690664 0.99148 0.99148 3 1 0
0.691017 0.991175 0.991175 3 1 0
0.691376 0.990875 0.990875 3 1 0
0.69174 0.99057 0.99057 3 1 0
0.692111 0.990257 0.990257 3 1 0
0.692487 0.989943 0.989943 3 1 0
0.69287 0.989624 0.989624 3 1 0
0.693258 0.989309 0.989309 3 1 0
0.693653 0.988981 0.988981 3 1 0
0.694053 0.988648 0.988648 3 1 0
0.694459 0.988314 0.988314 3 1 0
0.694871 0.987972 0.987972 3 1 0
0.695289 0.987625 0.987625 3 1 0
0.695713 0.987277 0.987277 3 1 0
0.696142 0.986922 0.986922 3 1 0
0.696578 0.986561 0.986561 3 1 0
0.697019 0.986195 0.986195 3 1 0
0.697466 0.985825 0.985825 3 1 0
0.697919 0.985451 0.985451 3 1 0
0.698378 0.985067 0.985067 3 1 0
0.698843 0.984684 0.984684 3 1 0
0.699313 0.984296 0.984296 3 1 0
0.699789 0.983898 0.983898 3 1 0
0.700271 0.983501 0.983501 3 1 0
0.700759 0.9831 0.9831 3 1 0
0.701253 0.982686 0.982686 3 1 0
0.701752 0.982275 0.982275 3 1 0
0.702257 0.981861 0.981861 3 1 0
0.702768 0.981425 0.981425 3 1 0
0.703284 0.981001 0.981001 3 1 0
0.703806 0.980573 0.980573 3 1 0
0.704334 0.980141 0.980141 3 1 0
0.704868 0.979705 0.979705 3 1 0
0.705407 0.979264 0.979264 3 1 0
0.705952 0.978822 0.978822 3 1 0
0.706502 0.978373 0.978373 3 1 0
0.707058 0.977919 0.977919 3 1 0
0.70762 0.977467 0.977467 3 1 0
0.708187 0.977005 0.977005 3 1 0
0.70876 0.97654 0.97654 3 1 0
0.709339 0.976079 0.976079 3 1 0
0.709923 0.975605 0.975605 3 1 0
0.710512 0.975128 0.975128 3 1 0
0.711107 0.974654 0.974654 3 1 0
0.711708 0.974169 0.974169 3 1 0
0.712314 0.973679 0.973679 3 1 0
0.712926 0.973192 0.973192 3 1 0
0.713543 0.972695 0.972695 3 1 0
0.714165 0.972193 0.972193 3 1 0
0.714793 0.971693 0.971693 3 1 0
0.715426 0.971185 0.971185 3 1 0
0.716065 0.970672 0.970672 3 1 0
0.716709 0.970159 0.970159 3 1 0
0.717359 0.969639 0.969639 3 1 0
0.718014 0.969115 0.969115 3 1 0
0.718674 0.96859 0.96859 3 1 0
0.719339 0.968059 0.968059 3 1 0
0.72001 0.967524 0.967524 3 1 0
0.720686 0.966985 0.966985 3 1 0
0.721367 0.966443 0.966443 3 1 0
0.722054 0.965897 0.965897 3 1 0
0.722746 0.965371 0.965371 3 1 0
0.723442 0.964818 0.964818 3 1 0
0.724144 0.964262 0.964262 3 1 0
0.724852 0.963709 0.963709 3 1 0
0.725564 0.963146 0.963146 3 1 0
0.726281 0.962579 0.962579 3 1 0
0.727004 0.962009 0.962009 3 1 0
0.727731 0.961436 0.961436 3 1 0
0.728464 0.960859 0.960859 3 1 0
0.729201 0.960282 0.960282 3 1 0
0.729944 0.959699 0.959699 3 1 0
0.730691 0.959113 0.959113 3 1 0
0.731444 0.958525 0.958525 3 1 0
0.732201 0.957932 0.957932 3 1 0
0.732963 0.957336 0.957336 3 1 0
0.73373 0.956731 0.956731 3 1 0
0.734502 0.956129 0.956129 3 1 0
0.735279 0.955523 0.955523 3 1 0
0.73606 0.954919 0.954919 3 1 0
0.736846 0.954307 0.954307 3 1 0
0.737637 0.953693 0.953693 3 1 0
0.738433 0.953069 0.953069 3 1 0
0.739233 0.952448 0.952448 3 1 0
0.740038 0.951825 0.951825 3 1 0
0.740847 0.951194 0.951194 3 1 0
0.741661 0.950564 0.950564 3 1 0
0.742479 0.949932 0.949932 3 1 0
0.743302 0.949282 0.949282 3 1 0
0.74413 0.948644 0.948644 3 1 0
0.744961 0.948004 0.948004 3 1 0
0.745797 0.947362 0.947362 3 1 0
0.746638 0.946717 0.946717 3 1 0
0.747483 0.946068 0.946068 3 1 0
0.748332 0.945423 0.945423 3 1 0
0.749185 0.944769 0.944769 3 1 0
0.750043 0.944113 0.944113 3 1 0
0.750904 0.943448 0.943448 3 1 0
0.75177 0.942787 0.942787 3 1 0
0.75264 0.942124 0.942124 3 1 0
0.753514 0.94145 0.94145 3 1 0
0.754392 0.940782 0.940782 3 1 0
0.755274 0.940111 0.940111 3 1 0
0.75616 0.939434 0.939434 3 1 0
0.757049 0.938759 0.938759 3 1 0
0.757943 0.938082 0.938082 3 1 0
0.75884 0.937394 0.937394 3 1 0
0.759741 0.936712 0.936712 3 1 0
0.760646 0.936028 0.936028 3 1 0
0.761554 0.935338 0.935338 3 1 0
0.762466 0.934649 0.934649 3 1 0
0.763382 0.933959 0.933959 3 1 0
0.764301 0.933264 0.933264 3 1 0
0.765223 0.932569 0.932569 3 1 0
0.766149 0.931873 0.931873 3 1 0
0.767079 0.931172 0.931172 3 1 0
0.768011 0.930472 0.930472 3 1 0
0.768947 0.929771 0.929771 3 1 0
0.769886 0.929037 0.929037 3 1 0
0.770828 0.928332 0.928332 3 1 0
0.771773 0.927625 0.927625 3 1 0
0.772721 0.926848 0.926848 3 1 0
0.773673 0.926137 0.926137 3 1 0
0.774627 0.925425 0.925425 3 1 0
0.775584 0.924717 0.924717 3 1 0
0.776544 0.924002 0.924002 3 1 0
0.777506 0.923285 0.923285 3 1 0
0.778471 0.922518 0.922518 3 1 0
0.779439 0.921798 0.921798 3 1 0
0.780409 0.921077 0.921077 3 1 0
0.781382 0.920432 0.920432 3 1 0
0.782357 0.919709 0.919709 3 1 0
0.783335 0.918985 0.918985 3 1 0
0.784315 0.918311 0.918311 3 1 0
0.785297 0.917585 0.917585 3 1 0
0.786281 0.916858 0.916858 3 1 0
0.787267 0.91615 0.91615 3 1 0
0.788255 0.915421 0.915421 3 1 0
0.789245 0.914691 0.914691 3 1 0
0.790238 0.913958 0.913958 3 1 0
0.791231 0.913226 0.913226 3 1 0
0.792227 0.912494 0.912494 3 1 0
0.793224 0.91178 0.91178 3 1 0
0.794223 0.911046 0.911046 3 1 0
0.795223 0.910311 0.910311 3 1 0
0.796224 0.909593 0.909593 3 1 0
0.797227 0.908857 0.908857 3 1 0
0.798231 0.90812 0.90812 3 1 0
0.799236 0.907395 0.907395 3 1 0
0.800243 0.906657 0.906657 3 1 0
0.80125 0.905919 0.905919 3 1 0
0.802258 0.905185 0.905185 3 1 0
0.803267 0.904446 0.904446 3 1 0
0.804277 0.903707 0.903707 3 1 0
0.805287 0.902965 0.902965 3 1 0
0.806298 0.902225 0.902225 3 1 0
0.807309 0.901485 0.901485 3 1 0
0.80832 0.900742 0.900742 3 1 0
0.809332 0.900002 0.900002 3 1 0
0.810344 0.899261 0.899261 3 1 0
0.811356 0.89852 0.89852 3 1 0
0.812368 0.89778 0.89778 3 1 0
0.81338 0.89704 0.89704 3 1 0
0.814391 0.896297 0.896297 3 1 0
0.815402 0.895557 0.895557 3 1 0
0.816413 0.894817 0.894817 3 1 0
0.817423 0.894072 0.894072 3 1 0
0.818432 0.893334 0.893334 3 1 0
0.819441 0.892595 0.892595 3 1 0
0.820449 0.891875 0.891875 3 1 0
0.821456 0.891137 0.891137 3 1 0
0.822461 0.8904 0.8904 3 1 0
0.823466 0.889667 0.889667 3 1 0
0.824469 0.888931 0.888931 3 1 0
0.825471 0.888195 0.888195 3 1 0
0.826471 0.887461 0.887461 3 1 0
0.827469 0.886727 0.886727 3 1 0
0.828466 0.885994 0.885994 3 1 0
0.829461 0.88526 0.88526 3 1 0
0.830453 0.884528 0.884528 3 1 0
0.831444 0.883797 0.883797 3 1 0
0.832432 0.88307 0.88307 3 1 0
0.833418 0.882341 0.882341 3 1 0
0.834401 0.881614 0.881614 3 1 0
0.835381 0.880888 0.880888 3 1 0
0.836359 0.880163 0.880163 3 1 0
0.837334 0.87944 0.87944 3 1 0
0.838306 0.878718 0.878718 3 1 0
