2 0.836776 0.836776 4 1 0
2.01115 0.836879 0.836879 3 1 0
2.03298 0.837185 0.837185 3 1 0
2.05916 0.837915 0.837915 3 1 0
2.08386 0.839216 0.839216 3 1 0
2.10675 0.840897 0.840897 3 1 0
2.12735 0.843103 0.843103 3 1 0
2.14492 0.845974 0.845974 3 1 0
2.1583 0.849904 0.849904 3 1 0
2.16601 0.855287 0.855287 3 1 0
2.16747 0.859641 0.859641 3 1 0
2.16491 0.866664 0.866664 4 1 0
2.15916 0.873907 0.873907 4 1 0
2.15295 0.880897 0.880897 4 1 0
2.14787 0.887446 0.887446 4 1 0
2.14452 0.893464 0.893464 4 1 0
2.14285 0.898881 0.898881 4 1 0
2.1425 0.903496 0.903496 4 1 0
2.14302 0.907665 0.907665 3 1 0
2.14406 0.911126 0.911126 3 1 0
2.14529 0.913842 0.913842 3 1 0
2.14642 0.916139 0.916139 3 1 0
2.14729 0.917709 0.917709 3 1 0
2.14774 0.918344 0.918344 3 1 0
2.1476 0.918066 0.918066 3 1 0
2.14695 0.91669 0.91669 3 1 0
2.14595 0.914331 0.914331 3 1 0
2.14475 0.911127 0.911127 3 1 0
2.14357 0.906585 0.906585 3 1 0
2.14271 0.901283 0.901283 3 1 0
2.14249 0.89647 0.89647 4 1 0
2.14305 0.889304 0.889304 4 1 0
2.14501 0.880767 0.880767 4 1 0
2.14869 0.871338 0.871338 4 1 0
2.15407 0.860936 0.860936 4 1 0
2.16036 0.849833 0.849833 4 1 0
2.16573 0.838068 0.838068 4 1 0
2.16747 0.828049 0.828049 4 1 0
2.16428 0.815794 0.815794 3 1 0
2.15455 0.803786 0.803786 3 1 0
2.13958 0.792649 0.792649 3 1 0
2.12088 0.782288 0.782288 3 1 0
2.09943 0.77285 0.77285 3 1 0
2.07588 0.764357 0.764357 3 1 0
2.05065 0.756537 0.756537 3 1 0
2.02404 0.749331 0.749331 3 1 0
1.99625 0.743268 0.743268 3 1 0
1.971 0.738192 0.738192 4 1 0
1.94148 0.733399 0.733399 4 1 0
1.91119 0.729098 0.729098 4 1 0
1.88026 0.725554 0.725554 4 1 0
1.84876 0.722244 0.722244 4 1 0
1.81678 0.720291 0.720291 4 1 0
1.78439 0.718289 0.718289 4 1 0
1.75166 0.716872 0.716872 4 1 0
1.71864 0.716487 0.716487 4 1 0
1.6854 0.716377 0.716377 4 1 0
1.65199 0.716469 0.716469 4 1 0
1.61845 0.717182 0.717182 4 1 0
1.58485 0.718795 0.718795 4 1 0
1.55122 0.720554 0.720554 4 1 0
1.51763 0.7225 0.7225 4 1 0
1.48412 0.724627 0.724627 4 1 0
1.45074 0.728043 0.728043 4 1 0
1.41756 0.731675 0.731675 4 1 0
1.38464 0.735407 0.735407 4 1 0
1.35204 0.739126 0.739126 4 1 0
1.31985 0.749022 0.749022 4 1 0
1.28815 0.761518 0.761518 4 1 0
1.25707 0.773915 0.773915 4 1 0
1.22671 0.786871 0.786871 4 1 0
1.19724 0.800333 0.800333 4 1 0
1.16885 0.814522 0.814522 4 1 0
1.14174 0.827697 0.827697 4 1 0
1.11619 0.840625 0.840625 4 1 0
1.09244 0.853802 0.853802 4 1 0
1.07076 0.865769 0.865769 4 1 0
1.05135 0.877159 0.877159 4 1 0
1.03428 0.888816 0.888816 4 1 0
1.01954 0.898361 0.898361 4 1 0
1.00697 0.906736 0.906736 4 1 0
0.996371 0.915141 0.915141 4 1 0
0.987482 0.922338 0.922338 4 1 0
0.980056 0.928464 0.928464 4 1 0
0.973862 0.93408 0.93408 4 1 0
0.968701 0.93898 0.93898 4 1 0
0.9644 0.943005 0.943005 4 1 0
0.960815 0.947341 0.947341 4 1 0
0.957826 0.950715 0.950715 4 1 0
0.955334 0.95334 0.95334 4 1 0
0.953256 0.956779 0.956779 4 1 0
0.951524 0.959227 0.959227 4 1 0
0.950081 0.960985 0.960985 4 1 0
0.948881 0.963036 0.963036 4 1 0
0.947882 0.965407 0.965407 4 1 0
0.947052 0.967074 0.967074 4 1 0
0.946364 0.968499 0.968499 4 1 0
0.945795 0.96947 0.96947 4 1 0
0.945324 0.971159 0.971159 4 1 0
0.944935 0.972076 0.972076 4 1 0
0.944615 0.972994 0.972994 4 1 0
0.944352 0.974222 0.974222 4 1 0
0.944136 0.975008 0.975008 4 1 0
0.943959 0.975297 0.975297 4 1 0
0.943814 0.976527 0.976527 4 1 0
0.943696 0.977014 0.977014 4 1 0
0.9436 0.977649 0.977649 4 1 0
0.943522 0.978495 0.978495 4 1 0
0.943458 0.978929 0.978929 4 1 0
0.943407 0.97933 0.97933 4 1 0
0.943365 0.980185 0.980185 4 1 0
0.943331 0.980517 0.980517 4 1 0
0.943303 0.981002 0.981002 4 1 0
0.94328 0.981774 0.981774 4 1 0
0.943262 0.982236 0.982236 4 1 0
0.943247 0.982763 0.982763 4 1 0
0.943235 0.982918 0.982918 4 1 0
0.943225 0.983746 0.983746 4 1 0
0.943217 0.984344 0.984344 4 1 0
0.94321 0.984608 0.984608 4 1 0
0.943204 0.985081 0.985081 4 1 0
0.9432 0.985785 0.985785 4 1 0
0.943196 0.986427 0.986427 4 1 0
0.943193 0.98685 0.98685 4 1 0
0.94319 0.987087 0.987087 4 1 0
0.943188 0.987914 0.987914 4 1 0
0.943186 0.988345 0.988345 4 1 0
0.943185 0.988983 0.988983 4 1 0
0.943183 0.989407 0.989407 4 1 0
0.943182 0.989797 0.989797 4 1 0
0.943181 0.990283 0.990283 4 1 0
0.943181 0.99093 0.99093 4 1 0
0.94318 0.991319 0.991319 4 1 0
0.943179 0.991885 0.991885 4 1 0
0.943179 0.992317 0.992317 4 1 0
0.943178 0.992307 0.992307 4 1 0
0.943178 0.992962 0.992962 4 1 0
0.943178 0.993488 0.993488 4 1 0
0.943177 0.993749 0.993749 4 1 0
0.943177 0.99401 0.99401 4 1 0
0.943177 0.994443 0.994443 4 1 0
0.943177 0.995064 0.995064 4 1 0
0.943176 0.995451 0.995451 4 1 0
0.943176 0.995794 0.995794 4 1 0
0.943176 0.996073 0.996073 4 1 0
0.943176 0.996422 0.996422 4 1 0
0.943176 0.996736 0.996736 4 1 0
0.943175 0.997007 0.997007 4 1 0
0.943175 0.997278 0.997278 4 1 0
0.943175 0.997529 0.997529 4 1 0
0.943175 0.997739 0.997739 4 1 0
0.943175 0.997961 0.997961 4 1 0
0.943175 0.998166 0.998166 4 1 0
0.943175 0.998228 0.998228 4 1 0
0.943175 0.99844 0.99844 4 1 0
0.943175 0.998623 0.998623 4 1 0
0.943175 0.998714 0.998714 4 1 0
0.943174 0.998866 0.998866 4 1 0
0.943174 0.99897 0.99897 4 1 0
0.943174 0.999023 0.999023 4 1 0
0.943174 0.999043 0.999043 4 1 0
0.943174 0.999154 0.999154 4 1 0
0.943174 0.999173 0.999173 4 1 0
0.943174 0.999144 0.999144 4 1 0
0.943174 0.99925 0.99925 4 1 0
0.943174 0.999269 0.999269 4 1 0
0.943174 0.999277 0.999277 4 1 0
0.943174 0.99922 0.99922 4 1 0
0.943174 0.999291 0.999291 4 1 0
0.943174 0.999181 0.999181 4 1 0
0.943174 0.999187 0.999187 4 1 0
0.943173 0.999293 0.999293 4 1 0
0.943173 0.999158 0.999158 4 1 0
0.943173 0.999214 0.999214 4 1 0
0.943173 0.999271 0.999271 4 1 0
0.943173 0.999099 0.999099 4 1 0
0.943173 0.999244 0.999244 4 1 0
0.943173 0.99909 0.99909 4 1 0
0.943173 0.999266 0.999266 4 1 0
0.943173 0.999329 0.999329 4 1 0
0.943173 0.999305 0.999305 4 1 0
0.943173 0.999321 0.999321 4 1 0
0.943173 0.999321 0.999321 4 1 0
0.943173 0.998807 0.998807 4 1 0
0.943173 0.999098 0.999098 4 1 0
0.943173 0.999274 0.999274 4 1 0
0.943173 0.999248 0.999248 4 1 0
0.943173 0.999037 0.999037 4 1 0
0.943173 0.99873 0.99873 4 1 0
0.943173 0.999324 0.999324 4 1 0
0.943173 0.999298 0.999298 4 1 0
0.943173 0.999138 0.999138 4 1 0
0.943173 0.998748 0.998748 4 1 0
0.943173 0.99907 0.99907 4 1 0
0.943173 0.999265 0.999265 4 1 0
0.943173 0.998893 0.998893 4 1 0
0.943173 0.998948 0.998948 4 1 0
0.943173 0.999201 0.999201 4 1 0
0.943173 0.998902 0.998902 4 1 0
0.943173 0.998726 0.998726 4 1 0
0.943173 0.999064 0.999064 4 1 0
0.943173 0.999326 0.999326 4 1 0
0.943173 0.999269 0.999269 4 1 0
0.943173 0.999059 0.999059 4 1 0
0.943173 0.999219 0.999219 4 1 0
0.943173 0.999327 0.999327 4 1 0
0.943173 0.999283 0.999283 4 1 0
0.943173 0.998834 0.998834 4 1 0
0.943173 0.999144 0.999144 4 1 0
0.943173 0.999304 0.999304 4 1 0
0.943173 0.999325 0.999325 4 1 0
0.943172 0.999272 0.999272 4 1 0
0.943172 0.999052 0.999052 4 1 0
0.943172 0.999056 0.999056 4 1 0
0.943172 0.999273 0.999273 4 1 0
0.943172 0.999327 0.999327 4 1 0
0.943172 0.998612 0.998612 4 1 0
0.943172 0.998835 0.998835 4 1 0
0.943172 0.999157 0.999157 4 1 0
0.943172 0.99929 0.99929 4 1 0
0.943172 0.999315 0.999315 4 1 0
0.943172 0.999157 0.999157 4 1 0
0.943172 0.998292 0.998292 4 1 0
0.943172 0.998806 0.998806 4 1 0
0.943172 0.999151 0.999151 4 1 0
0.943172 0.999217 0.999217 4 1 0
0.943172 0.998904 0.998904 4 1 0
0.943172 0.998382 0.998382 4 1 0
0.943172 0.998661 0.998661 4 1 0
0.943172 0.999069 0.999069 4 1 0
0.943172 0.999289 0.999289 4 1 0
0.943172 0.9992 0.9992 4 1 0
0.943172 0.998859 0.998859 4 1 0
0.943172 0.998844 0.998844 4 1 0
0.943172 0.999329 0.999329 4 1 0
0.943172 0.999197 0.999197 4 1 0
0.943172 0.998838 0.998838 4 1 0
0.943172 0.998431 0.998431 4 1 0
0.943172 0.998891 0.998891 4 1 0
0.943172 0.999219 0.999219 4 1 0
0.943172 0.999307 0.999307 4 1 0
0.943172 0.999093 0.999093 4 1 0
0.943172 0.998627 0.998627 4 1 0
0.943172 0.99847 0.99847 4 1 0
0.943172 0.998987 0.998987 4 1 0
0.943172 0.999274 0.999274 4 1 0
0.943172 0.999288 0.999288 4 1 0
0.943172 0.999005 0.999005 4 1 0
0.943172 0.998441 0.998441 4 1 0
0.943172 0.997797 0.997797 4 1 0
0.943172 0.998547 0.998547 4 1 0
0.943172 0.999054 0.999054 4 1 0
0.943172 0.999303 0.999303 4 1 0
0.943172 0.999275 0.999275 4 1 0
0.943172 0.998953 0.998953 4 1 0
0.943172 0.998717 0.998717 4 1 0
0.943172 0.999166 0.999166 4 1 0
0.943172 0.999329 0.999329 4 1 0
0.943172 0.999215 0.999215 4 1 0
0.943172 0.998777 0.998777 4 1 0
0.943172 0.998622 0.998622 4 1 0
0.943172 0.999047 0.999047 4 1 0
0.943172 0.999309 0.999309 4 1 0
0.943172 0.999241 0.999241 4 1 0
0.943172 0.998913 0.998913 4 1 0
0.943172 0.998172 0.998172 4 1 0
0.943172 0.998702 0.998702 4 1 0
0.943172 0.999052 0.999052 4 1 0
0.943172 0.999321 0.999321 4 1 0
0.943172 0.999218 0.999218 4 1 0
0.943172 0.998972 0.998972 4 1 0
0.943172 0.998212 0.998212 4 1 0
0.943172 0.997885 0.997885 4 1 0
0.943172 0.997961 0.997961 4 1 0
0.943172 0.9988 0.9988 4 1 0
0.943172 0.999253 0.999253 4 1 0
0.943172 0.999298 0.999298 4 1 0
0.943172 0.999227 0.999227 4 1 0
0.943172 0.998684 0.998684 4 1 0
0.943172 0.99883 0.99883 4 1 0
0.943172 0.999279 0.999279 4 1 0
0.943172 0.999257 0.999257 4 1 0
0.943172 0.998763 0.998763 4 1 0
0.943172 0.99862 0.99862 4 1 0
0.943172 0.99921 0.99921 4 1 0
0.943173 0.999291 0.999291 4 1 0
0.943172 0.999201 0.999201 4 1 0
0.943172 0.998529 0.998529 4 1 0
0.943173 0.998105 0.998105 4 1 0
0.943172 0.998995 0.998995 4 1 0
0.943172 0.99933 0.99933 4 1 0
0.943172 0.999015 0.999015 4 1 0
0.943172 0.998025 0.998025 4 1 0
0.943172 0.99792 0.99792 4 1 0
0.943172 0.998365 0.998365 4 1 0
0.943172 0.999158 0.999158 4 1 0
0.943172 0.999289 0.999289 4 1 0
0.943172 0.999274 0.999274 4 1 0
0.943172 0.999172 0.999172 4 1 0
0.943172 0.999058 0.999058 4 1 0
0.943171 0.998633 0.998633 4 1 0
0.943171 0.999112 0.999112 4 1 0
0.943171 0.999302 0.999302 4 1 0
0.943172 0.999208 0.999208 4 1 0
0.943172 0.999242 0.999242 4 1 0
0.943172 0.999241 0.999241 4 1 0
0.943172 0.999246 0.999246 4 1 0
0.943172 0.999183 0.999183 4 1 0
0.943172 0.99816 0.99816 4 1 0
0.943172 0.998717 0.998717 4 1 0
0.943172 0.999313 0.999313 4 1 0
0.943172 0.998921 0.998921 4 1 0
0.943172 0.998039 0.998039 4 1 0
0.943172 0.99874 0.99874 4 1 0
0.943172 0.999331 0.999331 4 1 0
0.943173 0.998857 0.998857 4 1 0
0.943173 0.999328 0.999328 4 1 0
0.943173 0.998606 0.998606 4 1 0
0.943173 0.998963 0.998963 4 1 0
0.943172 0.997253 0.997253 4 1 0
0.943172 0.998327 0.998327 4 1 0
0.943172 0.998687 0.998687 4 1 0
0.943172 0.997563 0.997563 4 1 0
0.943172 0.999078 0.999078 4 1 0
0.943172 0.99874 0.99874 4 1 0
0.943172 0.999292 0.999292 4 1 0
0.943172 0.998536 0.998536 4 1 0
0.943171 0.998935 0.998935 4 1 0
0.943171 0.999105 0.999105 4 1 0
0.943172 0.99908 0.99908 4 1 0
0.943171 0.999033 0.999033 4 1 0
0.943171 0.998708 0.998708 4 1 0
0.943172 0.999253 0.999253 4 1 0
0.943171 0.999105 0.999105 4 1 0
0.943172 0.997937 0.997937 4 1 0
0.943172 0.999327 0.999327 4 1 0
0.943173 0.999268 0.999268 4 1 0
0.943173 0.997365 0.997365 4 1 0
0.943173 0.999251 0.999251 4 1 0
0.943173 0.997309 0.997309 4 1 0
0.943173 0.999296 0.999296 4 1 0
0.943173 0.998027 0.998027 4 1 0
0.943173 0.99928 0.99928 4 1 0
0.943172 0.997905 0.997905 4 1 0
0.943173 0.998619 0.998619 4 1 0
0.943172 0.997898 0.997898 4 1 0
0.943172 0.99852 0.99852 4 1 0
0.943174 0.998801 0.998801 4 1 0
0.943172 0.997205 0.997205 4 1 0
0.943173 0.99924 0.99924 4 1 0
0.943175 0.999331 0.999331 4 1 0
0.943173 0.999237 0.999237 4 1 0
0.943176 0.99933 0.99933 4 1 0
0.943179 0.999238 0.999238 4 1 0
0.943173 0.99844 0.99844 4 1 0
0.943177 0.998183 0.998183 4 1 0
0.943194 0.998067 0.998067 4 1 0
0.943172 0.998402 0.998402 4 1 0
0.943182 0.998405 0.998405 4 1 0
0.943197 0.998939 0.998939 4 1 0
0.943178 0.999309 0.999309 4 1 0
0.94317 0.999224 0.999224 4 1 0
0.943171 0.999294 0.999294 4 1 0
0.943171 0.99641 0.99641 4 1 0
0.943187 0.999274 0.999274 4 1 0
0.943174 0.998217 0.998217 4 1 0
0.943169 0.997197 0.997197 4 1 0
0.943182 0.996791 0.996791 4 1 0
0.943223 0.999228 0.999228 4 1 0
0.943167 0.997154 0.997154 4 1 0
0.943195 0.999061 0.999061 4 1 0
0.943182 0.995407 0.995407 4 1 0
0.943156 0.999209 0.999209 4 1 0
0.943214 0.994819 0.994819 4 1 0
0.943229 0.998359 0.998359 4 1 0
0.943229 0.990086 0.990086 4 1 0
2.1476 0.918066 0.918066 4 2 0
2.15441 0.916526 0.916526 3 2 0
2.15792 0.915415 0.915415 3 2 0
2.16325 0.91387 0.91387 3 2 0
2.16624 0.912982 0.912982 3 2 0
2.1724 0.911122 0.911122 3 2 0
2.18546 0.907047 0.907047 3 2 0
2.20703 0.90027 0.90027 3 2 0
2.23108 0.892741 0.892741 3 2 0
2.25676 0.884635 0.884635 3 2 0
2.28321 0.875805 0.875805 3 2 0
2.30945 0.866549 0.866549 3 2 0
2.33456 0.857083 0.857083 3 2 0
2.35765 0.846882 0.846882 3 2 0
2.37794 0.835967 0.835967 3 2 0
2.3947 0.825166 0.825166 3 2 0
2.40735 0.813675 0.813675 3 2 0
2.41544 0.802319 0.802319 3 2 0
2.41875 0.791195 0.791195 3 2 0
2.41883 0.789203 0.789203 4 2 0
2.41647 0.778559 0.778559 4 2 0
2.40954 0.768859 0.768859 4 2 0
2.39841 0.760314 0.760314 4 2 0
2.38351 0.752416 0.752416 4 2 0
2.36535 0.745917 0.745917 4 2 0
2.34439 0.740303 0.740303 4 2 0
2.32107 0.73517 0.73517 4 2 0
2.29581 0.73135 0.73135 4 2 0
2.26894 0.728355 0.728355 4 2 0
2.2408 0.725819 0.725819 4 2 0
2.21165 0.723799 0.723799 4 2 0
2.18175 0.722229 0.722229 4 2 0
2.15133 0.721113 0.721113 4 2 0
2.1206 0.720727 0.720727 4 2 0
2.08974 0.72072 0.72072 4 2 0
2.05895 0.721038 0.721038 4 2 0
2.0284 0.721769 0.721769 4 2 0
1.99825 0.72265 0.72265 4 2 0
1.96869 0.723753 0.723753 4 2 0
1.93987 0.725215 0.725215 4 2 0
1.91194 0.72669 0.72669 4 2 0
1.88506 0.728219 0.728219 4 2 0
1.85936 0.729713 0.729713 4 2 0
1.83497 0.731107 0.731107 4 2 0
1.81202 0.733059 0.733059 4 2 0
1.79059 0.734869 0.734869 4 2 0
1.77076 0.736193 0.736193 4 2 0
1.75261 0.737096 0.737096 4 2 0
1.73618 0.737642 0.737642 4 2 0
1.72149 0.73852 0.73852 4 2 0
1.70858 0.739039 0.739039 4 2 0
1.69745 0.738889 0.738889 4 2 0
1.6881 0.738206 0.738206 4 2 0
1.68052 0.736731 0.736731 4 2 0
1.67471 0.735087 0.735087 4 2 0
1.67067 0.733342 0.733342 4 2 0
1.66837 0.730738 0.730738 4 2 0
1.66781 0.728332 0.728332 4 2 0
1.66881 0.731495 0.731495 4 2 0
1.67156 0.733791 0.733791 4 2 0
1.67607 0.735253 0.735253 4 2 0
1.68234 0.737277 0.737277 4 2 0
1.69038 0.738479 0.738479 4 2 0
1.7002 0.738951 0.738951 4 2 0
1.7118 0.73873 0.73873 4 2 0
1.72518 0.738074 0.738074 4 2 0
1.74032 0.737985 0.737985 4 2 0
1.75721 0.737125 0.737125 4 2 0
1.7758 0.735799 0.735799 4 2 0
1.79605 0.734467 0.734467 4 2 0
1.81789 0.732759 0.732759 4 2 0
1.84123 0.73086 0.73086 4 2 0
1.86598 0.729245 0.729245 4 2 0
1.892 0.72776 0.72776 4 2 0
1.91917 0.726263 0.726263 4 2 0
1.94735 0.724848 0.724848 4 2 0
1.97639 0.723543 0.723543 4 2 0
2.00612 0.72245 0.72245 4 2 0
2.03639 0.721642 0.721642 4 2 0
2.06702 0.721115 0.721115 4 2 0
2.09785 0.72092 0.72092 4 2 0
2.12869 0.721103 0.721103 4 2 0
2.15936 0.721665 0.721665 4 2 0
2.18967 0.722624 0.722624 4 2 0
2.21939 0.723932 0.723932 4 2 0
2.24829 0.726306 0.726306 4 2 0
2.27613 0.729163 0.729163 4 2 0
2.3026 0.732378 0.732378 4 2 0
2.32738 0.73656 0.73656 4 2 0
2.35011 0.741729 0.741729 4 2 0
2.37038 0.747386 0.747386 4 2 0
2.38773 0.754532 0.754532 4 2 0
2.40168 0.762279 0.762279 4 2 0
2.41176 0.771465 0.771465 4 2 0
2.41753 0.781172 0.781172 4 2 0
2.41883 0.789185 0.789185 4 2 0
2.41644 0.800071 0.800071 3 2 0
2.40924 0.811588 0.811588 3 2 0
2.39743 0.822968 0.822968 3 2 0
2.38139 0.834126 0.834126 3 2 0
2.36172 0.844794 0.844794 3 2 0
2.33911 0.855225 0.855225 3 2 0
2.31435 0.864804 0.864804 3 2 0
2.28829 0.873929 0.873929 3 2 0
2.26186 0.882925 0.882925 3 2 0
2.236 0.891288 0.891288 3 2 0
2.2116 0.89899 0.89899 3 2 0
2.18927 0.906017 0.906017 3 2 0
2.16927 0.912081 0.912081 3 2 0
2.1514 0.917407 0.917407 3 2 0
2.14781 0.91841 0.91841 3 2 0
2.1319 0.92232 0.92232 4 2 0
2.11668 0.925118 0.925118 4 2 0
2.10163 0.926534 0.926534 4 2 0
2.08619 0.926623 0.926623 4 2 0
2.06999 0.925625 0.925625 4 2 0
2.05275 0.923083 0.923083 4 2 0
2.03432 0.919387 0.919387 4 2 0
2.01466 0.914425 0.914425 4 2 0
1.99377 0.908176 0.908176 4 2 0
1.9717 0.901068 0.901068 4 2 0
1.94853 0.892834 0.892834 4 2 0
1.92436 0.883752 0.883752 4 2 0
1.89927 0.873921 0.873921 4 2 0
1.87337 0.863411 0.863411 4 2 0
1.84673 0.852367 0.852367 4 2 0
1.81944 0.840963 0.840963 4 2 0
1.79157 0.829386 0.829386 4 2 0
1.7632 0.817912 0.817912 4 2 0
1.73437 0.806793 0.806793 4 2 0
1.70516 0.796476 0.796476 4 2 0
1.6756 0.787444 0.787444 4 2 0
1.64574 0.780052 0.780052 4 2 0
1.61563 0.774103 0.774103 4 2 0
1.5853 0.769404 0.769404 4 2 0
1.55479 0.765718 0.765718 4 2 0
1.52413 0.763349 0.763349 4 2 0
1.49336 0.761543 0.761543 4 2 0
1.46251 0.760625 0.760625 4 2 0
1.43161 0.760668 0.760668 4 2 0
1.40069 0.76107 0.76107 4 2 0
1.3698 0.762316 0.762316 4 2 0
1.33896 0.764032 0.764032 4 2 0
1.30822 0.76577 0.76577 4 2 0
1.27763 0.769118 0.769118 4 2 0
1.24722 0.771871 0.771871 4 2 0
1.21706 0.77564 0.77564 4 2 0
1.1872 0.780015 0.780015 4 2 0
1.1577 0.784079 0.784079 4 2 0
1.12863 0.788516 0.788516 4 2 0
1.10005 0.794151 0.794151 4 2 0
1.07202 0.79924 0.79924 4 2 0
1.04462 0.804088 0.804088 4 2 0
1.01789 0.810587 0.810587 4 2 0
0.991888 0.816651 0.816651 4 2 0
0.966652 0.822053 0.822053 4 2 0
0.942216 0.828902 0.828902 4 2 0
0.918603 0.835325 0.835325 4 2 0
0.895826 0.840958 0.840958 4 2 0
0.873893 0.847901 0.847901 4 2 0
0.852803 0.855072 0.855072 4 2 0
0.832555 0.861389 0.861389 4 2 0
0.813141 0.867593 0.867593 4 2 0
0.794555 0.875269 0.875269 4 2 0
0.776791 0.882039 0.882039 4 2 0
0.759845 0.888511 0.888511 4 2 0
0.743719 0.894657 0.894657 4 2 0
0.728416 0.902552 0.902552 4 2 0
0.713949 0.909507 0.909507 4 2 0
0.700335 0.915836 0.915836 4 2 0
0.687599 0.921102 0.921102 4 2 0
0.675772 0.928194 0.928194 4 2 0
0.664889 0.933765 0.933765 4 2 0
0.654984 0.940737 0.940737 4 2 0
0.646084 0.944859 0.944859 4 2 0
0.6382 0.950373 0.950373 4 2 0
0.63132 0.955785 0.955785 4 2 0
0.625404 0.959872 0.959872 4 2 0
0.620385 0.963794 0.963794 4 2 0
0.616176 0.966436 0.966436 4 2 0
0.612681 0.967581 0.967581 4 2 0
0.609802 0.971333 0.971333 4 2 0
0.607444 0.97364 0.97364 4 2 0
0.605522 0.972954 0.972954 4 2 0
0.603964 0.973225 0.973225 4 2 0
0.602705 0.975933 0.975933 4 2 0
0.601691 0.977068 0.977068 4 2 0
0.600879 0.978193 0.978193 4 2 0
0.600231 0.979248 0.979248 4 2 0
0.599715 0.978848 0.978848 4 2 0
0.599308 0.977764 0.977764 4 2 0
0.598988 0.975948 0.975948 4 2 0
0.598739 0.980293 0.980293 4 2 0
0.598545 0.98031 0.98031 4 2 0
0.598395 0.97965 0.97965 4 2 0
0.59828 0.980835 0.980835 4 2 0
0.598193 0.980671 0.980671 4 2 0
0.598127 0.980889 0.980889 4 2 0
0.598078 0.980898 0.980898 4 2 0
0.598041 0.98104 0.98104 4 2 0
0.598015 0.980053 0.980053 4 2 0
0.597995 0.981048 0.981048 4 2 0
0.597981 0.980289 0.980289 4 2 0
0.597971 0.977202 0.977202 4 2 0
0.597962 0.978712 0.978712 4 2 0
0.597957 0.97933 0.97933 4 2 0
0.597955 0.979584 0.979584 4 2 0
0.597956 0.979369 0.979369 4 2 0
0.597954 0.97865 0.97865 4 2 0
0.597954 0.978643 0.978643 4 2 0
0.597953 0.977579 0.977579 4 2 0
0.597953 0.977232 0.977232 4 2 0
0.597953 0.97671 0.97671 4 2 0
0.597953 0.978222 0.978222 4 2 0
1.66781 0.728332 0.728332 4 3 0
1.68603 0.724222 0.724222 4 3 0
1.71394 0.718444 0.718444 4 3 0
1.75536 0.71015 0.71015 4 3 0
1.80169 0.701147 0.701147 4 3 0
1.8483 0.692413 0.692413 4 3 0
1.89518 0.683658 0.683658 4 3 0
1.94228 0.675442 0.675442 4 3 0
1.98959 0.667469 0.667469 4 3 0
2.0371 0.659362 0.659362 4 3 0
2.08478 0.651852 0.651852 4 3 0
2.13261 0.64456 0.64456 4 3 0
2.1806 0.637508 0.637508 4 3 0
2.22871 0.630623 0.630623 4 3 0
2.27694 0.623933 0.623933 4 3 0
2.32529 0.617698 0.617698 4 3 0
2.37374 0.611371 0.611371 4 3 0
2.42228 0.605216 0.605216 4 3 0
2.47091 0.5994 0.5994 4 3 0
2.51962 0.593567 0.593567 4 3 0
2.5684 0.587888 0.587888 4 3 0
2.61726 0.582028 0.582028 4 3 0
2.66617 0.576634 0.576634 4 3 0
2.71515 0.571376 0.571376 4 3 0
2.76418 0.566054 0.566054 4 3 0
2.81326 0.561053 0.561053 4 3 0
2.86239 0.556173 0.556173 4 3 0
2.91156 0.551576 0.551576 4 3 0
2.96078 0.546931 0.546931 4 3 0
3.01003 0.542395 0.542395 4 3 0
3.05932 0.538385 0.538385 4 3 0
3.10864 0.534047 0.534047 4 3 0
3.158 0.529807 0.529807 4 3 0
3.20739 0.525383 0.525383 4 3 0
3.2568 0.521331 0.521331 4 3 0
3.30624 0.517367 0.517367 4 3 0
3.35571 0.513668 0.513668 4 3 0
3.4052 0.509868 0.509868 4 3 0
3.45471 0.506146 0.506146 4 3 0
3.50424 0.502594 0.502594 4 3 0
3.55379 0.499021 0.499021 4 3 0
3.60336 0.495519 0.495519 4 3 0
3.65295 0.491887 0.491887 4 3 0
3.70256 0.488525 0.488525 4 3 0
3.75218 0.485228 0.485228 4 3 0
3.80181 0.481652 0.481652 4 3 0
3.85146 0.478484 0.478484 4 3 0
3.90113 0.475374 0.475374 4 3 0
3.9508 0.472314 0.472314 4 3 0
4.00049 0.469309 0.469309 4 3 0
4.05019 0.466359 0.466359 4 3 0
4.0999 0.463765 0.463765 4 3 0
4.14962 0.460919 0.460919 4 3 0
4.19936 0.458122 0.458122 4 3 0
4.2491 0.455491 0.455491 4 3 0
4.29885 0.45279 0.45279 4 3 0
4.3486 0.450134 0.450134 4 3 0
4.39837 0.447503 0.447503 4 3 0
4.44815 0.444936 0.444936 4 3 0
4.49793 0.44241 0.44241 4 3 0
4.54772 0.439911 0.439911 4 3 0
4.59751 0.437466 0.437466 4 3 0
4.64732 0.435061 0.435061 4 3 0
4.69713 0.432691 0.432691 4 3 0
4.74694 0.43036 0.43036 4 3 0
4.79676 0.428066 0.428066 4 3 0
4.84659 0.425817 0.425817 4 3 0
4.89642 0.423592 0.423592 4 3 0
4.94626 0.4214 0.4214 4 3 0
4.9961 0.419267 0.419267 4 3 0
5.04595 0.41714 0.41714 4 3 0
2 0.836776 0.836776 4 1 0
1.98863 0.836711 0.836711 3 1 0
1.96549 0.836663 0.836663 4 1 0
1.93581 0.836966 0.836966 4 1 0
1.90539 0.837489 0.837489 4 1 0
1.87434 0.838144 0.838144 4 1 0
1.84275 0.839129 0.839129 4 1 0
1.81069 0.840114 0.840114 4 1 0
1.77823 0.841818 0.841818 4 1 0
1.74544 0.843696 0.843696 4 1 0
1.71237 0.845567 0.845567 4 1 0
1.67909 0.847531 0.847531 4 1 0
1.64565 0.849939 0.849939 4 1 0
1.6121 0.852705 0.852705 4 1 0
1.57849 0.855572 0.855572 4 1 0
1.54486 0.858523 0.858523 4 1 0
1.51128 0.861581 0.861581 4 1 0
1.47779 0.865259 0.865259 4 1 0
1.44445 0.869102 0.869102 4 1 0
1.41131 0.873157 0.873157 4 1 0
1.37845 0.877337 0.877337 4 1 0
1.34592 0.881446 0.881446 4 1 0
1.31381 0.886332 0.886332 4 1 0
1.28223 0.891378 0.891378 4 1 0
1.25126 0.896512 0.896512 4 1 0
1.22106 0.901706 0.901706 4 1 0
1.19178 0.906984 0.906984 4 1 0
1.16362 0.912776 0.912776 4 1 0
1.13679 0.918488 0.918488 4 1 0
1.11155 0.924104 0.924104 4 1 0
1.08818 0.929565 0.929565 4 1 0
1.06692 0.934795 0.934795 4 1 0
1.04794 0.93961 0.93961 4 1 0
1.03132 0.94406 0.94406 4 1 0
1.017 0.948057 0.948057 4 1 0
1.00483 0.95141 0.95141 4 1 0
0.994567 0.954296 0.954296 4 1 0
0.985973 0.956478 0.956478 4 1 0
0.978796 0.95831 0.95831 4 1 0
0.972813 0.959758 0.959758 4 1 0
0.967826 0.960647 0.960647 4 1 0
0.963671 0.961389 0.961389 4 1 0
0.960207 0.961636 0.961636 4 1 0
0.957319 0.961338 0.961338 4 1 0
0.954911 0.961304 0.961304 4 1 0
0.952904 0.960836 0.960836 4 1 0
0.951231 0.95987 0.95987 4 1 0
0.949837 0.959323 0.959323 4 1 0
0.948677 0.95826 0.95826 4 1 0
0.947713 0.957584 0.957584 4 1 0
0.946912 0.956791 0.956791 4 1 0
0.946248 0.955628 0.955628 4 1 0
0.945699 0.954998 0.954998 4 1 0
0.945244 0.953739 0.953739 4 1 0
0.94487 0.952553 0.952553 4 1 0
0.944561 0.952382 0.952382 4 1 0
0.944308 0.951606 0.951606 4 1 0
0.9441 0.950629 0.950629 4 1 0
0.943929 0.950307 0.950307 4 1 0
0.94379 0.949404 0.949404 4 1 0
0.943677 0.948586 0.948586 4 1 0
0.943584 0.948571 0.948571 4 1 0
0.943509 0.94798 0.94798 4 1 0
0.943448 0.947564 0.947564 4 1 0
0.943398 0.947268 0.947268 4 1 0
0.943358 0.946406 0.946406 4 1 0
0.943325 0.946169 0.946169 4 1 0
0.943298 0.944846 0.944846 4 1 0
0.943277 0.945611 0.945611 4 1 0
0.943259 0.94441 0.94441 4 1 0
0.943245 0.945264 0.945264 4 1 0
0.943233 0.945515 0.945515 4 1 0
0.943223 0.945363 0.945363 4 1 0
0.943215 0.944812 0.944812 4 1 0
0.943209 0.943683 0.943683 4 1 0
0.943204 0.944948 0.944948 4 1 0
0.943199 0.944242 0.944242 4 1 0
0.943195 0.942951 0.942951 4 1 0
0.943192 0.944364 0.944364 4 1 0
0.94319 0.943271 0.943271 4 1 0
0.943188 0.944003 0.944003 4 1 0
0.943186 0.942656 0.942656 4 1 0
0.943184 0.943927 0.943927 4 1 0
0.943183 0.944533 0.944533 4 1 0
0.943182 0.944575 0.944575 4 1 0
0.943181 0.944151 0.944151 4 1 0
0.94318 0.943091 0.943091 4 1 0
0.94318 0.944205 0.944205 4 1 0
0.943179 0.944517 0.944517 4 1 0
0.943179 0.944157 0.944157 4 1 0
0.943178 0.94348 0.94348 4 1 0
0.943178 0.9426 0.9426 4 1 0
0.943178 0.943886 0.943886 4 1 0
0.943177 0.944426 0.944426 4 1 0
0.943177 0.943789 0.943789 4 1 0
0.943177 0.942509 0.942509 4 1 0
0.943177 0.94329 0.94329 4 1 0
0.943176 0.943638 0.943638 4 1 0
0.943176 0.94438 0.94438 4 1 0
0.943176 0.944048 0.944048 4 1 0
0.943176 0.944469 0.944469 4 1 0
0.943176 0.944146 0.944146 4 1 0
0.943176 0.944058 0.944058 4 1 0
0.943175 0.944467 0.944467 4 1 0
0.943175 0.944112 0.944112 4 1 0
0.943175 0.944262 0.944262 4 1 0
0.943175 0.944441 0.944441 4 1 0
0.943175 0.943842 0.943842 4 1 0
0.943175 0.942597 0.942597 4 1 0
0.943175 0.943136 0.943136 4 1 0
0.943175 0.94421 0.94421 4 1 0
0.943174 0.944296 0.944296 4 1 0
0.943174 0.943372 0.943372 4 1 0
0.943174 0.942458 0.942458 4 1 0
0.943174 0.944426 0.944426 4 1 0
0.943174 0.944268 0.944268 4 1 0
0.943174 0.94328 0.94328 4 1 0
0.943174 0.943992 0.943992 4 1 0
0.943174 0.944467 0.944467 4 1 0
0.943174 0.944068 0.944068 4 1 0
0.943174 0.944368 0.944368 4 1 0
0.943174 0.943511 0.943511 4 1 0
0.943174 0.942993 0.942993 4 1 0
0.943174 0.944465 0.944465 4 1 0
0.943174 0.944103 0.944103 4 1 0
0.943174 0.942849 0.942849 4 1 0
0.943173 0.944252 0.944252 4 1 0
0.943173 0.944422 0.944422 4 1 0
0.943173 0.943659 0.943659 4 1 0
0.943173 0.94379 0.94379 4 1 0
0.943173 0.944455 0.944455 4 1 0
0.943173 0.944146 0.944146 4 1 0
0.943173 0.943237 0.943237 4 1 0
0.943173 0.943562 0.943562 4 1 0
0.943173 0.944414 0.944414 4 1 0
0.943173 0.944052 0.944052 4 1 0
0.943173 0.942659 0.942659 4 1 0
0.943173 0.943936 0.943936 4 1 0
0.943173 0.944431 0.944431 4 1 0
0.943173 0.943638 0.943638 4 1 0
0.943173 0.943024 0.943024 4 1 0
0.943173 0.941559 0.941559 4 1 0
0.943173 0.942585 0.942585 4 1 0
0.943173 0.942588 0.942588 4 1 0
0.943173 0.943015 0.943015 4 1 0
0.943173 0.944257 0.944257 4 1 0
0.943173 0.944393 0.944393 4 1 0
0.943173 0.941543 0.941543 4 1 0
0.943173 0.942406 0.942406 4 1 0
0.943173 0.944013 0.944013 4 1 0
0.943173 0.940923 0.940923 4 1 0
0.943173 0.943237 0.943237 4 1 0
0.943173 0.944352 0.944352 4 1 0
0.943173 0.942233 0.942233 4 1 0
0.943173 0.941863 0.941863 4 1 0
0.943173 0.943778 0.943778 4 1 0
0.943173 0.940866 0.940866 4 1 0
0.943173 0.943166 0.943166 4 1 0
0.943173 0.944344 0.944344 4 1 0
0.943173 0.942163 0.942163 4 1 0
0.943173 0.942049 0.942049 4 1 0
0.943173 0.943903 0.943903 4 1 0
0.943172 0.942377 0.942377 4 1 0
0.943172 0.941934 0.941934 4 1 0
0.943172 0.943865 0.943865 4 1 0
0.943172 0.943747 0.943747 4 1 0
0.943172 0.94178 0.94178 4 1 0
0.943172 0.942642 0.942642 4 1 0
0.943172 0.942964 0.942964 4 1 0
0.943172 0.941325 0.941325 4 1 0
0.943172 0.943599 0.943599 4 1 0
0.943172 0.942489 0.942489 4 1 0
0.943172 0.941914 0.941914 4 1 0
0.943172 0.94391 0.94391 4 1 0
0.943172 0.94262 0.94262 4 1 0
0.943172 0.941668 0.941668 4 1 0
0.943172 0.943815 0.943815 4 1 0
0.943172 0.942726 0.942726 4 1 0
0.943172 0.941484 0.941484 4 1 0
0.943172 0.94375 0.94375 4 1 0
0.943172 0.943583 0.943583 4 1 0
0.943172 0.941257 0.941257 4 1 0
0.943172 0.942903 0.942903 4 1 0
0.943172 0.944343 0.944343 4 1 0
0.943172 0.942941 0.942941 4 1 0
0.943172 0.941044 0.941044 4 1 0
0.943172 0.944392 0.944392 4 1 0
0.943172 0.944111 0.944111 4 1 0
1.971 0.738192 0.738192 4 4 0
1.97098 0.739635 0.739635 4 4 0
1.97092 0.740631 0.740631 3 4 0
1.97041 0.745032 0.745032 3 4 0
1.9695 0.749488 0.749488 3 4 0
1.96823 0.753938 0.753938 3 4 0
1.96667 0.758974 0.758974 3 4 0
1.96488 0.763955 0.763955 3 4 0
1.96288 0.768644 0.768644 3 4 0
1.96067 0.773629 0.773629 3 4 0
1.95818 0.777952 0.777952 3 4 0
1.95535 0.782027 0.782027 4 4 0
1.95204 0.785603 0.785603 4 4 0
1.94812 0.788688 0.788688 4 4 0
1.94347 0.791037 0.791037 4 4 0
1.93794 0.792884 0.792884 4 4 0
1.93142 0.794066 0.794066 4 4 0
1.92381 0.794683 0.794683 4 4 0
1.915 0.795201 0.795201 4 4 0
1.90491 0.795318 0.795318 4 4 0
1.89345 0.795205 0.795205 4 4 0
1.88054 0.794638 0.794638 4 4 0
1.86609 0.793432 0.793432 4 4 0
1.85014 0.791405 0.791405 4 4 0
1.83301 0.788575 0.788575 4 4 0
1.81581 0.784535 0.784535 4 4 0
1.79981 0.780489 0.780489 4 4 0
1.78515 0.776713 0.776713 4 4 0
1.77127 0.773054 0.773054 4 4 0
1.75763 0.769839 0.769839 4 4 0
1.7438 0.767175 0.767175 4 4 0
1.72943 0.764969 0.764969 4 4 0
1.71417 0.763294 0.763294 4 4 0
1.69765 0.762747 0.762747 4 4 0
1.67946 0.762677 0.762677 4 4 0
1.65917 0.763351 0.763351 4 4 0
1.63635 0.76453 0.76453 4 4 0
1.61067 0.767206 0.767206 4 4 0
1.58203 0.770923 0.770923 4 4 0
1.55061 0.775732 0.775732 4 4 0
1.51692 0.781502 0.781502 4 4 0
1.48157 0.788187 0.788187 4 4 0
1.4452 0.79565 0.79565 4 4 0
1.40831 0.803876 0.803876 4 4 0
1.37132 0.812657 0.812657 4 4 0
1.33457 0.821668 0.821668 4 4 0
1.29833 0.831341 0.831341 4 4 0
1.2629 0.841308 0.841308 4 4 0
1.22855 0.851045 0.851045 4 4 0
1.19561 0.861345 0.861345 4 4 0
1.16441 0.871601 0.871601 4 4 0
1.13533 0.881881 0.881881 4 4 0
1.10869 0.891485 0.891485 4 4 0
1.08476 0.90056 0.90056 4 4 0
1.06364 0.908942 0.908942 4 4 0
1.04531 0.916621 0.916621 4 4 0
1.02958 0.923504 0.923504 4 4 0
1.01618 0.929778 0.929778 4 4 0
1.00483 0.935158 0.935158 4 4 0
0.995222 0.939856 0.939856 4 4 0
0.987094 0.944129 0.944129 4 4 0
0.980215 0.94771 0.94771 4 4 0
0.974386 0.950747 0.950747 4 4 0
0.969441 0.953201 0.953201 4 4 0
0.965243 0.955655 0.955655 4 4 0
0.961676 0.957636 0.957636 4 4 0
0.958644 0.958908 0.958908 4 4 0
0.956067 0.960356 0.960356 4 4 0
0.953878 0.962515 0.962515 4 4 0
0.952021 0.964479 0.964479 4 4 0
0.950449 0.96589 0.96589 4 4 0
0.949122 0.967788 0.967788 4 4 0
0.948008 0.969146 0.969146 4 4 0
0.947078 0.970534 0.970534 4 4 0
0.94631 0.97198 0.97198 4 4 0
0.945682 0.97279 0.97279 4 4 0
0.945175 0.974097 0.974097 4 4 0
0.94477 0.974999 0.974999 4 4 0
0.94445 0.975935 0.975935 4 4 0
0.944198 0.976356 0.976356 4 4 0
0.943999 0.977487 0.977487 4 4 0
0.943843 0.978154 0.978154 4 4 0
0.943719 0.97851 0.97851 4 4 0
0.94362 0.979427 0.979427 4 4 0
0.943541 0.979975 0.979975 4 4 0
0.943478 0.98046 0.98046 4 4 0
0.943426 0.980911 0.980911 4 4 0
0.943385 0.981417 0.981417 4 4 0
0.943351 0.982132 0.982132 4 4 0
0.943323 0.982396 0.982396 4 4 0
0.9433 0.98283 0.98283 4 4 0
0.943282 0.983592 0.983592 4 4 0
0.943266 0.983944 0.983944 4 4 0
0.943253 0.984533 0.984533 4 4 0
0.943243 0.984825 0.984825 4 4 0
0.943234 0.985366 0.985366 4 4 0
0.943227 0.98588 0.98588 4 4 0
0.943221 0.986109 0.986109 4 4 0
0.943216 0.986724 0.986724 4 4 0
0.943212 0.986946 0.986946 4 4 0
0.943209 0.987583 0.987583 4 4 0
0.943206 0.98799 0.98799 4 4 0
0.943204 0.988432 0.988432 4 4 0
0.943202 0.988696 0.988696 4 4 0
0.9432 0.989123 0.989123 4 4 0
0.943199 0.989625 0.989625 4 4 0
0.943197 0.989901 0.989901 4 4 0
0.943196 0.990161 0.990161 4 4 0
0.943196 0.990752 0.990752 4 4 0
0.943195 0.991015 0.991015 4 4 0
0.943194 0.991332 0.991332 4 4 0
0.943194 0.991666 0.991666 4 4 0
0.943194 0.992144 0.992144 4 4 0
0.943193 0.992481 0.992481 4 4 0
0.943193 0.992816 0.992816 4 4 0
0.943193 0.993109 0.993109 4 4 0
0.943193 0.993313 0.993313 4 4 0
0.943192 0.99374 0.99374 4 4 0
0.943192 0.993969 0.993969 4 4 0
0.943192 0.994136 0.994136 4 4 0
0.943192 0.994476 0.994476 4 4 0
0.943192 0.99484 0.99484 4 4 0
0.943192 0.995117 0.995117 4 4 0
0.943192 0.995246 0.995246 4 4 0
0.943192 0.995513 0.995513 4 4 0
0.943192 0.995818 0.995818 4 4 0
0.943192 0.996049 0.996049 4 4 0
0.943192 0.996292 0.996292 4 4 0
0.943192 0.996502 0.996502 4 4 0
0.943192 0.996621 0.996621 4 4 0
0.943192 0.996787 0.996787 4 4 0
0.943192 0.997023 0.997023 4 4 0
0.943192 0.99725 0.99725 4 4 0
0.943192 0.997426 0.997426 4 4 0
0.943192 0.997588 0.997588 4 4 0
0.943192 0.997638 0.997638 4 4 0
0.943192 0.997805 0.997805 4 4 0
0.943192 0.997954 0.997954 4 4 0
0.943192 0.998138 0.998138 4 4 0
0.943192 0.998256 0.998256 4 4 0
0.943192 0.998366 0.998366 4 4 0
0.943192 0.998413 0.998413 4 4 0
0.943192 0.99852 0.99852 4 4 0
0.943192 0.998621 0.998621 4 4 0
0.943192 0.998713 0.998713 4 4 0
