5.5071 19.3412 6.77563 4 1 0
5.51572 19.342 6.77563 3 1 0
5.52872 19.3427 6.7763 3 1 0
5.5481 19.3437 6.77736 3 1 0
5.58674 19.3461 6.7797 3 1 0
5.62945 19.349 6.78261 3 1 0
5.67183 19.3522 6.78584 3 1 0
5.71383 19.3558 6.78938 3 1 0
5.75535 19.3596 6.79324 3 1 0
5.79631 19.3638 6.79741 3 1 0
5.8366 19.3683 6.8019 3 1 0
5.87612 19.3731 6.80671 3 1 0
5.91472 19.3782 6.81186 3 1 0
5.95225 19.3837 6.81735 3 1 0
5.98852 19.3896 6.8232 3 1 0
6.02332 19.3958 6.82941 3 1 0
6.05637 19.4024 6.836 3 1 0
6.08739 19.4094 6.84298 3 1 0
6.11603 19.4167 6.85034 3 1 0
6.1419 19.4244 6.85807 3 1 0
6.16462 19.4325 6.86612 3 1 0
6.1838 19.4408 6.87444 3 1 0
6.1991 19.4493 6.88295 3 1 0
6.21028 19.4579 6.89154 3 1 0
6.21721 19.4665 6.90012 3 1 0
6.21991 19.4749 6.90856 3 1 0
6.21995 19.4762 6.90983 4 1 0
6.2179 19.4843 6.91796 4 1 0
6.21194 19.4922 6.92578 4 1 0
6.20228 19.4996 6.9332 4 1 0
6.1892 19.5065 6.94017 4 1 0
6.17292 19.513 6.94662 4 1 0
6.1537 19.5189 6.95254 4 1 0
6.13177 19.5243 6.95789 4 1 0
6.10735 19.529 6.96266 4 1 0
6.08067 19.5332 6.96682 4 1 0
6.05192 19.5367 6.97036 4 1 0
6.02132 19.5397 6.97329 4 1 0
5.98904 19.542 6.9756 4 1 0
5.95528 19.5437 6.97728 4 1 0
5.92019 19.5447 6.97836 4 1 0
5.88393 19.5452 6.97883 4 1 0
5.84663 19.5451 6.97872 4 1 0
5.80844 19.5444 6.97803 4 1 0
5.76945 19.5431 6.97677 4 1 0
5.72977 19.5413 6.97497 4 1 0
5.6895 19.539 6.97264 4 1 0
5.6487 19.5361 6.96978 4 1 0
5.60746 19.5328 6.96641 4 1 0
5.56583 19.5289 6.96255 4 1 0
5.52388 19.5246 6.9582 4 1 0
5.48165 19.5198 6.95338 4 1 0
5.43919 19.5145 6.94809 4 1 0
5.39654 19.5087 6.94234 4 1 0
5.35374 19.5025 6.93613 4 1 0
5.31083 19.4958 6.92948 4 1 0
5.26784 19.4887 6.92238 4 1 0
5.22482 19.4812 6.91483 4 1 0
5.18178 19.4732 6.90684 4 1 0
5.13877 19.4648 6.89841 4 1 0
5.09582 19.4559 6.88953 4 1 0
5.05296 19.4466 6.8802 4 1 0
5.01022 19.4368 6.87043 4 1 0
4.96765 19.4266 6.86021 4 1 0
4.92528 19.4159 6.84952 4 1 0
4.88316 19.4047 6.83837 4 1 0
4.84131 19.3931 6.82676 4 1 0
4.7998 19.381 6.81466 4 1 0
4.75867 19.3685 6.80209 4 1 0
4.71798 19.3554 6.78902 4 1 0
4.67777 19.3418 6.77545 4 1 0
4.63813 19.3277 6.76137 4 1 0
4.5991 19.3131 6.74677 4 1 0
4.56077 19.298 6.73165 4 1 0
4.52322 19.2824 6.71599 4 1 0
4.48654 19.2662 6.69978 4 1 0
4.45083 19.2494 6.68303 4 1 0
4.41618 19.2321 6.66572 4 1 0
4.38272 19.2142 6.64785 4 1 0
4.35055 19.1958 6.62941 4 1 0
4.31981 19.1768 6.61041 4 1 0
4.29064 19.1572 6.59085 4 1 0
4.26318 19.1371 6.57073 4 1 0
4.23757 19.1164 6.55007 4 1 0
4.21396 19.0953 6.52888 4 1 0
4.19252 19.0736 6.50718 4 1 0
4.17337 19.0514 6.485 4 1 0
4.15668 19.0287 6.46236 4 1 0
4.14256 19.0057 6.43932 4 1 0
4.13114 18.9823 6.41591 4 1 0
4.12252 18.9586 6.39218 4 1 0
4.11677 18.9346 6.3682 4 1 0
4.11394 18.9104 6.34402 4 1 0
4.11365 18.8967 6.33038 4 1 0
4.11543 18.8725 6.3061 4 1 0
4.12014 18.8481 6.28176 4 1 0
4.12776 18.8239 6.25748 4 1 0
4.1382 18.7997 6.23335 4 1 0
4.15137 18.7758 6.20944 4 1 0
4.16717 18.7522 6.18583 4 1 0
4.18547 18.729 6.16258 4 1 0
4.20612 18.7061 6.13977 4 1 0
4.22898 18.6838 6.11743 4 1 0
4.2539 18.662 6.09564 4 1 0
4.28073 18.6408 6.07443 4 1 0
4.30932 18.6202 6.05385 4 1 0
4.33953 18.6003 6.03391 4 1 0
4.37121 18.581 6.01464 4 1 0
4.40423 18.5624 5.99607 4 1 0
4.43848 18.5446 5.9782 4 1 0
4.47384 18.5274 5.96105 4 1 0
4.51019 18.511 5.9446 4 1 0
4.54744 18.4952 5.92887 4 1 0
4.58551 18.4802 5.91385 4 1 0
4.6243 18.4659 5.89953 4 1 0
4.66374 18.4523 5.8859 4 1 0
4.70376 18.4393 5.87296 4 1 0
4.74429 18.4271 5.8607 4 1 0
4.78528 18.4155 5.84909 4 1 0
4.82666 18.4045 5.83813 4 1 0
4.86839 18.3942 5.8278 4 1 0
4.91042 18.3845 5.81809 4 1 0
4.95271 18.3753 5.80898 4 1 0
4.99522 18.3668 5.80045 4 1 0
5.0379 18.3589 5.7925 4 1 0
5.08072 18.3515 5.7851 4 1 0
5.12364 18.3446 5.77824 4 1 0
5.16664 18.3383 5.7719 4 1 0
5.20967 18.3324 5.76607 4 1 0
5.2527 18.3271 5.76072 4 1 0
5.29571 18.3222 5.75584 4 1 0
5.33865 18.3178 5.75142 4 1 0
5.38149 18.3138 5.74744 4 1 0
5.42419 18.3102 5.74388 4 1 0
5.46672 18.3071 5.74072 4 1 0
5.50904 18.3043 5.73794 4 1 0
5.5511 18.3019 5.73554 4 1 0
5.59284 18.2999 5.73348 4 1 0
5.63423 18.2981 5.73176 4 1 0
5.67518 18.2967 5.73034 4 1 0
5.71565 18.2956 5.72923 4 1 0
5.75554 18.2948 5.72838 4 1 0
5.79478 18.2942 5.7278 4 1 0
5.83326 18.2938 5.72745 4 1 0
5.87088 18.2937 5.72731 4 1 0
5.90752 18.2937 5.72736 4 1 0
5.94303 18.294 5.72759 4 1 0
5.97728 18.2943 5.72796 4 1 0
6.01009 18.2948 5.72845 4 1 0
6.0413 18.2954 5.72905 4 1 0
6.07072 18.2961 5.72971 4 1 0
6.09815 18.2968 5.73042 4 1 0
6.12339 18.2975 5.73115 4 1 0
6.14622 18.2982 5.73188 4 1 0
6.16642 18.2989 5.73257 4 1 0
6.18376 18.2996 5.73321 4 1 0
6.19801 18.3001 5.73377 4 1 0
6.20891 18.3006 5.73423 4 1 0
6.21621 18.301 5.73459 4 1 0
6.21968 18.3012 5.73484 4 1 0
6.21995 18.3013 5.7349 4 1 0
6.21791 18.3014 5.735 3 1 0
6.21163 18.3014 5.73501 3 1 0
6.2011 18.3013 5.73496 3 1 0
6.18642 18.3012 5.73487 3 1 0
6.16782 18.3012 5.73478 3 1 0
6.1456 18.3011 5.73473 3 1 0
6.12017 18.3011 5.73475 3 1 0
6.09191 18.3012 5.73485 3 1 0
6.06121 18.3014 5.73505 3 1 0
6.02843 18.3017 5.73537 3 1 0
5.99387 18.3022 5.7358 3 1 0
5.95779 18.3027 5.73634 3 1 0
5.92043 18.3034 5.73699 3 1 0
5.88197 18.3041 5.73774 3 1 0
5.84257 18.305 5.73859 3 1 0
5.80238 18.3059 5.73952 3 1 0
5.76151 18.3069 5.74052 3 1 0
5.72007 18.308 5.74158 3 1 0
5.67813 18.3091 5.7427 3 1 0
5.6358 18.3102 5.74386 3 1 0
5.59314 18.3114 5.74505 3 1 0
5.55022 18.3126 5.74626 3 1 0
5.5071 18.3138 5.74747 3 1 0
5.46387 18.3151 5.74868 3 1 0
5.43948 18.3157 5.74936 4 1 0
5.39621 18.3169 5.75053 4 1 0
5.353 18.318 5.75166 4 1 0
5.30996 18.3191 5.75273 4 1 0
5.26721 18.3201 5.75372 4 1 0
5.22487 18.321 5.7546 4 1 0
5.18315 18.3217 5.75535 4 1 0
5.14227 18.3223 5.75593 4 1 0
5.10258 18.3227 5.75629 4 1 0
5.06455 18.3227 5.75637 4 1 0
5.02887 18.3225 5.75609 4 1 0
4.99655 18.3217 5.75536 4 1 0
4.969 18.3204 5.75406 4 1 0
4.94803 18.3184 5.75206 4 1 0
4.93631 18.316 5.7496 3 1 0
4.93226 18.3126 5.74626 4 1 0
4.93718 18.3087 5.7423 4 1 0
4.94976 18.3043 5.73795 4 1 0
4.96831 18.2997 5.73335 4 1 0
4.99137 18.2949 5.72858 4 1 0
5.01787 18.2901 5.72369 4 1 0
5.04705 18.2851 5.71873 4 1 0
5.07833 18.2801 5.7137 4 1 0
5.11132 18.275 5.70862 4 1 0
5.1457 18.2699 5.70351 4 1 0
5.18125 18.2647 5.69836 4 1 0
5.21779 18.2596 5.69319 4 1 0
5.25518 18.2544 5.68801 4 1 0
5.29331 18.2492 5.68282 4 1 0
5.33208 18.244 5.67763 4 1 0
5.37141 18.2388 5.67244 4 1 0
5.41126 18.2336 5.66727 4 1 0
5.45154 18.2285 5.66211 4 1 0
5.49224 18.2233 5.65698 4 1 0
5.53329 18.2182 5.65187 4 1 0
5.57467 18.2132 5.6468 4 1 0
5.61635 18.2081 5.64178 4 1 0
5.65829 18.2032 5.6368 4 1 0
5.70047 18.1982 5.63187 4 1 0
5.74288 18.1934 5.627 4 1 0
5.78548 18.1886 5.62218 4 1 0
5.82827 18.1838 5.61743 4 1 0
5.87122 18.1791 5.61274 4 1 0
5.91432 18.1745 5.60813 4 1 0
5.95756 18.17 5.60358 4 1 0
6.00092 18.1655 5.59911 4 1 0
6.0444 18.1611 5.59472 4 1 0
6.08798 18.1568 5.5904 4 1 0
6.13165 18.1525 5.58616 4 1 0
6.1754 18.1484 5.58201 4 1 0
6.21923 18.1443 5.57793 4 1 0
6.26313 18.1403 5.57394 4 1 0
6.30708 18.1364 5.57004 4 1 0
6.35109 18.1326 5.56621 4 1 0
6.39514 18.1288 5.56248 4 1 0
6.43923 18.1252 5.55883 4 1 0
6.47532 18.1223 5.5559 4 1 0
6.51946 18.1188 5.5524 4 1 0
6.56362 18.1154 5.54899 4 1 0
6.60779 18.112 5.54567 4 1 0
6.65197 18.1088 5.54243 4 1 0
6.69614 18.1056 5.53927 4 1 0
6.74031 18.1026 5.5362 4 1 0
6.78446 18.0996 5.53322 4 1 0
6.82859 18.0967 5.53032 4 1 0
6.87269 18.0939 5.5275 4 1 0
6.91674 18.0911 5.52477 4 1 0
6.96074 18.0885 5.52213 4 1 0
7.00468 18.0859 5.51956 4 1 0
7.04855 18.0835 5.51708 4 1 0
7.09232 18.0811 5.51468 4 1 0
7.13599 18.0787 5.51237 4 1 0
7.17954 18.0765 5.51013 4 1 0
7.22294 18.0744 5.50798 4 1 0
7.26617 18.0723 5.50591 4 1 0
7.3092 18.0703 5.50392 4 1 0
7.352 18.0684 5.502 4 1 0
7.39452 18.0665 5.50017 4 1 0
7.43671 18.0648 5.49841 4 1 0
7.47851 18.0631 5.49673 4 1 0
7.51982 18.0615 5.49512 4 1 0
7.56055 18.06 5.49359 4 1 0
7.60055 18.0585 5.49212 4 1 0
7.63964 18.0571 5.49072 4 1 0
7.67753 18.0558 5.48938 4 1 0
7.71384 18.0545 5.48809 4 1 0
7.748 18.0532 5.48684 4 1 0
7.77912 18.052 5.4856 4 1 0
7.80581 18.0507 5.48436 4 1 0
7.82594 18.0494 5.48305 4 1 0
7.83652 18.048 5.48163 4 1 0
7.83741 18.0474 5.48107 4 1 0
7.83125 18.0459 5.47949 4 1 0
7.81346 18.0441 5.47773 4 1 0
7.78728 18.0423 5.47589 4 1 0
7.75563 18.0403 5.47396 4 1 0
7.72036 18.0383 5.47196 4 1 0
7.6826 18.0362 5.46987 4 1 0
7.64305 18.0341 5.4677 4 1 0
7.60219 18.0318 5.46545 4 1 0
7.56033 18.0295 5.46311 4 1 0
7.5177 18.0271 5.46069 4 1 0
7.47443 18.0246 5.45819 4 1 0
7.43067 18.022 5.45561 4 1 0
7.38648 18.0193 5.45294 4 1 0
7.34196 18.0166 5.45019 4 1 0
7.29714 18.0137 5.44736 4 1 0
7.25207 18.0108 5.44444 4 1 0
7.20679 18.0078 5.44145 4 1 0
7.16133 18.0047 5.43837 4 1 0
7.1157 18.0016 5.43521 4 1 0
7.06994 17.9983 5.43197 4 1 0
7.02406 17.995 5.42865 4 1 0
6.97807 17.9916 5.42525 4 1 0
6.93198 17.9881 5.42177 4 1 0
6.88581 17.9846 5.41821 4 1 0
6.83957 17.9809 5.41456 4 1 0
6.79326 17.9772 5.41084 4 1 0
6.74689 17.9734 5.40703 4 1 0
6.70048 17.9695 5.40314 4 1 0
6.65401 17.9655 5.39918 4 1 0
6.60751 17.9615 5.39512 4 1 0
6.56098 17.9574 5.39099 4 1 0
6.51441 17.9531 5.38678 4 1 0
6.46782 17.9489 5.38248 4 1 0
6.42121 17.9445 5.3781 4 1 0
6.37458 17.94 5.37364 4 1 0
6.32794 17.9355 5.3691 4 1 0
6.28128 17.9308 5.36448 4 1 0
6.23461 17.9261 5.35977 4 1 0
6.18794 17.9213 5.35498 4 1 0
6.14126 17.9165 5.3501 4 1 0
6.09458 17.9115 5.34514 4 1 0
6.0479 17.9065 5.3401 4 1 0
6.00122 17.9013 5.33498 4 1 0
5.95455 17.8961 5.32977 4 1 0
5.90789 17.8908 5.32447 4 1 0
5.86123 17.8855 5.31909 4 1 0
5.81458 17.88 5.31363 4 1 0
5.76794 17.8745 5.30809 4 1 0
5.72132 17.8688 5.30245 4 1 0
5.67471 17.8631 5.29674 4 1 0
5.62812 17.8573 5.29094 4 1 0
5.58155 17.8514 5.28505 4 1 0
5.53499 17.8454 5.27908 4 1 0
5.48846 17.8394 5.27302 4 1 0
5.44195 17.8333 5.26688 4 1 0
5.39546 17.827 5.26066 4 1 0
5.349 17.8207 5.25434 4 1 0
5.30256 17.8143 5.24795 4 1 0
5.25615 17.8078 5.24147 4 1 0
5.20977 17.8013 5.2349 4 1 0
5.16342 17.7946 5.22825 4 1 0
5.11709 17.7879 5.22152 4 1 0
5.07081 17.7811 5.2147 4 1 0
5.02455 17.7742 5.2078 4 1 0
4.97833 17.7672 5.20081 4 1 0
4.93214 17.7601 5.19374 4 1 0
4.886 17.753 5.18658 4 1 0
4.83988 17.7457 5.17935 4 1 0
4.79381 17.7384 5.17203 4 1 0
4.74778 17.731 5.16463 4 1 0
4.70179 17.7235 5.15715 4 1 0
4.65584 17.716 5.14958 4 1 0
4.60994 17.7083 5.14194 4 1 0
4.56408 17.7006 5.13421 4 1 0
4.51827 17.6928 5.12641 4 1 0
4.4725 17.6849 5.11853 4 1 0
4.42678 17.6769 5.11057 4 1 0
4.38111 17.6689 5.10253 4 1 0
4.33549 17.6608 5.09442 4 1 0
4.28992 17.6526 5.08623 4 1 0
4.24441 17.6443 5.07797 4 1 0
4.19894 17.636 5.06963 4 1 0
4.15353 17.6276 5.06122 4 1 0
4.10818 17.6191 5.05274 4 1 0
4.06288 17.6106 5.04419 4 1 0
4.01764 17.6019 5.03556 4 1 0
3.97246 17.5932 5.02687 4 1 0
3.92733 17.5845 5.01811 4 1 0
3.88227 17.5757 5.00929 4 1 0
3.83727 17.5668 5.0004 4 1 0
3.79233 17.5578 4.99144 4 1 0
3.74745 17.5488 4.98242 4 1 0
3.70264 17.5397 4.97334 4 1 0
3.65789 17.5306 4.9642 4 1 0
3.61321 17.5214 4.95499 4 1 0
3.5686 17.5121 4.94573 4 1 0
3.52405 17.5028 4.93641 4 1 0
3.47957 17.4934 4.92703 4 1 0
3.43516 17.484 4.9176 4 1 0
3.39083 17.4745 4.9081 4 1 0
3.34656 17.4649 4.89856 4 1 0
3.30237 17.4553 4.88895 4 1 0
3.25825 17.4457 4.8793 4 1 0
3.21421 17.436 4.86958 4 1 0
3.17025 17.4262 4.85981 4 1 0
3.12636 17.4164 4.84999 4 1 0
3.08255 17.4065 4.8401 4 1 0
3.03881 17.3965 4.83016 4 1 0
2.99516 17.3865 4.82016 4 1 0
2.9516 17.3765 4.8101 4 1 0
2.90811 17.3663 4.79998 4 1 0
2.86472 17.3562 4.78978 4 1 0
2.82141 17.3459 4.77952 4 1 0
2.77819 17.3356 4.76918 4 1 0
2.73506 17.3251 4.75877 4 1 0
2.69203 17.3146 4.74827 4 1 0
2.64909 17.304 4.73768 4 1 0
2.60626 17.2934 4.72699 4 1 0
2.56353 17.2826 4.7162 4 1 0
2.52091 17.2717 4.70529 4 1 0
2.47841 17.2606 4.69427 4 1 0
2.43602 17.2495 4.6831 4 1 0
2.39376 17.2382 4.6718 4 1 0
2.35164 17.2267 4.66033 4 1 0
2.30966 17.2151 4.64869 4 1 0
2.26783 17.2032 4.63687 4 1 0
2.22617 17.1912 4.62484 4 1 0
2.18468 17.179 4.61258 4 1 0
2.14339 17.1665 4.60009 4 1 0
2.1023 17.1537 4.58734 4 1 0
2.06144 17.1407 4.5743 4 1 0
2.02082 17.1273 4.56095 4 1 0
1.98047 17.1136 4.54728 4 1 0
1.94042 17.0996 4.53325 4 1 0
1.90069 17.0852 4.51884 4 1 0
1.86131 17.0704 4.50402 4 1 0
1.82232 17.0551 4.48877 4 1 0
1.78375 17.0394 4.47306 4 1 0
1.74565 17.0232 4.45685 4 1 0
1.70804 17.0065 4.44013 4 1 0
1.67098 16.9892 4.42286 4 1 0
1.63451 16.9714 4.40502 4 1 0
1.59868 16.9529 4.38657 4 1 0
1.56353 16.9339 4.3675 4 1 0
1.52912 16.9141 4.34777 4 1 0
1.49548 16.8937 4.32736 4 1 0
1.46267 16.8726 4.30625 4 1 0
1.43074 16.8508 4.28441 4 1 0
1.39973 16.8282 4.26183 4 1 0
1.36968 16.8048 4.23848 4 1 0
1.34065 16.7807 4.21435 4 1 0
1.31266 16.7558 4.18942 4 1 0
1.28578 16.7301 4.1637 4 1 0
1.26002 16.7036 4.13719 4 1 0
1.23544 16.6763 4.10989 4 1 0
1.21207 16.6482 4.08183 4 1 0
1.18993 16.6194 4.05305 4 1 0
1.16905 16.59 4.0236 4 1 0
1.14946 16.5599 3.99355 4 1 0
1.13117 16.5294 3.96298 4 1 0
1.11418 16.4984 3.93202 4 1 0
1.09849 16.4672 3.90079 4 1 0
1.08408 16.4358 3.86941 4 1 0
1.07092 16.4044 3.83805 4 1 0
1.05896 16.3732 3.80685 4 1 0
1.04815 16.3423 3.77597 4 1 0
1.03843 16.3119 3.74553 4 1 0
1.02973 16.282 3.71566 4 1 0
1.02197 16.2529 3.68649 4 1 0
1.01507 16.2245 3.6581 4 1 0
1.00896 16.1969 3.63056 4 1 0
1.00357 16.1703 3.60394 4 1 0
0.998816 16.1447 3.57828 4 1 0
0.994639 16.12 3.55361 4 1 0
0.990977 16.0963 3.52995 4 1 0
0.987771 16.0737 3.50731 4 1 0
0.984971 16.052 3.48567 4 1 0
0.98253 16.0314 3.46504 4 1 0
0.980404 16.0118 3.4454 4 1 0
0.978557 15.9931 3.42673 4 1 0
0.976956 15.9754 3.40901 4 1 0
0.975569 15.9586 3.39222 4 1 0
0.97437 15.9427 3.37632 4 1 0
0.973337 15.9277 3.3613 4 1 0
0.972448 15.9135 3.34712 4 1 0
0.971685 15.9002 3.33378 4 1 0
0.971033 15.8876 3.32125 4 1 0
0.970476 15.8759 3.30951 4 1 0
0.970003 15.8649 3.29855 4 1 0
0.969603 15.8547 3.28835 4 1 0
0.969265 15.8453 3.27889 4 1 0
0.968981 15.8365 3.27016 4 1 0
0.968742 15.8285 3.26211 4 1 0
0.968542 15.8211 3.25471 4 1 0
0.968375 15.8143 3.24791 4 1 0
0.968235 15.808 3.24167 4 1 0
0.968117 15.8023 3.23594 4 1 0
0.968017 15.797 3.23066 4 1 0
0.967933 15.7922 3.22579 4 1 0
0.967862 15.7877 3.22129 4 1 0
0.967802 15.7835 3.21711 4 1 0
0.96775 15.7796 3.21323 4 1 0
0.967706 15.776 3.2096 4 1 0
0.967668 15.7726 3.20621 4 1 0
0.967636 15.7694 3.20303 4 1 0
0.967607 15.7664 3.20003 4 1 0
0.967583 15.7636 3.19721 4 1 0
0.967562 15.7609 3.19455 4 1 0
0.967544 15.7584 3.19203 4 1 0
0.967528 15.756 3.18963 4 1 0
0.967514 15.7537 3.18737 4 1 0
0.967502 15.7516 3.18521 4 1 0
0.967492 15.7495 3.18315 4 1 0
0.967483 15.7476 3.1812 4 1 0
0.967475 15.7457 3.17933 4 1 0
0.967468 15.7439 3.17755 4 1 0
0.967462 15.7422 3.17585 4 1 0
0.967457 15.7406 3.17422 4 1 0
0.967452 15.739 3.17267 4 1 0
0.967449 15.7376 3.17118 4 1 0
0.967445 15.7361 3.16976 4 1 0
0.967442 15.7348 3.1684 4 1 0
0.96744 15.7335 3.16709 4 1 0
0.967438 15.7322 3.16585 4 1 0
0.967436 15.731 3.16465 4 1 0
0.967435 15.7299 3.16351 4 1 0
0.967433 15.7288 3.16242 4 1 0
0.967432 15.7277 3.16137 4 1 0
6.47532 18.1223 5.5559 4 2 0
6.47528 18.1265 5.56012 4 2 0
6.47485 18.1349 5.56857 4 2 0
6.47265 18.1518 5.58542 4 2 0
6.46745 18.1727 5.60637 4 2 0
6.45957 18.1935 5.62714 4 2 0
6.44908 18.214 5.64767 4 2 0
6.43608 18.2343 5.66792 4 2 0
6.42066 18.2542 5.68783 4 2 0
6.40296 18.2738 5.7074 4 2 0
6.38309 18.2929 5.72657 4 2 0
6.36121 18.3117 5.74535 4 2 0
6.33743 18.3301 5.7637 4 2 0
6.3119 18.348 5.78162 4 2 0
6.28476 18.3655 5.7991 4 2 0
6.25612 18.3825 5.81614 4 2 0
6.22611 18.3991 5.83274 4 2 0
6.19485 18.4153 5.8489 4 2 0
6.18622 18.4196 5.85319 4 2 0
6.15355 18.4352 5.86879 4 2 0
6.11984 18.4504 5.88398 4 2 0
6.08521 18.4651 5.89875 4 2 0
6.04974 18.4795 5.91311 4 2 0
6.01351 18.4934 5.92707 4 2 0
5.9766 18.507 5.94064 4 2 0
5.93908 18.5202 5.95383 4 2 0
5.90099 18.533 5.96664 4 2 0
5.86241 18.5455 5.97908 4 2 0
5.82337 18.5575 5.99117 4 2 0
5.78394 18.5693 6.00292 4 2 0
5.74415 18.5807 6.01432 4 2 0
5.70404 18.5918 6.02539 4 2 0
5.66366 18.6025 6.03614 4 2 0
5.62303 18.6129 6.04656 4 2 0
5.58218 18.6231 6.05668 4 2 0
5.54116 18.6329 6.06649 4 2 0
5.49998 18.6424 6.07601 4 2 0
5.45867 18.6516 6.08523 4 2 0
5.41726 18.6605 6.09416 4 2 0
5.37577 18.6692 6.10282 4 2 0
5.33423 18.6776 6.11119 4 2 0
5.29266 18.6857 6.1193 4 2 0
5.25108 18.6935 6.12714 4 2 0
5.20951 18.7011 6.13472 4 2 0
5.16797 18.7084 6.14205 4 2 0
5.12649 18.7155 6.14914 4 2 0
5.08509 18.7224 6.15598 4 2 0
5.04379 18.729 6.16259 4 2 0
5.00262 18.7354 6.16898 4 2 0
4.96158 18.7415 6.17516 4 2 0
4.92071 18.7475 6.18113 4 2 0
4.88003 18.7533 6.18692 4 2 0
4.83956 18.7589 6.19253 4 2 0
4.79932 18.7643 6.19797 4 2 0
4.75933 18.7696 6.20327 4 2 0
4.71962 18.7748 6.20845 4 2 0
4.6802 18.7799 6.21351 4 2 0
4.64109 18.7849 6.21849 4 2 0
4.60232 18.7898 6.22341 4 2 0
4.5639 18.7947 6.22829 4 2 0
4.52586 18.7995 6.23316 4 2 0
4.48822 18.8044 6.23805 4 2 0
4.451 18.8093 6.24298 4 2 0
4.41423 18.8144 6.24799 4 2 0
4.37792 18.8195 6.25311 4 2 0
4.34211 18.8247 6.25837 4 2 0
4.30682 18.8302 6.2638 4 2 0
4.2721 18.8358 6.26945 4 2 0
4.23797 18.8417 6.27534 4 2 0
4.20447 18.8479 6.28151 4 2 0
4.17164 18.8544 6.28799 4 2 0
4.13952 18.8612 6.29481 4 2 0
4.10815 18.8684 6.302 4 2 0
4.07755 18.876 6.30958 4 2 0
4.04773 18.8839 6.31758 4 2 0
4.0187 18.8924 6.32599 4 2 0
3.99041 18.9012 6.33482 4 2 0
3.96281 18.9104 6.34405 4 2 0
3.93578 18.92 6.35365 4 2 0
3.90915 18.93 6.36359 4 2 0
3.88274 18.9402 6.3738 4 2 0
3.8563 18.9506 6.38423 4 2 0
3.82958 18.9611 6.39478 4 2 0
3.80233 18.9717 6.40538 4 2 0
3.77435 18.9823 6.41594 4 2 0
3.74546 18.9928 6.42639 4 2 0
3.71557 19.003 6.43667 4 2 0
3.68463 19.0131 6.44672 4 2 0
3.65266 19.0229 6.45652 4 2 0
3.61969 19.0324 6.46605 4 2 0
3.58582 19.0417 6.47531 4 2 0
3.55111 19.0507 6.48431 4 2 0
3.51568 19.0594 6.49306 4 2 0
3.4796 19.068 6.50161 4 2 0
3.44297 19.0763 6.50996 4 2 0
3.40585 19.0845 6.51815 4 2 0
3.36833 19.0926 6.52621 4 2 0
3.33048 19.1005 6.53416 4 2 0
3.29234 19.1084 6.54204 4 2 0
3.25399 19.1162 6.54988 4 2 0
3.21546 19.1241 6.55769 4 2 0
3.17682 19.1319 6.56552 4 2 0
3.13811 19.1398 6.57339 4 2 0
3.09937 19.1477 6.58133 4 2 0
3.06065 19.1557 6.58936 4 2 0
3.02201 19.1639 6.59753 4 2 0
2.98348 19.1722 6.60585 4 2 0
2.94513 19.1807 6.61436 4 2 0
2.90701 19.1895 6.6231 4 2 0
2.86919 19.1985 6.63209 4 2 0
2.83173 19.2077 6.64137 4 2 0
2.79472 19.2173 6.65097 4 2 0
2.75824 19.2273 6.66093 4 2 0
2.72241 19.2377 6.67129 4 2 0
2.68734 19.2484 6.68206 4 2 0
2.65316 19.2597 6.69329 4 2 0
2.62004 19.2714 6.70498 4 2 0
2.58812 19.2835 6.71715 4 2 0
2.5576 19.2962 6.72979 4 2 0
2.52864 19.3092 6.74288 4 2 0
2.50142 19.3227 6.75638 4 2 0
2.47608 19.3366 6.77023 4 2 0
2.45275 19.3507 6.78437 4 2 0
2.4315 19.3651 6.7987 4 2 0
2.41232 19.3795 6.81315 4 2 0
2.3952 19.394 6.82763 4 2 0
2.38004 19.4084 6.84207 4 2 0
2.36671 19.4228 6.8564 4 2 0
2.35509 19.437 6.87059 4 2 0
2.345 19.451 6.88459 4 2 0
2.3363 19.4648 6.89839 4 2 0
2.32881 19.4783 6.91198 4 2 0
2.32239 19.4917 6.92536 4 2 0
2.31692 19.5049 6.93854 4 2 0
2.31225 19.5179 6.95154 4 2 0
2.30829 19.5307 6.96437 4 2 0
2.30494 19.5434 6.97704 4 2 0
2.30211 19.5559 6.98957 4 2 0
2.29972 19.5684 7.00199 4 2 0
2.29772 19.5807 7.0143 4 2 0
2.29603 19.5929 7.02652 4 2 0
2.29463 19.605 7.03867 4 2 0
2.29345 19.6171 7.05075 4 2 0
2.29247 19.6291 7.06277 4 2 0
2.29166 19.6411 7.07475 4 2 0
2.29099 19.6531 7.08668 4 2 0
2.29043 19.6649 7.09857 4 2 0
2.28997 19.6768 7.11042 4 2 0
2.28959 19.6886 7.12224 4 2 0
2.28928 19.7004 7.13401 4 2 0
2.28903 19.7121 7.14575 4 2 0
2.28882 19.7238 7.15745 4 2 0
2.28865 19.7355 7.1691 4 2 0
2.28851 19.7471 7.18071 4 2 0
2.2884 19.7586 7.19227 4 2 0
2.28831 19.7702 7.20379 4 2 0
2.28823 19.7816 7.21525 4 2 0
2.28817 19.793 7.22666 4 2 0
2.28812 19.8044 7.23801 4 2 0
2.28808 19.8157 7.24931 4 2 0
2.28805 19.8269 7.26055 4 2 0
2.28803 19.8381 7.27174 4 2 0
2.28801 19.8492 7.28286 4 2 0
2.28799 19.8603 7.29392 4 2 0
2.28798 19.8713 7.30493 4 2 0
2.28797 19.8822 7.31587 4 2 0
2.28796 19.8931 7.32676 4 2 0
2.28795 19.904 7.33758 4 2 0
2.28795 19.9147 7.34834 4 2 0
2.28794 19.9254 7.35905 4 2 0
2.28794 19.9361 7.3697 4 2 0
2.28794 19.9467 7.38029 4 2 0
2.28794 19.9572 7.39082 4 2 0
2.28794 19.9677 7.4013 4 2 0
2.28794 19.9781 7.41172 4 2 0
2.28794 19.9781 7.41173 4 2 0
6.47532 18.1223 5.5559 4 3 0
6.47528 18.118 5.55167 4 3 0
6.47485 18.1096 5.54321 4 3 0
6.47265 18.0926 5.52626 4 3 0
6.46745 18.0715 5.50508 4 3 0
6.45957 18.0503 5.48397 4 3 0
6.44908 18.0294 5.46299 4 3 0
6.43608 18.0086 5.44219 4 3 0
6.42066 17.988 5.42161 4 3 0
6.40296 17.9677 5.40129 4 3 0
6.38309 17.9476 5.38126 4 3 0
6.36121 17.9279 5.36156 4 3 0
6.33743 17.9086 5.3422 4 3 0
6.3119 17.8896 5.3232 4 3 0
6.28476 17.8709 5.30457 4 3 0
6.25612 17.8527 5.28632 4 3 0
6.22611 17.8348 5.26846 4 3 0
6.19485 17.8174 5.25099 4 3 0
6.18622 17.8127 5.24634 4 3 0
6.15355 17.7957 5.22936 4 3 0
6.11984 17.7791 5.21277 4 3 0
6.08521 17.7629 5.19654 4 3 0
6.04974 17.7471 5.1807 4 3 0
6.01351 17.7316 5.16522 4 3 0
5.9766 17.7165 5.15011 4 3 0
5.93908 17.7017 5.13535 4 3 0
5.90099 17.6873 5.12094 4 3 0
5.86241 17.6733 5.10688 4 3 0
5.82337 17.6595 5.09316 4 3 0
5.78394 17.6461 5.07978 4 3 0
5.74415 17.6331 5.06672 4 3 0
5.70404 17.6204 5.05399 4 3 0
5.66366 17.608 5.04158 4 3 0
5.62303 17.5959 5.02949 4 3 0
5.58218 17.5841 5.01771 4 3 0
5.54116 17.5726 5.00625 4 3 0
5.49998 17.5615 4.9951 4 3 0
5.45867 17.5506 4.98427 4 3 0
5.41726 17.5401 4.97374 4 3 0
5.37577 17.5299 4.96352 4 3 0
5.33423 17.52 4.95362 4 3 0
5.29266 17.5104 4.94402 4 3 0
5.25108 17.5011 4.93474 4 3 0
5.20951 17.4921 4.92577 4 3 0
5.16797 17.4835 4.9171 4 3 0
5.12649 17.4751 4.90876 4 3 0
5.08509 17.4671 4.90072 4 3 0
5.04379 17.4594 4.89299 4 3 0
5.00262 17.4519 4.88556 4 3 0
4.96158 17.4448 4.87844 4 3 0
4.92071 17.438 4.87161 4 3 0
4.88003 17.4314 4.86507 4 3 0
4.83956 17.4252 4.85882 4 3 0
4.79932 17.4192 4.85283 4 3 0
4.75933 17.4135 4.84709 4 3 0
4.71962 17.408 4.8416 4 3 0
4.6802 17.4027 4.83633 4 3 0
4.64109 17.3976 4.83125 4 3 0
4.60232 17.3927 4.82636 4 3 0
4.5639 17.388 4.82161 4 3 0
4.52586 17.3834 4.81699 4 3 0
4.48822 17.3788 4.81246 4 3 0
4.451 17.3744 4.80799 4 3 0
4.41423 17.3699 4.80356 4 3 0
4.37792 17.3655 4.79912 4 3 0
4.34211 17.361 4.79463 4 3 0
4.30682 17.3564 4.79007 4 3 0
4.2721 17.3518 4.78539 4 3 0
4.23797 17.3469 4.78055 4 3 0
4.20447 17.3419 4.77553 4 3 0
4.17164 17.3366 4.77027 4 3 0
4.13952 17.3311 4.76474 4 3 0
4.10815 17.3253 4.75891 4 3 0
4.07755 17.3191 4.75273 4 3 0
4.04773 17.3125 4.74617 4 3 0
4.0187 17.3056 4.73918 4 3 0
3.99041 17.2981 4.73175 4 3 0
3.96281 17.2902 4.72382 4 3 0
3.93578 17.2817 4.71536 4 3 0
3.90915 17.2727 4.70634 4 3 0
3.88274 17.2631 4.69673 4 3 0
3.8563 17.2529 4.6865 4 3 0
3.82958 17.242 4.67564 4 3 0
3.80233 17.2305 4.66415 4 3 0
3.77435 17.2184 4.65205 4 3 0
3.74546 17.2057 4.63936 4 3 0
3.71557 17.1925 4.62614 4 3 0
3.68463 17.1788 4.61243 4 3 0
3.65266 17.1647 4.59831 4 3 0
3.61969 17.1502 4.58383 4 3 0
3.58582 17.1354 4.56906 4 3 0
3.55111 17.1204 4.55403 4 3 0
3.51568 17.1052 4.5388 4 3 0
3.4796 17.0898 4.52341 4 3 0
3.44297 17.0742 4.50788 4 3 0
3.40585 17.0586 4.49223 4 3 0
3.36833 17.0429 4.47649 4 3 0
3.33048 17.027 4.46066 4 3 0
3.29234 17.0111 4.44477 4 3 0
3.25399 16.9952 4.42882 4 3 0
3.21546 16.9792 4.41281 4 3 0
3.17682 16.9631 4.39675 4 3 0
3.13811 16.947 4.38065 4 3 0
3.09937 16.9309 4.36449 4 3 0
3.06065 16.9147 4.34829 4 3 0
3.02201 16.8984 4.33204 4 3 0
2.98348 16.8821 4.31574 4 3 0
2.94513 16.8657 4.29937 4 3 0
2.90701 16.8493 4.28295 4 3 0
2.86919 16.8328 4.26647 4 3 0
2.83173 16.8163 4.24991 4 3 0
2.79472 16.7997 4.23328 4 3 0
2.75824 16.7829 4.21658 4 3 0
2.72241 16.7662 4.1998 4 3 0
2.68734 16.7493 4.18294 4 3 0
2.65316 16.7324 4.16601 4 3 0
2.62004 16.7154 4.14902 4 3 0
2.58812 16.6984 4.13198 4 3 0
2.5576 16.6813 4.11493 4 3 0
2.52864 16.6643 4.09788 4 3 0
2.50142 16.6473 4.08089 4 3 0
2.47608 16.6304 4.06398 4 3 0
2.45275 16.6136 4.04722 4 3 0
2.4315 16.597 4.03063 4 3 0
2.41232 16.5806 4.01426 4 3 0
2.3952 16.5645 3.99812 4 3 0
2.38003 16.5486 3.98223 4 3 0
2.36671 16.533 3.96659 4 3 0
2.35509 16.5176 3.95118 4 3 0
2.345 16.5024 3.93599 4 3 0
2.3363 16.4874 3.92101 4 3 0
2.32881 16.4726 3.90619 4 3 0
2.32239 16.4579 3.89152 4 3 0
2.31692 16.4433 3.87697 4 3 0
2.31225 16.4289 3.86252 4 3 0
2.30829 16.4145 3.84814 4 3 0
2.30494 16.4002 3.83381 4 3 0
2.30211 16.3859 3.81951 4 3 0
2.29972 16.3716 3.80523 4 3 0
2.29772 16.3573 3.79096 4 3 0
2.29603 16.343 3.77667 4 3 0
2.29463 16.3287 3.76237 4 3 0
2.29345 16.3144 3.74805 4 3 0
2.29247 16.3001 3.7337 4 3 0
2.29166 16.2857 3.71932 4 3 0
