2 1 0 3 3 0 0.930053 1.37589 0.930053 1.37589 0.37006 0 0.224066 0 
1 1 0 2.96358 2.96358 0 0.922759 1.36104 0.922759 1.36104 0.74689 0 0.290411 0 
1 1 0 2.92721 2.92721 0 0.915425 1.34609 0.915425 1.34609 0.755702 0 0.292467 0 
1 1 0 2.85463 2.85463 0 0.900629 1.31588 0.900629 1.31588 0.77334 0 0.296756 0 
1 1 0 2.76421 2.76421 0 0.881881 1.27749 0.881881 1.27749 0.795319 0 0.302474 0 
1 1 0 2.67417 2.67417 0 0.862833 1.23839 0.862833 1.23839 0.817075 0 0.308632 0 
1 1 0 2.58452 2.58452 0 0.843454 1.19854 0.843454 1.19854 0.838428 0 0.315287 0 
1 1 0 2.4953 2.4953 0 0.823708 1.15792 0.823708 1.15792 0.859179 0 0.322501 0 
1 1 0 2.40654 2.40654 0 0.803545 1.1165 0.803545 1.1165 0.879109 0 0.330351 0 
1 1 0 2.31829 2.31829 0 0.782894 1.07426 0.782894 1.07426 0.897986 0 0.338924 0 
1 1 0 2.23057 2.23057 0 0.761657 1.0312 0.761657 1.0312 0.915564 0 0.348323 0 
1 1 0 2.14343 2.14343 0 0.73969 0.98732 0.73969 0.98732 0.931596 0 0.35867 0 
1 1 0 2.05693 2.05693 0 0.716774 0.942696 0.716774 0.942696 0.945842 0 0.370109 0 
1 1 0 1.97109 1.97109 0 0.692572 0.897463 0.692572 0.897463 0.958081 0 0.382811 0 
1 1 0 1.88596 1.88596 0 0.666545 0.851902 0.666545 0.851902 0.968132 0 0.39698 0 
1 1 0 1.80159 1.80159 0 0.637848 0.806531 0.637848 0.806531 0.975872 0 0.412855 0 
1 1 0 1.71809 1.71809 0 0.605215 0.762225 0.605215 0.762225 0.981269 0 0.430701 0 
1 1 0 1.63576 1.63576 0 0.567035 0.720236 0.567035 0.720236 0.984423 0 0.450774 0 
1 1 0 1.55523 1.55523 0 0.521848 0.68184 0.521848 0.68184 0.985641 0 0.473223 0 
1 1 0 1.47751 1.47751 0 0.46904 0.647638 0.46904 0.647638 0.985518 0 0.498001 0 
1 1 0 1.40365 1.40365 0 0.408824 0.617307 0.408824 0.617307 0.98495 0 0.524819 0 
1 1 0 1.33485 1.33485 0 0.341534 0.590133 0.341534 0.590133 0.985073 0 0.553055 0 
1 1 0 1.27276 1.27276 0 0.267051 0.565698 0.267051 0.565698 0.987052 0 0.581504 0 
1 1 0 1.22031 1.22031 0 0.18459 0.544507 0.18459 0.544507 0.991531 0 0.607873 0 
1 1 0 1.18313 1.18313 0 0.0930887 0.52886 0.0930887 0.52886 0.997283 0 0.627894 0 
1 1 0 1.15387 1.15387 0 1.3977e-08 0.506992 1.3977e-08 0.506992 0.998282 0 0.648549 0 
1 1 0 1.14513 1.14513 0 8.79896e-08 0.498052 8.79896e-08 0.498052 0.997441 0 0.656024 0 
1 1 0 1.13647 1.13647 0 5.68777e-09 0.489039 5.68777e-09 0.489039 0.996667 0 0.66363 0 
1 1 0 1.11938 1.11938 0 -6.24515e-13 0.470789 -6.24515e-13 0.470789 0.995316 0 0.679233 0 
1 1 0 1.09438 1.09438 0 -1.6954e-13 0.442835 -1.6954e-13 0.442835 0.993767 0 0.703606 0 
1 1 0 1.05848 1.05848 0 9.14126e-14 0.399536 9.14126e-14 0.399536 0.992452 0 0.742248 0 
1 1 0 1.00887 1.00887 0 -1.73101e-13 0.331288 -1.73101e-13 0.331288 0.992441 0 0.804123 0 
1 1 0 0.958512 0.958512 0 1.98599e-15 0.24489 1.98599e-15 0.24489 0.994573 0 0.879896 0 
1 1 0 0.920543 0.920543 0 9.48362e-14 0.152379 9.48362e-14 0.152379 0.997538 0 0.948645 0 
1 1 0 0.899239 0.899239 0 6.30406e-13 0.0546742 6.30406e-13 0.0546742 0.999658 0 0.992966 0 
1 1 0 0.896062 0.896062 0 4.59798e-11 9.29265e-05 4.59798e-11 9.29265e-05 1 0 1 0 
1 1 0 0.896062 0.896062 0 3.73183e-11 9.29365e-05 3.73183e-11 9.29365e-05 1 0 1 0 
1 1 0 0.906526 0.906526 0 2.9304e-15 -0.0993581 2.9304e-15 -0.0993581 0.998899 0 0.977271 0 
1 1 0 0.935916 0.935916 0 4.97866e-15 -0.194942 4.97866e-15 -0.194942 0.996205 0 0.919384 0 
1 1 0 0.979971 0.979971 0 1.47175e-14 -0.284714 1.47175e-14 -0.284714 0.993405 0 0.845741 0 
1 1 0 1.03476 1.03476 0 3.60839e-15 -0.368371 3.60839e-15 -0.368371 0.992184 0 0.770471 0 
1 1 0 1.09741 1.09741 0 6.38494e-15 -0.44631 6.38494e-15 -0.44631 0.993928 0 0.700548 0 
1 1 0 1.16596 1.16596 0 -5.74784e-14 -0.519123 -5.74784e-14 -0.519123 0.999544 0 0.638519 0 
1 1 0 1.16893 1.16893 0 -3.33954e-09 -0.521991 -3.33954e-09 -0.521991 0.999995 0 0.636287 0 
2 1 0 1.24206 1.24206 0 -1.00965e-12 -0.59011 -1.00965e-12 -0.59011 1.01001 0 0.582707 0 
2 1 0 1.31876 1.31876 0 4.65014e-13 -0.654278 4.65014e-13 -0.654278 1.02471 0 0.53684 0 
2 1 0 1.39823 1.39823 0 1.03068e-13 -0.714975 1.03068e-13 -0.714975 1.04397 0 0.497611 0 
2 1 0 1.47995 1.47995 0 -1.98606e-14 -0.772613 -1.98606e-14 -0.772613 1.06775 0 0.464027 0 
2 1 0 1.56351 1.56351 0 -4.21398e-14 -0.827541 -4.21398e-14 -0.827541 1.09597 0 0.43518 0 
2 1 0 1.64861 1.64861 0 1.01753e-14 -0.880059 1.01753e-14 -0.880059 1.12858 0 0.410289 0 
2 1 0 1.73501 1.73501 0 -4.62022e-15 -0.930419 -4.62022e-15 -0.930419 1.16553 0 0.388696 0 
2 1 0 1.8225 1.8225 0 -6.04424e-16 -0.97884 -6.04424e-16 -0.97884 1.20684 0 0.36986 0 
2 1 0 1.91095 1.91095 0 -5.59636e-15 -1.02551 -5.59636e-15 -1.02551 1.25253 0 0.353336 0 
2 1 0 2.00021 2.00021 0 1.2888e-15 -1.07058 1.2888e-15 -1.07058 1.30266 0 0.338762 0 
2 1 0 2.0902 2.0902 0 1.93177e-15 -1.1142 1.93177e-15 -1.1142 1.35734 0 0.325837 0 
2 1 0 2.18082 2.18082 0 1.21252e-15 -1.15648 1.21252e-15 -1.15648 1.41669 0 0.314319 0 
2 1 0 2.272 2.272 0 -2.2248e-16 -1.19754 -2.2248e-16 -1.19754 1.48088 0 0.304004 0 
2 1 0 2.36368 2.36368 0 -7.94756e-16 -1.23747 -7.94756e-16 -1.23747 1.55009 0 0.294725 0 
2 1 0 2.45582 2.45582 0 -3.63645e-16 -1.27635 -3.63645e-16 -1.27635 1.62454 0 0.286342 0 
2 1 0 2.54836 2.54836 0 3.48234e-16 -1.31425 3.48234e-16 -1.31425 1.70446 0 0.278739 0 
2 1 0 2.64126 2.64126 0 2.74984e-17 -1.35124 2.74984e-17 -1.35124 1.79013 0 0.271817 0 
2 1 0 2.7345 2.7345 0 -4.0783e-17 -1.38738 -4.0783e-17 -1.38738 1.88184 0 0.265493 0 
2 1 0 2.82805 2.82805 0 -3.31536e-16 -1.42272 -3.31536e-16 -1.42272 1.97992 0 0.259696 0 
2 1 0 2.92188 2.92188 0 -1.64697e-16 -1.45731 -1.64697e-16 -1.45731 2.08472 0 0.254365 0 
2 1 0 3.01596 3.01596 0 -8.25278e-17 -1.49119 -8.25278e-17 -1.49119 2.19661 0 0.249449 0 
2 1 0 3.11028 3.11028 0 5.22596e-18 -1.52441 5.22596e-18 -1.52441 2.31602 0 0.244904 0 
2 1 0 3.20482 3.20482 0 5.30695e-17 -1.557 5.30695e-17 -1.557 2.44338 0 0.24069 0 
2 1 0 3.29957 3.29957 0 -1.4709e-16 -1.58899 -1.4709e-16 -1.58899 2.57916 0 0.236773 0 
2 1 0 3.3945 3.3945 0 9.29007e-17 -1.62042 9.29007e-17 -1.62042 2.72388 0 0.233125 0 
2 1 0 3.48961 3.48961 0 1.80072e-17 -1.6513 1.80072e-17 -1.6513 2.87808 0 0.229719 0 
2 1 0 3.58489 3.58489 0 -1.12269e-16 -1.68168 -1.12269e-16 -1.68168 3.04234 0 0.226533 0 
2 1 0 3.68032 3.68032 0 5.81711e-17 -1.71156 5.81711e-17 -1.71156 3.21729 0 0.223546 0 
2 1 0 3.77589 3.77589 0 7.43932e-17 -1.74098 7.43932e-17 -1.74098 3.4036 0 0.220742 0 
2 1 0 3.87161 3.87161 0 5.83514e-17 -1.76995 5.83514e-17 -1.76995 3.60197 0 0.218105 0 
2 1 0 3.96745 3.96745 0 6.319e-17 -1.79849 6.319e-17 -1.79849 3.81316 0 0.21562 0 
2 1 0 4.06341 4.06341 0 1.57947e-17 -1.82663 1.57947e-17 -1.82663 4.03798 0 0.213274 0 
2 1 0 4.15948 4.15948 0 -1.84504e-17 -1.85437 -1.84504e-17 -1.85437 4.27731 0 0.211058 0 
2 1 0 4.25567 4.25567 0 -9.34936e-17 -1.88173 -9.34936e-17 -1.88173 4.53205 0 0.20896 0 
2 1 0 4.35195 4.35195 0 3.91549e-17 -1.90873 3.91549e-17 -1.90873 4.80319 0 0.206972 0 
2 1 0 4.44833 4.44833 0 -1.29181e-18 -1.93538 -1.29181e-18 -1.93538 5.09179 0 0.205085 0 
2 1 0 4.54481 4.54481 0 -3.9075e-17 -1.9617 -3.9075e-17 -1.9617 5.39895 0 0.203292 0 
2 1 0 4.64137 4.64137 0 3.86258e-18 -1.98769 3.86258e-18 -1.98769 5.72586 0 0.201587 0 
2 1 0 4.73802 4.73802 0 4.05526e-17 -2.01337 4.05526e-17 -2.01337 6.0738 0 0.199963 0 
2 1 0 4.83475 4.83475 0 5.47578e-16 -2.03874 5.47578e-16 -2.03874 6.44411 0 0.198414 0 
2 1 0 4.93155 4.93155 0 -2.43073e-14 -2.06383 -2.43073e-14 -2.06383 6.83824 0 0.196936 0 
2 1 0 5.02843 5.02843 0 -2.74557e-14 -2.08863 -2.74557e-14 -2.08863 7.25772 0 0.195524 0 
2 2 0 0.896062 0.896062 0 3.73183e-11 9.29365e-05 3.73183e-11 9.29365e-05 7.25772 0 0.195524 0 
2 2 0 0.896487 0.896487 0 -0.02 -2.91091e-09 -0.02 -2.91091e-09 7.25772 0 0.195524 0 
1 2 0 0.89776 0.89776 0 -0.0399596 -2.9461e-07 -0.0399596 -2.9461e-07 0.996226 0 0.999817 0 
1 2 0 0.901231 0.901231 0 -0.0697583 -3.12957e-09 -0.0697583 -3.12957e-09 0.988619 0 0.999448 0 
1 2 0 0.909803 0.909803 0 -0.113934 8.45407e-14 -0.113934 8.45407e-14 0.970398 0 0.998569 0 
1 2 0 0.92353 0.92353 0 -0.161493 3.41745e-15 -0.161493 3.41745e-15 0.942794 0 0.997266 0 
1 2 0 0.943202 0.943202 0 -0.212265 -9.52038e-16 -0.212265 -9.52038e-16 0.906221 0 0.995636 0 
1 2 0 0.969542 0.969542 0 -0.266057 3.13076e-15 -0.266057 3.13076e-15 0.993925 0 0.861964 0 
1 2 0 1.00322 1.00322 0 -0.322683 -1.02715e-15 -0.322683 -1.02715e-15 0.992573 0 0.811894 0 
1 2 0 1.04489 1.04489 0 -0.381977 2.48539e-15 -0.381977 2.48539e-15 0.758125 0 0.99224 0 
1 2 0 1.09522 1.09522 0 -0.443801 -1.71502e-15 -0.443801 -1.71502e-15 0.702755 0 0.993811 0 
1 2 0 1.15491 1.15491 0 -0.508048 -2.0383e-14 -0.508048 -2.0383e-14 0.998386 0 0.64767 0 
1 2 0 1.17008 1.17008 0 -0.523199 -9.18958e-11 -0.523199 -9.18958e-11 1 0 0.63518 0 
2 2 0 1.2407 1.2407 0 -0.588907 9.10587e-13 -0.588907 9.10587e-13 0.583609 0 1.00979 0 
2 2 0 1.31734 1.31734 0 -0.653143 -5.19954e-13 -0.653143 -5.19954e-13 1.0244 0 0.537612 0 
2 2 0 1.39676 1.39676 0 -0.7139 8.35675e-14 -0.7139 8.35675e-14 1.04358 0 0.498271 0 
2 2 0 1.47845 1.47845 0 -0.771589 -9.64856e-15 -0.771589 -9.64856e-15 1.06728 0 0.464593 0 
2 2 0 1.56198 1.56198 0 -0.826564 -5.17424e-15 -0.826564 -5.17424e-15 0.435668 0 1.09542 0 
2 2 0 1.64705 1.64705 0 -0.879123 2.37442e-14 -0.879123 2.37442e-14 1.12795 0 0.41071 0 
2 2 0 1.73342 1.73342 0 -0.929521 -1.31417e-15 -0.929521 -1.31417e-15 0.389063 0 1.16482 0 
2 2 0 1.8209 1.8209 0 -0.977975 2.42049e-15 -0.977975 2.42049e-15 0.370181 0 1.20605 0 
2 2 0 1.90933 1.90933 0 -1.02467 5.92065e-16 -1.02467 5.92065e-16 0.353619 0 1.25166 0 
2 2 0 1.99858 1.99858 0 -1.06977 4.21889e-16 -1.06977 4.21889e-16 1.30171 0 0.339011 0 
2 2 0 2.08855 2.08855 0 -1.11342 -2.54908e-15 -1.11342 -2.54908e-15 1.3563 0 0.326059 0 
2 2 0 2.17916 2.17916 0 -1.15573 1.15612e-17 -1.15573 1.15612e-17 0.314517 0 1.41557 0 
2 2 0 2.27034 2.27034 0 -1.19681 -3.31017e-15 -1.19681 -3.31017e-15 0.304182 0 1.47967 0 
2 2 0 2.36201 2.36201 0 -1.23675 1.80093e-17 -1.23675 1.80093e-17 0.294885 0 1.54879 0 
2 2 0 2.45414 2.45414 0 -1.27565 7.09778e-17 -1.27565 7.09778e-17 0.286487 0 1.62314 0 
2 2 0 2.54667 2.54667 0 -1.31356 7.23991e-16 -1.31356 7.23991e-16 0.278871 0 1.70296 0 
2 2 0 2.63957 2.63957 0 -1.35057 -6.50953e-16 -1.35057 -6.50953e-16 1.78852 0 0.271937 0 
2 2 0 2.73281 2.73281 0 -1.38673 -3.03856e-17 -1.38673 -3.03856e-17 0.265603 0 1.88012 0 
2 2 0 2.82635 2.82635 0 -1.42208 -1.31234e-16 -1.42208 -1.31234e-16 1.97808 0 0.259797 0 
2 2 0 2.92017 2.92017 0 -1.45669 4.38675e-16 -1.45669 4.38675e-16 2.08275 0 0.254458 0 
2 2 0 3.01425 3.01425 0 -1.49058 -6.36501e-17 -1.49058 -6.36501e-17 2.19451 0 0.249535 0 
2 2 0 3.10856 3.10856 0 -1.52381 1.62329e-16 -1.52381 1.62329e-16 0.244983 0 2.31378 0 
2 2 0 3.2031 3.2031 0 -1.55641 1.67707e-16 -1.55641 1.67707e-16 2.44099 0 0.240763 0 
2 2 0 3.29784 3.29784 0 -1.58842 7.21712e-17 -1.58842 7.21712e-17 2.57661 0 0.236842 0 
2 2 0 3.39277 3.39277 0 -1.61985 -1.24316e-16 -1.61985 -1.24316e-16 2.72116 0 0.233189 0 
2 2 0 3.48788 3.48788 0 -1.65075 3.70722e-17 -1.65075 3.70722e-17 0.229779 0 2.87519 0 
2 2 0 3.58315 3.58315 0 -1.68113 9.48617e-17 -1.68113 9.48617e-17 3.03926 0 0.226589 0 
2 2 0 3.67858 3.67858 0 -1.71102 -1.43836e-17 -1.71102 -1.43836e-17 0.223599 0 3.21401 0 
2 2 0 3.77415 3.77415 0 -1.74045 -4.38568e-17 -1.74045 -4.38568e-17 3.4001 0 0.220792 0 
2 2 0 3.86986 3.86986 0 -1.76943 1.77647e-17 -1.76943 1.77647e-17 3.59824 0 0.218151 0 
2 2 0 3.9657 3.9657 0 -1.79798 6.33001e-19 -1.79798 6.33001e-19 3.8092 0 0.215664 0 
2 2 0 4.06166 4.06166 0 -1.82612 -5.6426e-17 -1.82612 -5.6426e-17 0.213316 0 4.03377 0 
2 2 0 4.15773 4.15773 0 -1.85386 -4.98196e-17 -1.85386 -4.98196e-17 4.27282 0 0.211097 0 
2 2 0 4.25392 4.25392 0 -1.88123 2.23624e-17 -1.88123 2.23624e-17 4.52727 0 0.208997 0 
2 2 0 4.3502 4.3502 0 -1.90824 3.1013e-17 -1.90824 3.1013e-17 4.79811 0 0.207007 0 
2 2 0 4.44658 4.44658 0 -1.9349 1.37985e-17 -1.9349 1.37985e-17 5.08637 0 0.205119 0 
2 2 0 4.54305 4.54305 0 -1.96122 -5.59479e-17 -1.96122 -5.59479e-17 5.39319 0 0.203324 0 
2 2 0 4.63962 4.63962 0 -1.98722 -4.0841e-17 -1.98722 -4.0841e-17 5.71973 0 0.201617 0 
2 2 0 4.73626 4.73626 0 -2.0129 9.62788e-18 -2.0129 9.62788e-18 0.199992 0 6.06727 0 
2 2 0 4.83299 4.83299 0 -2.03828 -8.95498e-15 -2.03828 -8.95498e-15 6.43717 0 0.198442 0 
2 2 0 4.92979 4.92979 0 -2.06337 -2.2638e-14 -2.06337 -2.2638e-14 6.83085 0 0.196963 0 
2 2 0 5.02666 5.02666 0 -2.08818 6.14899e-15 -2.08818 6.14899e-15 0.195549 0 7.24985 0 
2 2 0 0.896062 0.896062 0 3.73183e-11 9.29365e-05 3.73183e-11 9.29365e-05 0.195549 0 7.24985 0 
2 2 0 0.896487 0.896487 0 0.02 -2.87093e-09 0.02 -2.87093e-09 0.195549 0 7.24985 0 
1 2 0 0.89776 0.89776 0 0.0399596 -2.946e-07 0.0399596 -2.946e-07 0.996226 0 0.999817 0 
1 2 0 0.901231 0.901231 0 0.0697583 -3.12805e-09 0.0697583 -3.12805e-09 0.988619 0 0.999448 0 
1 2 0 0.909803 0.909803 0 0.113934 8.49291e-14 0.113934 8.49291e-14 0.970398 0 0.998569 0 
1 2 0 0.92353 0.92353 0 0.161493 7.65997e-15 0.161493 7.65997e-15 0.942794 0 0.997266 0 
1 2 0 0.943202 0.943202 0 0.212265 2.98968e-15 0.212265 2.98968e-15 0.906221 0 0.995636 0 
1 2 0 0.969542 0.969542 0 0.266057 2.49093e-15 0.266057 2.49093e-15 0.993925 0 0.861964 0 
1 2 0 1.00322 1.00322 0 0.322683 -5.36345e-15 0.322683 -5.36345e-15 0.992573 0 0.811894 0 
1 2 0 1.04489 1.04489 0 0.381977 1.79947e-16 0.381977 1.79947e-16 0.758125 0 0.99224 0 
1 2 0 1.09522 1.09522 0 0.443801 -6.55412e-15 0.443801 -6.55412e-15 0.702755 0 0.993811 0 
1 2 0 1.15491 1.15491 0 0.508048 1.78069e-14 0.508048 1.78069e-14 0.64767 0 0.998386 0 
1 2 0 1.17008 1.17008 0 0.523199 -6.16825e-11 0.523199 -6.16825e-11 1 0 0.63518 0 
2 2 0 1.2407 1.2407 0 0.588907 8.80672e-13 0.588907 8.80672e-13 0.583609 0 1.00979 0 
2 2 0 1.31734 1.31734 0 0.653143 4.24662e-13 0.653143 4.24662e-13 1.0244 0 0.537612 0 
2 2 0 1.39676 1.39676 0 0.7139 1.9035e-14 0.7139 1.9035e-14 0.498271 0 1.04358 0 
2 2 0 1.47845 1.47845 0 0.771589 -4.0838e-14 0.771589 -4.0838e-14 0.464593 0 1.06728 0 
2 2 0 1.56198 1.56198 0 0.826564 4.68423e-15 0.826564 4.68423e-15 0.435668 0 1.09542 0 
2 2 0 1.64705 1.64705 0 0.879123 1.38059e-14 0.879123 1.38059e-14 0.41071 0 1.12795 0 
2 2 0 1.73342 1.73342 0 0.929521 -6.06234e-15 0.929521 -6.06234e-15 0.389063 0 1.16482 0 
2 2 0 1.8209 1.8209 0 0.977975 -1.92943e-15 0.977975 -1.92943e-15 0.370181 0 1.20605 0 
2 2 0 1.90933 1.90933 0 1.02467 -6.6856e-16 1.02467 -6.6856e-16 1.25166 0 0.353619 0 
2 2 0 1.99858 1.99858 0 1.06977 -2.66683e-15 1.06977 -2.66683e-15 0.339011 0 1.30171 0 
2 2 0 2.08855 2.08855 0 1.11342 -1.52035e-15 1.11342 -1.52035e-15 1.3563 0 0.326059 0 
2 2 0 2.17916 2.17916 0 1.15573 -1.63627e-16 1.15573 -1.63627e-16 1.41557 0 0.314517 0 
2 2 0 2.27034 2.27034 0 1.19681 8.00761e-16 1.19681 8.00761e-16 0.304182 0 1.47967 0 
2 2 0 2.36201 2.36201 0 1.23675 2.86383e-16 1.23675 2.86383e-16 1.54879 0 0.294885 0 
2 2 0 2.45414 2.45414 0 1.27565 -5.61459e-16 1.27565 -5.61459e-16 1.62314 0 0.286487 0 
2 2 0 2.54667 2.54667 0 1.31356 5.96141e-16 1.31356 5.96141e-16 1.70296 0 0.278871 0 
2 2 0 2.63957 2.63957 0 1.35057 7.20759e-17 1.35057 7.20759e-17 1.78852 0 0.271937 0 
2 2 0 2.73281 2.73281 0 1.38673 4.2452e-16 1.38673 4.2452e-16 0.265603 0 1.88012 0 
2 2 0 2.82635 2.82635 0 1.42208 -6.37744e-16 1.42208 -6.37744e-16 0.259797 0 1.97808 0 
2 2 0 2.92017 2.92017 0 1.45669 -2.08837e-16 1.45669 -2.08837e-16 2.08275 0 0.254458 0 
2 2 0 3.01425 3.01425 0 1.49058 2.13866e-16 1.49058 2.13866e-16 0.249535 0 2.19451 0 
2 2 0 3.10856 3.10856 0 1.52381 -4.84251e-18 1.52381 -4.84251e-18 0.244983 0 2.31378 0 
2 2 0 3.2031 3.2031 0 1.55641 5.92094e-17 1.55641 5.92094e-17 0.240763 0 2.44099 0 
2 2 0 3.29784 3.29784 0 1.58842 2.39502e-18 1.58842 2.39502e-18 0.236842 0 2.57661 0 
2 2 0 3.39277 3.39277 0 1.61985 -3.22677e-17 1.61985 -3.22677e-17 2.72116 0 0.233189 0 
2 2 0 3.48788 3.48788 0 1.65075 3.05786e-17 1.65075 3.05786e-17 2.87519 0 0.229779 0 
2 2 0 3.58315 3.58315 0 1.68113 -4.58187e-17 1.68113 -4.58187e-17 3.03926 0 0.226589 0 
2 2 0 3.67858 3.67858 0 1.71102 -6.3967e-17 1.71102 -6.3967e-17 3.21401 0 0.223599 0 
2 2 0 3.77415 3.77415 0 1.74045 2.38683e-17 1.74045 2.38683e-17 0.220792 0 3.4001 0 
2 2 0 3.86986 3.86986 0 1.76943 4.86448e-18 1.76943 4.86448e-18 3.59824 0 0.218151 0 
2 2 0 3.9657 3.9657 0 1.79798 -2.23573e-17 1.79798 -2.23573e-17 3.8092 0 0.215664 0 
2 2 0 4.06166 4.06166 0 1.82612 -2.68185e-17 1.82612 -2.68185e-17 0.213316 0 4.03377 0 
2 2 0 4.15773 4.15773 0 1.85386 -1.06282e-16 1.85386 -1.06282e-16 4.27282 0 0.211097 0 
2 2 0 4.25392 4.25392 0 1.88123 -2.28185e-17 1.88123 -2.28185e-17 4.52727 0 0.208997 0 
2 2 0 4.3502 4.3502 0 1.90824 1.07362e-16 1.90824 1.07362e-16 4.79811 0 0.207007 0 
2 2 0 4.44658 4.44658 0 1.9349 3.9195e-17 1.9349 3.9195e-17 5.08637 0 0.205119 0 
2 2 0 4.54305 4.54305 0 1.96122 -3.34347e-17 1.96122 -3.34347e-17 0.203324 0 5.39319 0 
2 2 0 4.63962 4.63962 0 1.98722 -6.16947e-17 1.98722 -6.16947e-17 0.201617 0 5.71973 0 
2 2 0 4.73626 4.73626 0 2.0129 -2.98103e-17 2.0129 -2.98103e-17 6.06727 0 0.199992 0 
2 2 0 4.83299 4.83299 0 2.03828 -9.48528e-15 2.03828 -9.48528e-15 0.198442 0 6.43717 0 
2 2 0 4.92979 4.92979 0 2.06337 7.2309e-15 2.06337 7.2309e-15 6.83085 0 0.196963 0 
2 2 0 5.02666 5.02666 0 2.08818 2.6603e-14 2.08818 2.6603e-14 0.195549 0 7.24985 0 
2 3 0 1.16885 1.16885 0 -3.33954e-09 -0.521991 -3.33954e-09 -0.521991 0.195549 0 7.24985 0 
2 3 0 1.17069 1.17069 0 -0.02 -0.523467 -0.02 -0.523467 0.195549 0 7.24985 0 
1 3 0 1.17249 1.17249 0 -0.0399026 -0.524256 -0.0399026 -0.524256 0.999466 0 0.63382 0 
1 3 0 1.17736 1.17736 0 -0.069429 -0.526373 -0.069429 -0.526373 0.998432 0 0.631095 0 
1 3 0 1.18909 1.18909 0 -0.11258 -0.531416 -0.11258 -0.531416 0.996174 0 0.624607 0 
1 3 0 1.20716 1.20716 0 -0.158031 -0.539044 -0.158031 -0.539044 0.993267 0 0.61483 0 
1 3 0 1.23193 1.23193 0 -0.205428 -0.549274 -0.205428 -0.549274 0.990229 0 0.601843 0 
1 3 0 1.26371 1.26371 0 -0.254551 -0.562093 -0.254551 -0.562093 0.987595 0 0.5859 0 
1 3 0 1.30284 1.30284 0 -0.305241 -0.577578 -0.305241 -0.577578 0.985767 0 0.567356 0 
1 3 0 1.34981 1.34981 0 -0.357274 -0.595998 -0.357274 -0.595998 0.984923 0 0.546634 0 
1 3 0 1.40522 1.40522 0 -0.41022 -0.617935 -0.41022 -0.617935 0.98496 0 0.524214 0 
1 3 0 1.46984 1.46984 0 -0.463273 -0.644402 -0.463273 -0.644402 0.985463 0 0.500631 0 
1 3 0 1.54442 1.54442 0 -0.515082 -0.676918 -0.515082 -0.676918 0.985687 0 0.476475 0 
1 3 0 1.62463 1.62463 0 -0.561298 -0.714754 -0.561298 -0.714754 0.984694 0 0.4537 0 
1 3 0 1.70676 1.70676 0 -0.600363 -0.756319 -0.600363 -0.756319 0.981828 0 0.433308 0 
1 3 0 1.79013 1.79013 0 -0.633654 -0.800388 -0.633654 -0.800388 0.976748 0 0.415171 0 
1 3 0 1.87438 1.87438 0 -0.662804 -0.845675 -0.662804 -0.845675 0.969328 0 0.399043 0 
1 3 0 1.95941 1.95941 0 -0.689138 -0.891248 -0.689138 -0.891248 0.959587 0 0.384656 0 
1 3 0 2.04516 2.04516 0 -0.713552 -0.936546 -0.713552 -0.936546 0.947637 0 0.371766 0 
1 3 0 2.13157 2.13157 0 -0.73662 -0.981264 -0.73662 -0.981264 0.933653 0 0.360165 0 
1 3 0 2.21863 2.21863 0 -0.758702 -1.02525 -0.758702 -1.02525 0.917851 0 0.349678 0 
1 3 0 2.30627 2.30627 0 -0.780029 -1.06843 -0.780029 -1.06843 0.90047 0 0.340157 0 
1 3 0 2.39445 2.39445 0 -0.800753 -1.11078 -0.800753 -1.11078 0.881756 0 0.331478 0 
1 3 0 2.48314 2.48314 0 -0.820979 -1.15231 -0.820979 -1.15231 0.861956 0 0.323535 0 
1 3 0 2.5723 2.5723 0 -0.840779 -1.19304 -0.840779 -1.19304 0.841304 0 0.316238 0 
1 3 0 2.66189 2.66189 0 -0.860205 -1.23299 -0.860205 -1.23299 0.820021 0 0.309511 0 
1 3 0 2.75189 2.75189 0 -0.879297 -1.27219 -0.879297 -1.27219 0.798309 0 0.303288 0 
1 3 0 2.84225 2.84225 0 -0.898084 -1.31067 -0.898084 -1.31067 0.776351 0 0.297513 0 
1 3 0 2.93297 2.93297 0 -0.916589 -1.34847 -0.916589 -1.34847 0.754306 0 0.292138 0 
1 3 0 3.024 3.024 0 -0.934832 -1.3856 -0.934832 -1.3856 0.732315 0 0.28712 0 
1 3 0 3.11535 3.11535 0 -0.952828 -1.42211 -0.952828 -1.42211 0.710498 0 0.282424 0 
1 3 0 3.20697 3.20697 0 -0.97059 -1.45801 -0.97059 -1.45801 0.688958 0 0.278017 0 
1 3 0 3.29887 3.29887 0 -0.988129 -1.49334 -0.988129 -1.49334 0.667778 0 0.273872 0 
1 3 0 3.39101 3.39101 0 -1.00545 -1.52811 -1.00545 -1.52811 0.647029 0 0.269965 0 
1 3 0 3.4834 3.4834 0 -1.02257 -1.56235 -1.02257 -1.56235 0.626765 0 0.266274 0 
1 3 0 3.576 3.576 0 -1.0395 -1.59608 -1.0395 -1.59608 0.607028 0 0.262781 0 
1 3 0 3.66882 3.66882 0 -1.05623 -1.62931 -1.05623 -1.62931 0.587852 0 0.259468 0 
1 3 0 3.76184 3.76184 0 -1.07278 -1.66208 -1.07278 -1.66208 0.569259 0 0.25632 0 
1 3 0 3.85505 3.85505 0 -1.08914 -1.69439 -1.08914 -1.69439 0.551264 0 0.253325 0 
1 3 0 3.94844 3.94844 0 -1.10534 -1.72626 -1.10534 -1.72626 0.533875 0 0.250471 0 
1 3 0 4.04201 4.04201 0 -1.12137 -1.75771 -1.12137 -1.75771 0.517094 0 0.247746 0 
1 3 0 4.13573 4.13573 0 -1.13723 -1.78875 -1.13723 -1.78875 0.50092 0 0.24514 0 
1 3 0 4.22962 4.22962 0 -1.15294 -1.8194 -1.15294 -1.8194 0.485346 0 0.242646 0 
1 3 0 4.32365 4.32365 0 -1.16849 -1.84967 -1.16849 -1.84967 0.470363 0 0.240255 0 
1 3 0 4.41782 4.41782 0 -1.18389 -1.87957 -1.18389 -1.87957 0.455959 0 0.237959 0 
1 3 0 4.51213 4.51213 0 -1.19914 -1.90912 -1.19914 -1.90912 0.44212 0 0.235753 0 
1 3 0 4.60657 4.60657 0 -1.21425 -1.93832 -1.21425 -1.93832 0.428832 0 0.233629 0 
1 3 0 4.70114 4.70114 0 -1.22922 -1.96718 -1.22922 -1.96718 0.416078 0 0.231583 0 
1 3 0 4.79583 4.79583 0 -1.24405 -1.99572 -1.24405 -1.99572 0.403842 0 0.229608 0 
1 3 0 4.89063 4.89063 0 -1.25875 -2.02395 -1.25875 -2.02395 0.392105 0 0.2277 0 
1 3 0 4.98554 4.98554 0 -1.27332 -2.05187 -1.27332 -2.05187 0.38085 0 0.225854 0 
1 3 0 5.08055 5.08055 0 -1.28776 -2.0795 -1.28776 -2.0795 0.37006 0 0.224066 0 
2 3 0 1.16885 1.16885 0 -3.33954e-09 -0.521991 -3.33954e-09 -0.521991 0.37006 0 0.224066 0 
1 3 0 1.17069 1.17069 0 0.02 -0.523467 0.02 -0.523467 0.37006 0 0.224066 0 
1 3 0 1.17249 1.17249 0 0.0399026 -0.524256 0.0399026 -0.524256 0.999466 0 0.63382 0 
1 3 0 1.17736 1.17736 0 0.069429 -0.526373 0.069429 -0.526373 0.998432 0 0.631095 0 
1 3 0 1.18909 1.18909 0 0.11258 -0.531416 0.11258 -0.531416 0.996174 0 0.624607 0 
1 3 0 1.20716 1.20716 0 0.158031 -0.539044 0.158031 -0.539044 0.993267 0 0.61483 0 
1 3 0 1.23193 1.23193 0 0.205428 -0.549274 0.205428 -0.549274 0.990229 0 0.601843 0 
1 3 0 1.26371 1.26371 0 0.254551 -0.562093 0.254551 -0.562093 0.987595 0 0.5859 0 
1 3 0 1.30284 1.30284 0 0.305241 -0.577577 0.305241 -0.577577 0.985767 0 0.567356 0 
1 3 0 1.34981 1.34981 0 0.357274 -0.595998 0.357274 -0.595998 0.984923 0 0.546634 0 
1 3 0 1.40522 1.40522 0 0.41022 -0.617935 0.41022 -0.617935 0.98496 0 0.524214 0 
1 3 0 1.46984 1.46984 0 0.463273 -0.644402 0.463273 -0.644402 0.985463 0 0.500631 0 
1 3 0 1.54442 1.54442 0 0.515082 -0.676918 0.515082 -0.676918 0.985687 0 0.476475 0 
1 3 0 1.62463 1.62463 0 0.561298 -0.714754 0.561298 -0.714754 0.984694 0 0.4537 0 
1 3 0 1.70676 1.70676 0 0.600363 -0.756319 0.600363 -0.756319 0.981828 0 0.433308 0 
1 3 0 1.79013 1.79013 0 0.633654 -0.800388 0.633654 -0.800388 0.976748 0 0.415171 0 
1 3 0 1.87438 1.87438 0 0.662804 -0.845675 0.662804 -0.845675 0.969328 0 0.399043 0 
1 3 0 1.95941 1.95941 0 0.689138 -0.891248 0.689138 -0.891248 0.959587 0 0.384656 0 
1 3 0 2.04516 2.04516 0 0.713552 -0.936546 0.713552 -0.936546 0.947637 0 0.371766 0 
1 3 0 2.13157 2.13157 0 0.73662 -0.981264 0.73662 -0.981264 0.933653 0 0.360165 0 
1 3 0 2.21863 2.21863 0 0.758702 -1.02525 0.758702 -1.02525 0.917851 0 0.349678 0 
1 3 0 2.30627 2.30627 0 0.780029 -1.06843 0.780029 -1.06843 0.90047 0 0.340157 0 
1 3 0 2.39445 2.39445 0 0.800753 -1.11078 0.800753 -1.11078 0.881756 0 0.331478 0 
1 3 0 2.48314 2.48314 0 0.820979 -1.15231 0.820979 -1.15231 0.861956 0 0.323535 0 
1 3 0 2.5723 2.5723 0 0.840779 -1.19304 0.840779 -1.19304 0.841304 0 0.316238 0 
1 3 0 2.66189 2.66189 0 0.860205 -1.23299 0.860205 -1.23299 0.820021 0 0.309511 0 
1 3 0 2.75189 2.75189 0 0.879297 -1.27219 0.879297 -1.27219 0.798309 0 0.303288 0 
1 3 0 2.84225 2.84225 0 0.898084 -1.31067 0.898084 -1.31067 0.776351 0 0.297513 0 
1 3 0 2.93297 2.93297 0 0.916589 -1.34847 0.916589 -1.34847 0.754306 0 0.292138 0 
1 3 0 3.024 3.024 0 0.934832 -1.3856 0.934832 -1.3856 0.732315 0 0.28712 0 
1 3 0 3.11535 3.11535 0 0.952828 -1.42211 0.952828 -1.42211 0.710498 0 0.282424 0 
1 3 0 3.20697 3.20697 0 0.97059 -1.45801 0.97059 -1.45801 0.688958 0 0.278017 0 
1 3 0 3.29887 3.29887 0 0.988129 -1.49334 0.988129 -1.49334 0.667778 0 0.273872 0 
1 3 0 3.39101 3.39101 0 1.00545 -1.52811 1.00545 -1.52811 0.647029 0 0.269965 0 
1 3 0 3.4834 3.4834 0 1.02257 -1.56235 1.02257 -1.56235 0.626765 0 0.266274 0 
1 3 0 3.576 3.576 0 1.0395 -1.59608 1.0395 -1.59608 0.607028 0 0.262781 0 
1 3 0 3.66882 3.66882 0 1.05623 -1.62931 1.05623 -1.62931 0.587852 0 0.259468 0 
1 3 0 3.76184 3.76184 0 1.07278 -1.66208 1.07278 -1.66208 0.569259 0 0.25632 0 
1 3 0 3.85505 3.85505 0 1.08914 -1.69439 1.08914 -1.69439 0.551264 0 0.253325 0 
1 3 0 3.94844 3.94844 0 1.10534 -1.72626 1.10534 -1.72626 0.533875 0 0.250471 0 
1 3 0 4.04201 4.04201 0 1.12137 -1.75771 1.12137 -1.75771 0.517094 0 0.247746 0 
1 3 0 4.13573 4.13573 0 1.13723 -1.78875 1.13723 -1.78875 0.50092 0 0.24514 0 
1 3 0 4.22962 4.22962 0 1.15294 -1.8194 1.15294 -1.8194 0.485346 0 0.242646 0 
1 3 0 4.32365 4.32365 0 1.16849 -1.84967 1.16849 -1.84967 0.470363 0 0.240255 0 
1 3 0 4.41782 4.41782 0 1.18389 -1.87957 1.18389 -1.87957 0.455959 0 0.237959 0 
1 3 0 4.51213 4.51213 0 1.19914 -1.90912 1.19914 -1.90912 0.44212 0 0.235753 0 
1 3 0 4.60657 4.60657 0 1.21425 -1.93832 1.21425 -1.93832 0.428832 0 0.233629 0 
1 3 0 4.70114 4.70114 0 1.22922 -1.96718 1.22922 -1.96718 0.416078 0 0.231583 0 
1 3 0 4.79583 4.79583 0 1.24405 -1.99572 1.24405 -1.99572 0.403842 0 0.229608 0 
1 3 0 4.89063 4.89063 0 1.25875 -2.02395 1.25875 -2.02395 0.392105 0 0.2277 0 
1 3 0 4.98554 4.98554 0 1.27332 -2.05187 1.27332 -2.05187 0.38085 0 0.225854 0 
1 3 0 5.08055 5.08055 0 1.28776 -2.0795 1.28776 -2.0795 0.37006 0 0.224066 0 
2 4 0 1.17008 1.17008 0 -0.523199 -9.18958e-11 -0.523199 -9.18958e-11 0.37006 0 0.224066 0 
1 4 0 1.17069 1.17069 0 -0.523467 -0.02 -0.523467 -0.02 0.37006 0 0.224066 0 
1 4 0 1.17249 1.17249 0 -0.524256 -0.0399027 -0.524256 -0.0399027 0.63382 0 0.999466 0 
1 4 0 1.17736 1.17736 0 -0.526373 -0.069429 -0.526373 -0.069429 0.631095 0 0.998432 0 
1 4 0 1.18909 1.18909 0 -0.531416 -0.11258 -0.531416 -0.11258 0.624607 0 0.996174 0 
1 4 0 1.20716 1.20716 0 -0.539044 -0.158031 -0.539044 -0.158031 0.61483 0 0.993267 0 
1 4 0 1.23193 1.23193 0 -0.549274 -0.205428 -0.549274 -0.205428 0.601843 0 0.990229 0 
1 4 0 1.26371 1.26371 0 -0.562093 -0.254551 -0.562093 -0.254551 0.5859 0 0.987595 0 
1 4 0 1.30284 1.30284 0 -0.577578 -0.305241 -0.577578 -0.305241 0.567356 0 0.985767 0 
1 4 0 1.34981 1.34981 0 -0.595998 -0.357274 -0.595998 -0.357274 0.546634 0 0.984923 0 
1 4 0 1.40522 1.40522 0 -0.617935 -0.41022 -0.617935 -0.41022 0.524214 0 0.98496 0 
1 4 0 1.46984 1.46984 0 -0.644402 -0.463273 -0.644402 -0.463273 0.500631 0 0.985463 0 
1 4 0 1.54442 1.54442 0 -0.676918 -0.515082 -0.676918 -0.515082 0.476475 0 0.985687 0 
1 4 0 1.62463 1.62463 0 -0.714754 -0.561298 -0.714754 -0.561298 0.4537 0 0.984694 0 
1 4 0 1.70676 1.70676 0 -0.756319 -0.600363 -0.756319 -0.600363 0.433308 0 0.981828 0 
1 4 0 1.79013 1.79013 0 -0.800388 -0.633654 -0.800388 -0.633654 0.415171 0 0.976748 0 
1 4 0 1.87438 1.87438 0 -0.845675 -0.662804 -0.845675 -0.662804 0.399043 0 0.969328 0 
1 4 0 1.95941 1.95941 0 -0.891248 -0.689138 -0.891248 -0.689138 0.384656 0 0.959587 0 
1 4 0 2.04516 2.04516 0 -0.936546 -0.713552 -0.936546 -0.713552 0.371766 0 0.947637 0 
1 4 0 2.13157 2.13157 0 -0.981264 -0.73662 -0.981264 -0.73662 0.360165 0 0.933653 0 
1 4 0 2.21863 2.21863 0 -1.02525 -0.758702 -1.02525 -0.758702 0.349678 0 0.917851 0 
1 4 0 2.30627 2.30627 0 -1.06843 -0.780029 -1.06843 -0.780029 0.340157 0 0.90047 0 
1 4 0 2.39445 2.39445 0 -1.11078 -0.800753 -1.11078 -0.800753 0.331478 0 0.881756 0 
1 4 0 2.48314 2.48314 0 -1.15231 -0.820979 -1.15231 -0.820979 0.323535 0 0.861956 0 
1 4 0 2.5723 2.5723 0 -1.19304 -0.840779 -1.19304 -0.840779 0.316238 0 0.841304 0 
1 4 0 2.66189 2.66189 0 -1.23299 -0.860205 -1.23299 -0.860205 0.309511 0 0.820021 0 
1 4 0 2.75189 2.75189 0 -1.27219 -0.879297 -1.27219 -0.879297 0.303288 0 0.798309 0 
1 4 0 2.84225 2.84225 0 -1.31067 -0.898084 -1.31067 -0.898084 0.297513 0 0.776351 0 
1 4 0 2.93297 2.93297 0 -1.34847 -0.916589 -1.34847 -0.916589 0.292138 0 0.754306 0 
1 4 0 3.024 3.024 0 -1.3856 -0.934832 -1.3856 -0.934832 0.28712 0 0.732315 0 
1 4 0 3.11535 3.11535 0 -1.42211 -0.952828 -1.42211 -0.952828 0.282424 0 0.710498 0 
1 4 0 3.20697 3.20697 0 -1.45801 -0.97059 -1.45801 -0.97059 0.278017 0 0.688958 0 
1 4 0 3.29887 3.29887 0 -1.49334 -0.988129 -1.49334 -0.988129 0.273872 0 0.667778 0 
1 4 0 3.39101 3.39101 0 -1.52811 -1.00545 -1.52811 -1.00545 0.269965 0 0.647029 0 
1 4 0 3.4834 3.4834 0 -1.56235 -1.02257 -1.56235 -1.02257 0.266274 0 0.626765 0 
1 4 0 3.576 3.576 0 -1.59608 -1.0395 -1.59608 -1.0395 0.262781 0 0.607028 0 
1 4 0 3.66882 3.66882 0 -1.62931 -1.05623 -1.62931 -1.05623 0.259468 0 0.587852 0 
1 4 0 3.76184 3.76184 0 -1.66208 -1.07278 -1.66208 -1.07278 0.25632 0 0.569259 0 
1 4 0 3.85505 3.85505 0 -1.69439 -1.08914 -1.69439 -1.08914 0.253325 0 0.551264 0 
1 4 0 3.94844 3.94844 0 -1.72626 -1.10534 -1.72626 -1.10534 0.250471 0 0.533875 0 
1 4 0 4.04201 4.04201 0 -1.75771 -1.12137 -1.75771 -1.12137 0.247746 0 0.517094 0 
1 4 0 4.13573 4.13573 0 -1.78875 -1.13723 -1.78875 -1.13723 0.24514 0 0.50092 0 
1 4 0 4.22962 4.22962 0 -1.8194 -1.15294 -1.8194 -1.15294 0.242646 0 0.485346 0 
1 4 0 4.32365 4.32365 0 -1.84967 -1.16849 -1.84967 -1.16849 0.240255 0 0.470363 0 
1 4 0 4.41782 4.41782 0 -1.87957 -1.18389 -1.87957 -1.18389 0.237959 0 0.455959 0 
1 4 0 4.51213 4.51213 0 -1.90912 -1.19914 -1.90912 -1.19914 0.235753 0 0.44212 0 
1 4 0 4.60657 4.60657 0 -1.93832 -1.21425 -1.93832 -1.21425 0.233629 0 0.428832 0 
1 4 0 4.70114 4.70114 0 -1.96718 -1.22922 -1.96718 -1.22922 0.231583 0 0.416078 0 
1 4 0 4.79583 4.79583 0 -1.99572 -1.24405 -1.99572 -1.24405 0.229608 0 0.403842 0 
1 4 0 4.89063 4.89063 0 -2.02395 -1.25875 -2.02395 -1.25875 0.2277 0 0.392105 0 
1 4 0 4.98554 4.98554 0 -2.05187 -1.27332 -2.05187 -1.27332 0.225854 0 0.38085 0 
1 4 0 5.08055 5.08055 0 -2.0795 -1.28776 -2.0795 -1.28776 0.224066 0 0.37006 0 
2 4 0 1.17008 1.17008 0 -0.523199 -9.18958e-11 -0.523199 -9.18958e-11 0.224066 0 0.37006 0 
1 4 0 1.17069 1.17069 0 -0.523467 0.02 -0.523467 0.02 0.224066 0 0.37006 0 
1 4 0 1.17249 1.17249 0 -0.524256 0.0399027 -0.524256 0.0399027 0.63382 0 0.999466 0 
1 4 0 1.17736 1.17736 0 -0.526373 0.069429 -0.526373 0.069429 0.631095 0 0.998432 0 
1 4 0 1.18909 1.18909 0 -0.531416 0.11258 -0.531416 0.11258 0.624607 0 0.996174 0 
1 4 0 1.20716 1.20716 0 -0.539044 0.158031 -0.539044 0.158031 0.61483 0 0.993267 0 
1 4 0 1.23193 1.23193 0 -0.549274 0.205428 -0.549274 0.205428 0.601843 0 0.990229 0 
1 4 0 1.26371 1.26371 0 -0.562093 0.254551 -0.562093 0.254551 0.5859 0 0.987595 0 
1 4 0 1.30284 1.30284 0 -0.577578 0.305241 -0.577578 0.305241 0.567356 0 0.985767 0 
1 4 0 1.34981 1.34981 0 -0.595998 0.357274 -0.595998 0.357274 0.546634 0 0.984923 0 
1 4 0 1.40522 1.40522 0 -0.617935 0.41022 -0.617935 0.41022 0.524214 0 0.98496 0 
1 4 0 1.46984 1.46984 0 -0.644402 0.463273 -0.644402 0.463273 0.500631 0 0.985463 0 
1 4 0 1.54442 1.54442 0 -0.676918 0.515082 -0.676918 0.515082 0.476475 0 0.985687 0 
1 4 0 1.62463 1.62463 0 -0.714754 0.561298 -0.714754 0.561298 0.4537 0 0.984694 0 
1 4 0 1.70676 1.70676 0 -0.756319 0.600363 -0.756319 0.600363 0.433308 0 0.981828 0 
1 4 0 1.79013 1.79013 0 -0.800388 0.633654 -0.800388 0.633654 0.415171 0 0.976748 0 
1 4 0 1.87438 1.87438 0 -0.845675 0.662804 -0.845675 0.662804 0.399043 0 0.969328 0 
1 4 0 1.95941 1.95941 0 -0.891248 0.689138 -0.891248 0.689138 0.384656 0 0.959587 0 
1 4 0 2.04516 2.04516 0 -0.936546 0.713552 -0.936546 0.713552 0.371766 0 0.947637 0 
1 4 0 2.13157 2.13157 0 -0.981264 0.73662 -0.981264 0.73662 0.360165 0 0.933653 0 
1 4 0 2.21863 2.21863 0 -1.02525 0.758702 -1.02525 0.758702 0.349678 0 0.917851 0 
1 4 0 2.30627 2.30627 0 -1.06843 0.780029 -1.06843 0.780029 0.340157 0 0.90047 0 
1 4 0 2.39445 2.39445 0 -1.11078 0.800753 -1.11078 0.800753 0.331478 0 0.881756 0 
1 4 0 2.48314 2.48314 0 -1.15231 0.820979 -1.15231 0.820979 0.323535 0 0.861956 0 
1 4 0 2.5723 2.5723 0 -1.19304 0.840779 -1.19304 0.840779 0.316238 0 0.841304 0 
1 4 0 2.66189 2.66189 0 -1.23299 0.860205 -1.23299 0.860205 0.309511 0 0.820021 0 
1 4 0 2.75189 2.75189 0 -1.27219 0.879297 -1.27219 0.879297 0.303288 0 0.798309 0 
1 4 0 2.84225 2.84225 0 -1.31067 0.898084 -1.31067 0.898084 0.297513 0 0.776351 0 
1 4 0 2.93297 2.93297 0 -1.34847 0.916589 -1.34847 0.916589 0.292138 0 0.754306 0 
1 4 0 3.024 3.024 0 -1.3856 0.934832 -1.3856 0.934832 0.28712 0 0.732315 0 
1 4 0 3.11535 3.11535 0 -1.42211 0.952828 -1.42211 0.952828 0.282424 0 0.710498 0 
1 4 0 3.20697 3.20697 0 -1.45801 0.97059 -1.45801 0.97059 0.278017 0 0.688958 0 
1 4 0 3.29887 3.29887 0 -1.49334 0.988129 -1.49334 0.988129 0.273872 0 0.667778 0 
1 4 0 3.39101 3.39101 0 -1.52811 1.00545 -1.52811 1.00545 0.269965 0 0.647029 0 
1 4 0 3.4834 3.4834 0 -1.56235 1.02257 -1.56235 1.02257 0.266274 0 0.626765 0 
1 4 0 3.576 3.576 0 -1.59608 1.0395 -1.59608 1.0395 0.262781 0 0.607028 0 
1 4 0 3.66882 3.66882 0 -1.62931 1.05623 -1.62931 1.05623 0.259468 0 0.587852 0 
1 4 0 3.76184 3.76184 0 -1.66208 1.07278 -1.66208 1.07278 0.25632 0 0.569259 0 
1 4 0 3.85505 3.85505 0 -1.69439 1.08914 -1.69439 1.08914 0.253325 0 0.551264 0 
1 4 0 3.94844 3.94844 0 -1.72626 1.10534 -1.72626 1.10534 0.250471 0 0.533875 0 
1 4 0 4.04201 4.04201 0 -1.75771 1.12137 -1.75771 1.12137 0.247746 0 0.517094 0 
1 4 0 4.13573 4.13573 0 -1.78875 1.13723 -1.78875 1.13723 0.24514 0 0.50092 0 
1 4 0 4.22962 4.22962 0 -1.8194 1.15294 -1.8194 1.15294 0.242646 0 0.485346 0 
1 4 0 4.32365 4.32365 0 -1.84967 1.16849 -1.84967 1.16849 0.240255 0 0.470363 0 
1 4 0 4.41782 4.41782 0 -1.87957 1.18389 -1.87957 1.18389 0.237959 0 0.455959 0 
1 4 0 4.51213 4.51213 0 -1.90912 1.19914 -1.90912 1.19914 0.235753 0 0.44212 0 
1 4 0 4.60657 4.60657 0 -1.93832 1.21425 -1.93832 1.21425 0.233629 0 0.428832 0 
1 4 0 4.70114 4.70114 0 -1.96718 1.22922 -1.96718 1.22922 0.231583 0 0.416078 0 
1 4 0 4.79583 4.79583 0 -1.99572 1.24405 -1.99572 1.24405 0.229608 0 0.403842 0 
1 4 0 4.89063 4.89063 0 -2.02395 1.25875 -2.02395 1.25875 0.2277 0 0.392105 0 
1 4 0 4.98554 4.98554 0 -2.05187 1.27332 -2.05187 1.27332 0.225854 0 0.38085 0 
1 4 0 5.08055 5.08055 0 -2.0795 1.28776 -2.0795 1.28776 0.224066 0 0.37006 0 
2 5 0 1.17008 1.17008 0 0.523199 -6.16825e-11 0.523199 -6.16825e-11 0.224066 0 0.37006 0 
1 5 0 1.17069 1.17069 0 0.523467 -0.02 0.523467 -0.02 0.224066 0 0.37006 0 
1 5 0 1.17249 1.17249 0 0.524256 -0.0399027 0.524256 -0.0399027 0.63382 0 0.999466 0 
1 5 0 1.17736 1.17736 0 0.526373 -0.069429 0.526373 -0.069429 0.631095 0 0.998432 0 
1 5 0 1.18909 1.18909 0 0.531416 -0.11258 0.531416 -0.11258 0.624607 0 0.996174 0 
1 5 0 1.20716 1.20716 0 0.539044 -0.158031 0.539044 -0.158031 0.61483 0 0.993267 0 
1 5 0 1.23193 1.23193 0 0.549274 -0.205428 0.549274 -0.205428 0.601843 0 0.990229 0 
1 5 0 1.26371 1.26371 0 0.562093 -0.254551 0.562093 -0.254551 0.5859 0 0.987595 0 
1 5 0 1.30284 1.30284 0 0.577578 -0.305241 0.577578 -0.305241 0.567356 0 0.985767 0 
1 5 0 1.34981 1.34981 0 0.595998 -0.357274 0.595998 -0.357274 0.546634 0 0.984923 0 
1 5 0 1.40522 1.40522 0 0.617935 -0.41022 0.617935 -0.41022 0.524214 0 0.98496 0 
1 5 0 1.46984 1.46984 0 0.644402 -0.463273 0.644402 -0.463273 0.500631 0 0.985463 0 
1 5 0 1.54442 1.54442 0 0.676918 -0.515082 0.676918 -0.515082 0.476475 0 0.985687 0 
1 5 0 1.62463 1.62463 0 0.714754 -0.561298 0.714754 -0.561298 0.4537 0 0.984694 0 
1 5 0 1.70676 1.70676 0 0.756319 -0.600363 0.756319 -0.600363 0.433308 0 0.981828 0 
1 5 0 1.79013 1.79013 0 0.800388 -0.633654 0.800388 -0.633654 0.415171 0 0.976748 0 
1 5 0 1.87438 1.87438 0 0.845675 -0.662804 0.845675 -0.662804 0.399043 0 0.969328 0 
1 5 0 1.95941 1.95941 0 0.891248 -0.689138 0.891248 -0.689138 0.384656 0 0.959587 0 
1 5 0 2.04516 2.04516 0 0.936546 -0.713552 0.936546 -0.713552 0.371766 0 0.947637 0 
1 5 0 2.13157 2.13157 0 0.981264 -0.73662 0.981264 -0.73662 0.360165 0 0.933653 0 
1 5 0 2.21863 2.21863 0 1.02525 -0.758702 1.02525 -0.758702 0.349678 0 0.917851 0 
1 5 0 2.30627 2.30627 0 1.06843 -0.780029 1.06843 -0.780029 0.340157 0 0.90047 0 
1 5 0 2.39445 2.39445 0 1.11078 -0.800753 1.11078 -0.800753 0.331478 0 0.881756 0 
1 5 0 2.48314 2.48314 0 1.15231 -0.820979 1.15231 -0.820979 0.323535 0 0.861956 0 
1 5 0 2.5723 2.5723 0 1.19304 -0.840779 1.19304 -0.840779 0.316238 0 0.841304 0 
1 5 0 2.66189 2.66189 0 1.23299 -0.860205 1.23299 -0.860205 0.309511 0 0.820021 0 
1 5 0 2.75189 2.75189 0 1.27219 -0.879297 1.27219 -0.879297 0.303288 0 0.798309 0 
1 5 0 2.84225 2.84225 0 1.31067 -0.898084 1.31067 -0.898084 0.297513 0 0.776351 0 
1 5 0 2.93297 2.93297 0 1.34847 -0.916589 1.34847 -0.916589 0.292138 0 0.754306 0 
1 5 0 3.024 3.024 0 1.3856 -0.934832 1.3856 -0.934832 0.28712 0 0.732315 0 
1 5 0 3.11535 3.11535 0 1.42211 -0.952828 1.42211 -0.952828 0.282424 0 0.710498 0 
1 5 0 3.20697 3.20697 0 1.45801 -0.97059 1.45801 -0.97059 0.278017 0 0.688958 0 
1 5 0 3.29887 3.29887 0 1.49334 -0.988129 1.49334 -0.988129 0.273872 0 0.667778 0 
1 5 0 3.39101 3.39101 0 1.52811 -1.00545 1.52811 -1.00545 0.269965 0 0.647029 0 
1 5 0 3.4834 3.4834 0 1.56235 -1.02257 1.56235 -1.02257 0.266274 0 0.626765 0 
1 5 0 3.576 3.576 0 1.59608 -1.0395 1.59608 -1.0395 0.262781 0 0.607028 0 
1 5 0 3.66882 3.66882 0 1.62931 -1.05623 1.62931 -1.05623 0.259468 0 0.587852 0 
1 5 0 3.76184 3.76184 0 1.66208 -1.07278 1.66208 -1.07278 0.25632 0 0.569259 0 
1 5 0 3.85505 3.85505 0 1.69439 -1.08914 1.69439 -1.08914 0.253325 0 0.551264 0 
1 5 0 3.94844 3.94844 0 1.72626 -1.10534 1.72626 -1.10534 0.250471 0 0.533875 0 
1 5 0 4.04201 4.04201 0 1.75771 -1.12137 1.75771 -1.12137 0.247746 0 0.517094 0 
1 5 0 4.13573 4.13573 0 1.78875 -1.13723 1.78875 -1.13723 0.24514 0 0.50092 0 
1 5 0 4.22962 4.22962 0 1.8194 -1.15294 1.8194 -1.15294 0.242646 0 0.485346 0 
1 5 0 4.32365 4.32365 0 1.84967 -1.16849 1.84967 -1.16849 0.240255 0 0.470363 0 
1 5 0 4.41782 4.41782 0 1.87957 -1.18389 1.87957 -1.18389 0.237959 0 0.455959 0 
1 5 0 4.51213 4.51213 0 1.90912 -1.19914 1.90912 -1.19914 0.235753 0 0.44212 0 
1 5 0 4.60657 4.60657 0 1.93832 -1.21425 1.93832 -1.21425 0.233629 0 0.428832 0 
1 5 0 4.70114 4.70114 0 1.96718 -1.22922 1.96718 -1.22922 0.231583 0 0.416078 0 
1 5 0 4.79583 4.79583 0 1.99572 -1.24405 1.99572 -1.24405 0.229608 0 0.403842 0 
1 5 0 4.89063 4.89063 0 2.02395 -1.25875 2.02395 -1.25875 0.2277 0 0.392105 0 
1 5 0 4.98554 4.98554 0 2.05187 -1.27332 2.05187 -1.27332 0.225854 0 0.38085 0 
1 5 0 5.08055 5.08055 0 2.0795 -1.28776 2.0795 -1.28776 0.224066 0 0.37006 0 
2 5 0 1.17008 1.17008 0 0.523199 -6.16825e-11 0.523199 -6.16825e-11 0.224066 0 0.37006 0 
1 5 0 1.17069 1.17069 0 0.523467 0.02 0.523467 0.02 0.224066 0 0.37006 0 
1 5 0 1.17249 1.17249 0 0.524256 0.0399027 0.524256 0.0399027 0.63382 0 0.999466 0 
1 5 0 1.17736 1.17736 0 0.526373 0.069429 0.526373 0.069429 0.631095 0 0.998432 0 
1 5 0 1.18909 1.18909 0 0.531416 0.11258 0.531416 0.11258 0.624607 0 0.996174 0 
1 5 0 1.20716 1.20716 0 0.539044 0.158031 0.539044 0.158031 0.61483 0 0.993267 0 
1 5 0 1.23193 1.23193 0 0.549274 0.205428 0.549274 0.205428 0.601843 0 0.990229 0 
1 5 0 1.26371 1.26371 0 0.562093 0.254551 0.562093 0.254551 0.5859 0 0.987595 0 
1 5 0 1.30284 1.30284 0 0.577578 0.305241 0.577578 0.305241 0.567356 0 0.985767 0 
1 5 0 1.34981 1.34981 0 0.595998 0.357274 0.595998 0.357274 0.546634 0 0.984923 0 
1 5 0 1.40522 1.40522 0 0.617935 0.41022 0.617935 0.41022 0.524214 0 0.98496 0 
1 5 0 1.46984 1.46984 0 0.644402 0.463273 0.644402 0.463273 0.500631 0 0.985463 0 
1 5 0 1.54442 1.54442 0 0.676918 0.515082 0.676918 0.515082 0.476475 0 0.985687 0 
1 5 0 1.62463 1.62463 0 0.714754 0.561298 0.714754 0.561298 0.4537 0 0.984694 0 
1 5 0 1.70676 1.70676 0 0.756319 0.600363 0.756319 0.600363 0.433308 0 0.981828 0 
1 5 0 1.79013 1.79013 0 0.800388 0.633654 0.800388 0.633654 0.415171 0 0.976748 0 
1 5 0 1.87438 1.87438 0 0.845675 0.662804 0.845675 0.662804 0.399043 0 0.969328 0 
1 5 0 1.95941 1.95941 0 0.891248 0.689138 0.891248 0.689138 0.384656 0 0.959587 0 
1 5 0 2.04516 2.04516 0 0.936546 0.713552 0.936546 0.713552 0.371766 0 0.947637 0 
1 5 0 2.13157 2.13157 0 0.981264 0.73662 0.981264 0.73662 0.360165 0 0.933653 0 
1 5 0 2.21863 2.21863 0 1.02525 0.758702 1.02525 0.758702 0.349678 0 0.917851 0 
1 5 0 2.30627 2.30627 0 1.06843 0.780029 1.06843 0.780029 0.340157 0 0.90047 0 
1 5 0 2.39445 2.39445 0 1.11078 0.800753 1.11078 0.800753 0.331478 0 0.881756 0 
1 5 0 2.48314 2.48314 0 1.15231 0.820979 1.15231 0.820979 0.323535 0 0.861956 0 
1 5 0 2.5723 2.5723 0 1.19304 0.840779 1.19304 0.840779 0.316238 0 0.841304 0 
1 5 0 2.66189 2.66189 0 1.23299 0.860205 1.23299 0.860205 0.309511 0 0.820021 0 
1 5 0 2.75189 2.75189 0 1.27219 0.879297 1.27219 0.879297 0.303288 0 0.798309 0 
1 5 0 2.84225 2.84225 0 1.31067 0.898084 1.31067 0.898084 0.297513 0 0.776351 0 
1 5 0 2.93297 2.93297 0 1.34847 0.916589 1.34847 0.916589 0.292138 0 0.754306 0 
1 5 0 3.024 3.024 0 1.3856 0.934832 1.3856 0.934832 0.28712 0 0.732315 0 
1 5 0 3.11535 3.11535 0 1.42211 0.952828 1.42211 0.952828 0.282424 0 0.710498 0 
1 5 0 3.20697 3.20697 0 1.45801 0.97059 1.45801 0.97059 0.278017 0 0.688958 0 
1 5 0 3.29887 3.29887 0 1.49334 0.988129 1.49334 0.988129 0.273872 0 0.667778 0 
1 5 0 3.39101 3.39101 0 1.52811 1.00545 1.52811 1.00545 0.269965 0 0.647029 0 
1 5 0 3.4834 3.4834 0 1.56235 1.02257 1.56235 1.02257 0.266274 0 0.626765 0 
1 5 0 3.576 3.576 0 1.59608 1.0395 1.59608 1.0395 0.262781 0 0.607028 0 
1 5 0 3.66882 3.66882 0 1.62931 1.05623 1.62931 1.05623 0.259468 0 0.587852 0 
1 5 0 3.76184 3.76184 0 1.66208 1.07278 1.66208 1.07278 0.25632 0 0.569259 0 
1 5 0 3.85505 3.85505 0 1.69439 1.08914 1.69439 1.08914 0.253325 0 0.551264 0 
1 5 0 3.94844 3.94844 0 1.72626 1.10534 1.72626 1.10534 0.250471 0 0.533875 0 
1 5 0 4.04201 4.04201 0 1.75771 1.12137 1.75771 1.12137 0.247746 0 0.517094 0 
1 5 0 4.13573 4.13573 0 1.78875 1.13723 1.78875 1.13723 0.24514 0 0.50092 0 
1 5 0 4.22962 4.22962 0 1.8194 1.15294 1.8194 1.15294 0.242646 0 0.485346 0 
1 5 0 4.32365 4.32365 0 1.84967 1.16849 1.84967 1.16849 0.240255 0 0.470363 0 
1 5 0 4.41782 4.41782 0 1.87957 1.18389 1.87957 1.18389 0.237959 0 0.455959 0 
1 5 0 4.51213 4.51213 0 1.90912 1.19914 1.90912 1.19914 0.235753 0 0.44212 0 
1 5 0 4.60657 4.60657 0 1.93832 1.21425 1.93832 1.21425 0.233629 0 0.428832 0 
1 5 0 4.70114 4.70114 0 1.96718 1.22922 1.96718 1.22922 0.231583 0 0.416078 0 
1 5 0 4.79583 4.79583 0 1.99572 1.24405 1.99572 1.24405 0.229608 0 0.403842 0 
1 5 0 4.89063 4.89063 0 2.02395 1.25875 2.02395 1.25875 0.2277 0 0.392105 0 
1 5 0 4.98554 4.98554 0 2.05187 1.27332 2.05187 1.27332 0.225854 0 0.38085 0 
1 5 0 5.08055 5.08055 0 2.0795 1.28776 2.0795 1.28776 0.224066 0 0.37006 0 
