2 1 0 4.52032 4.52032 0 1.56248 1.56248 1.56248 1.56248 0.440947 0 0.235566 0 
2 1 0 4.5013 4.5013 0 1.5581 1.5581 1.5581 1.5581 0.222942 0 1.88809 0 
2 1 0 4.49179 4.49179 0 1.55591 1.55591 1.55591 1.55591 0.223161 0 1.88203 0 
2 1 0 4.48229 4.48229 0 1.55371 1.55371 1.55371 1.55371 1.876 0 0.223381 0 
2 1 0 4.47279 4.47279 0 1.55151 1.55151 1.55151 1.55151 1.86999 0 0.223602 0 
2 1 0 4.46328 4.46328 0 1.54931 1.54931 1.54931 1.54931 1.86401 0 0.223824 0 
2 1 0 4.45378 4.45378 0 1.54711 1.54711 1.54711 1.54711 1.85806 0 0.224047 0 
2 1 0 4.44428 4.44428 0 1.5449 1.5449 1.5449 1.5449 0.224271 0 1.85214 0 
2 1 0 4.43478 4.43478 0 1.54269 1.54269 1.54269 1.54269 1.84624 0 0.224496 0 
2 1 0 4.42528 4.42528 0 1.54047 1.54047 1.54047 1.54047 1.84037 0 0.224722 0 
2 1 0 4.41579 4.41579 0 1.53826 1.53826 1.53826 1.53826 1.83452 0 0.22495 0 
2 1 0 4.40629 4.40629 0 1.53604 1.53604 1.53604 1.53604 1.8287 0 0.225178 0 
2 1 0 4.3968 4.3968 0 1.53382 1.53382 1.53382 1.53382 1.82291 0 0.225408 0 
2 1 0 4.38731 4.38731 0 1.53159 1.53159 1.53159 1.53159 1.81715 0 0.225639 0 
2 1 0 4.37782 4.37782 0 1.52937 1.52937 1.52937 1.52937 0.22587 0 1.81141 0 
2 1 0 4.36833 4.36833 0 1.52714 1.52714 1.52714 1.52714 0.226103 0 1.80569 0 
2 1 0 4.35884 4.35884 0 1.52491 1.52491 1.52491 1.52491 1.80001 0 0.226338 0 
2 1 0 4.34935 4.34935 0 1.52267 1.52267 1.52267 1.52267 0.226573 0 1.79434 0 
2 1 0 4.33987 4.33987 0 1.52043 1.52043 1.52043 1.52043 1.78871 0 0.226809 0 
2 1 0 4.33038 4.33038 0 1.51819 1.51819 1.51819 1.51819 1.7831 0 0.227047 0 
2 1 0 4.3209 4.3209 0 1.51595 1.51595 1.51595 1.51595 0.227286 0 1.77752 0 
2 1 0 4.31142 4.31142 0 1.5137 1.5137 1.5137 1.5137 0.227526 0 1.77196 0 
2 1 0 4.30194 4.30194 0 1.51145 1.51145 1.51145 1.51145 1.76642 0 0.227767 0 
2 1 0 4.29246 4.29246 0 1.5092 1.5092 1.5092 1.5092 1.76092 0 0.228009 0 
2 1 0 4.28298 4.28298 0 1.50694 1.50694 1.50694 1.50694 0.228252 0 1.75543 0 
2 1 0 4.2735 4.2735 0 1.50468 1.50468 1.50468 1.50468 0.228497 0 1.74998 0 
2 1 0 4.26403 4.26403 0 1.50242 1.50242 1.50242 1.50242 0.228743 0 1.74455 0 
2 1 0 4.25455 4.25455 0 1.50016 1.50016 1.50016 1.50016 0.22899 0 1.73914 0 
2 1 0 4.24508 4.24508 0 1.49789 1.49789 1.49789 1.49789 1.73376 0 0.229239 0 
2 1 0 4.23561 4.23561 0 1.49562 1.49562 1.49562 1.49562 1.7284 0 0.229488 0 
2 1 0 4.22614 4.22614 0 1.49335 1.49335 1.49335 1.49335 1.72307 0 0.229739 0 
2 1 0 4.21668 4.21668 0 1.49107 1.49107 1.49107 1.49107 1.71776 0 0.229992 0 
2 1 0 4.20721 4.20721 0 1.48879 1.48879 1.48879 1.48879 1.71248 0 0.230245 0 
2 1 0 4.19774 4.19774 0 1.48651 1.48651 1.48651 1.48651 0.2305 0 1.70722 0 
2 1 0 4.18828 4.18828 0 1.48422 1.48422 1.48422 1.48422 1.70199 0 0.230756 0 
2 1 0 4.17882 4.17882 0 1.48193 1.48193 1.48193 1.48193 0.231013 0 1.69678 0 
2 1 0 4.16936 4.16936 0 1.47964 1.47964 1.47964 1.47964 1.69159 0 0.231272 0 
2 1 0 4.1599 4.1599 0 1.47735 1.47735 1.47735 1.47735 1.68643 0 0.231532 0 
2 1 0 4.15044 4.15044 0 1.47505 1.47505 1.47505 1.47505 0.231793 0 1.68129 0 
2 1 0 4.14099 4.14099 0 1.47275 1.47275 1.47275 1.47275 1.67618 0 0.232056 0 
2 1 0 4.13153 4.13153 0 1.47045 1.47045 1.47045 1.47045 1.67109 0 0.23232 0 
2 1 0 4.12208 4.12208 0 1.46814 1.46814 1.46814 1.46814 1.66603 0 0.232585 0 
2 1 0 4.11263 4.11263 0 1.46583 1.46583 1.46583 1.46583 0.232852 0 1.66099 0 
2 1 0 4.10318 4.10318 0 1.46352 1.46352 1.46352 1.46352 1.65597 0 0.23312 0 
2 1 0 4.09373 4.09373 0 1.4612 1.4612 1.4612 1.4612 0.23339 0 1.65098 0 
2 1 0 4.08428 4.08428 0 1.45888 1.45888 1.45888 1.45888 0.233661 0 1.64601 0 
2 1 0 4.07484 4.07484 0 1.45656 1.45656 1.45656 1.45656 0.233933 0 1.64106 0 
2 1 0 4.06539 4.06539 0 1.45423 1.45423 1.45423 1.45423 1.63614 0 0.234207 0 
2 1 0 4.05595 4.05595 0 1.45191 1.45191 1.45191 1.45191 1.63124 0 0.234482 0 
2 1 0 4.04651 4.04651 0 1.44957 1.44957 1.44957 1.44957 0.234759 0 1.62636 0 
2 1 0 4.03707 4.03707 0 1.44724 1.44724 1.44724 1.44724 1.62151 0 0.235037 0 
2 1 0 4.02763 4.02763 0 1.4449 1.4449 1.4449 1.4449 0.235316 0 1.61668 0 
2 1 0 4.0182 4.0182 0 1.44256 1.44256 1.44256 1.44256 1.61187 0 0.235597 0 
2 1 0 4.00876 4.00876 0 1.44021 1.44021 1.44021 1.44021 1.60709 0 0.23588 0 
2 1 0 3.99933 3.99933 0 1.43787 1.43787 1.43787 1.43787 0.236164 0 1.60233 0 
2 1 0 3.9899 3.9899 0 1.43552 1.43552 1.43552 1.43552 1.59759 0 0.23645 0 
2 1 0 3.98047 3.98047 0 1.43316 1.43316 1.43316 1.43316 1.59287 0 0.236737 0 
2 1 0 3.97104 3.97104 0 1.4308 1.4308 1.4308 1.4308 0.237025 0 1.58818 0 
2 1 0 3.96162 3.96162 0 1.42844 1.42844 1.42844 1.42844 0.237315 0 1.58351 0 
2 1 0 3.95219 3.95219 0 1.42608 1.42608 1.42608 1.42608 0.237607 0 1.57886 0 
2 1 0 3.94277 3.94277 0 1.42371 1.42371 1.42371 1.42371 1.57424 0 0.2379 0 
2 1 0 3.93335 3.93335 0 1.42134 1.42134 1.42134 1.42134 1.56964 0 0.238195 0 
2 1 0 3.92393 3.92393 0 1.41896 1.41896 1.41896 1.41896 1.56506 0 0.238492 0 
2 1 0 3.91451 3.91451 0 1.41659 1.41659 1.41659 1.41659 0.23879 0 1.5605 0 
2 1 0 3.9051 3.9051 0 1.41421 1.41421 1.41421 1.41421 0.23909 0 1.55596 0 
2 1 0 3.89568 3.89568 0 1.41182 1.41182 1.41182 1.41182 0.239391 0 1.55145 0 
2 1 0 3.88627 3.88627 0 1.40943 1.40943 1.40943 1.40943 1.54696 0 0.239694 0 
2 1 0 3.87686 3.87686 0 1.40704 1.40704 1.40704 1.40704 1.54249 0 0.239999 0 
2 1 0 3.86745 3.86745 0 1.40465 1.40465 1.40465 1.40465 0.240305 0 1.53804 0 
2 1 0 3.85804 3.85804 0 1.40225 1.40225 1.40225 1.40225 0.240613 0 1.53361 0 
2 1 0 3.84864 3.84864 0 1.39985 1.39985 1.39985 1.39985 1.52921 0 0.240923 0 
2 1 0 3.83923 3.83923 0 1.39744 1.39744 1.39744 1.39744 1.52483 0 0.241234 0 
2 1 0 3.82983 3.82983 0 1.39503 1.39503 1.39503 1.39503 1.52047 0 0.241547 0 
2 1 0 3.82043 3.82043 0 1.39262 1.39262 1.39262 1.39262 1.51613 0 0.241862 0 
2 1 0 3.81103 3.81103 0 1.39021 1.39021 1.39021 1.39021 0.242179 0 1.51181 0 
2 1 0 3.80164 3.80164 0 1.38779 1.38779 1.38779 1.38779 0.242497 0 1.50752 0 
2 1 0 3.79224 3.79224 0 1.38536 1.38536 1.38536 1.38536 0.242817 0 1.50324 0 
2 1 0 3.78285 3.78285 0 1.38294 1.38294 1.38294 1.38294 0.243139 0 1.49899 0 
2 1 0 3.77346 3.77346 0 1.38051 1.38051 1.38051 1.38051 1.49476 0 0.243463 0 
2 1 0 3.76407 3.76407 0 1.37807 1.37807 1.37807 1.37807 0.243788 0 1.49055 0 
2 1 0 3.75468 3.75468 0 1.37564 1.37564 1.37564 1.37564 1.48636 0 0.244116 0 
2 1 0 3.74529 3.74529 0 1.3732 1.3732 1.3732 1.3732 1.48219 0 0.244445 0 
2 1 0 3.73591 3.73591 0 1.37075 1.37075 1.37075 1.37075 0.244776 0 1.47804 0 
2 1 0 3.72653 3.72653 0 1.3683 1.3683 1.3683 1.3683 1.47391 0 0.245109 0 
2 1 0 3.71715 3.71715 0 1.36585 1.36585 1.36585 1.36585 1.46981 0 0.245444 0 
2 1 0 3.70777 3.70777 0 1.3634 1.3634 1.3634 1.3634 0.245781 0 1.46572 0 
2 1 0 3.6984 3.6984 0 1.36094 1.36094 1.36094 1.36094 1.46166 0 0.24612 0 
2 1 0 3.68902 3.68902 0 1.35848 1.35848 1.35848 1.35848 0.24646 0 1.45762 0 
2 1 0 3.67965 3.67965 0 1.35601 1.35601 1.35601 1.35601 1.4536 0 0.246803 0 
2 1 0 3.67028 3.67028 0 1.35354 1.35354 1.35354 1.35354 0.247148 0 1.44959 0 
2 1 0 3.66091 3.66091 0 1.35107 1.35107 1.35107 1.35107 0.247494 0 1.44561 0 
2 1 0 3.65155 3.65155 0 1.34859 1.34859 1.34859 1.34859 0.247843 0 1.44165 0 
2 1 0 3.64218 3.64218 0 1.34611 1.34611 1.34611 1.34611 1.43771 0 0.248194 0 
2 1 0 3.63282 3.63282 0 1.34362 1.34362 1.34362 1.34362 0.248546 0 1.43379 0 
2 1 0 3.62346 3.62346 0 1.34113 1.34113 1.34113 1.34113 1.42989 0 0.248901 0 
2 1 0 3.6141 3.6141 0 1.33864 1.33864 1.33864 1.33864 0.249258 0 1.42602 0 
2 1 0 3.60475 3.60475 0 1.33614 1.33614 1.33614 1.33614 1.42216 0 0.249617 0 
2 1 0 3.59539 3.59539 0 1.33364 1.33364 1.33364 1.33364 1.41832 0 0.249978 0 
2 1 0 3.58604 3.58604 0 1.33114 1.33114 1.33114 1.33114 1.4145 0 0.250341 0 
2 1 0 3.57669 3.57669 0 1.32863 1.32863 1.32863 1.32863 1.4107 0 0.250706 0 
2 1 0 3.56734 3.56734 0 1.32612 1.32612 1.32612 1.32612 1.40692 0 0.251074 0 
2 1 0 3.558 3.558 0 1.3236 1.3236 1.3236 1.3236 1.40317 0 0.251443 0 
2 1 0 3.54865 3.54865 0 1.32108 1.32108 1.32108 1.32108 0.251815 0 1.39943 0 
2 1 0 3.53931 3.53931 0 1.31856 1.31856 1.31856 1.31856 0.252189 0 1.39571 0 
2 1 0 3.52997 3.52997 0 1.31603 1.31603 1.31603 1.31603 0.252566 0 1.39201 0 
2 1 0 3.52064 3.52064 0 1.3135 1.3135 1.3135 1.3135 0.252944 0 1.38833 0 
2 1 0 3.5113 3.5113 0 1.31096 1.31096 1.31096 1.31096 1.38467 0 0.253325 0 
2 1 0 3.50197 3.50197 0 1.30842 1.30842 1.30842 1.30842 0.253708 0 1.38103 0 
2 1 0 3.49264 3.49264 0 1.30588 1.30588 1.30588 1.30588 1.37741 0 0.254094 0 
2 1 0 3.48331 3.48331 0 1.30333 1.30333 1.30333 1.30333 1.37381 0 0.254481 0 
2 1 0 3.47398 3.47398 0 1.30078 1.30078 1.30078 1.30078 0.254872 0 1.37023 0 
2 1 0 3.46466 3.46466 0 1.29822 1.29822 1.29822 1.29822 1.36667 0 0.255264 0 
2 1 0 3.45534 3.45534 0 1.29566 1.29566 1.29566 1.29566 1.36313 0 0.255659 0 
2 1 0 3.44602 3.44602 0 1.2931 1.2931 1.2931 1.2931 1.35961 0 0.256056 0 
2 1 0 3.4367 3.4367 0 1.29053 1.29053 1.29053 1.29053 1.35611 0 0.256456 0 
2 1 0 3.42739 3.42739 0 1.28796 1.28796 1.28796 1.28796 0.256858 0 1.35262 0 
2 1 0 3.41808 3.41808 0 1.28538 1.28538 1.28538 1.28538 1.34916 0 0.257263 0 
2 1 0 3.40877 3.40877 0 1.2828 1.2828 1.2828 1.2828 1.34571 0 0.25767 0 
2 1 0 3.39946 3.39946 0 1.28021 1.28021 1.28021 1.28021 0.25808 0 1.34229 0 
2 1 0 3.39015 3.39015 0 1.27762 1.27762 1.27762 1.27762 0.258492 0 1.33888 0 
2 1 0 3.38085 3.38085 0 1.27503 1.27503 1.27503 1.27503 1.33549 0 0.258907 0 
2 1 0 3.37155 3.37155 0 1.27243 1.27243 1.27243 1.27243 1.33212 0 0.259324 0 
2 1 0 3.36225 3.36225 0 1.26983 1.26983 1.26983 1.26983 1.32878 0 0.259744 0 
2 1 0 3.35296 3.35296 0 1.26722 1.26722 1.26722 1.26722 1.32544 0 0.260167 0 
2 1 0 3.34366 3.34366 0 1.26461 1.26461 1.26461 1.26461 1.32213 0 0.260592 0 
2 1 0 3.33437 3.33437 0 1.262 1.262 1.262 1.262 1.31884 0 0.26102 0 
2 1 0 3.32508 3.32508 0 1.25938 1.25938 1.25938 1.25938 0.261451 0 1.31557 0 
2 1 0 3.3158 3.3158 0 1.25675 1.25675 1.25675 1.25675 1.31231 0 0.261884 0 
2 1 0 3.30651 3.30651 0 1.25412 1.25412 1.25412 1.25412 1.30907 0 0.262321 0 
2 1 0 3.29723 3.29723 0 1.25149 1.25149 1.25149 1.25149 1.30586 0 0.262759 0 
2 1 0 3.28796 3.28796 0 1.24885 1.24885 1.24885 1.24885 1.30266 0 0.263201 0 
2 1 0 3.27868 3.27868 0 1.24621 1.24621 1.24621 1.24621 1.29948 0 0.263646 0 
2 1 0 3.26941 3.26941 0 1.24356 1.24356 1.24356 1.24356 1.29632 0 0.264093 0 
2 1 0 3.26014 3.26014 0 1.24091 1.24091 1.24091 1.24091 0.264544 0 1.29317 0 
2 1 0 3.25087 3.25087 0 1.23826 1.23826 1.23826 1.23826 1.29005 0 0.264997 0 
2 1 0 3.2416 3.2416 0 1.2356 1.2356 1.2356 1.2356 1.28694 0 0.265453 0 
2 1 0 3.23234 3.23234 0 1.23293 1.23293 1.23293 1.23293 1.28386 0 0.265912 0 
2 1 0 3.22308 3.22308 0 1.23026 1.23026 1.23026 1.23026 1.28079 0 0.266374 0 
2 1 0 3.21382 3.21382 0 1.22759 1.22759 1.22759 1.22759 1.27774 0 0.266839 0 
2 1 0 3.20457 3.20457 0 1.22491 1.22491 1.22491 1.22491 1.2747 0 0.267307 0 
2 1 0 3.19532 3.19532 0 1.22223 1.22223 1.22223 1.22223 1.27169 0 0.267779 0 
2 1 0 3.18607 3.18607 0 1.21954 1.21954 1.21954 1.21954 1.26869 0 0.268253 0 
2 1 0 3.17682 3.17682 0 1.21685 1.21685 1.21685 1.21685 1.26572 0 0.26873 0 
2 1 0 3.16758 3.16758 0 1.21415 1.21415 1.21415 1.21415 0.269211 0 1.26276 0 
2 1 0 3.15833 3.15833 0 1.21145 1.21145 1.21145 1.21145 1.25982 0 0.269695 0 
2 1 0 3.1491 3.1491 0 1.20874 1.20874 1.20874 1.20874 1.25689 0 0.270182 0 
2 1 0 3.13986 3.13986 0 1.20603 1.20603 1.20603 1.20603 1.25399 0 0.270672 0 
2 1 0 3.13063 3.13063 0 1.20331 1.20331 1.20331 1.20331 0.271165 0 1.2511 0 
2 1 0 3.1214 3.1214 0 1.20059 1.20059 1.20059 1.20059 1.24823 0 0.271662 0 
2 1 0 3.11217 3.11217 0 1.19787 1.19787 1.19787 1.19787 1.24538 0 0.272162 0 
2 1 0 3.10295 3.10295 0 1.19513 1.19513 1.19513 1.19513 1.24255 0 0.272666 0 
2 1 0 3.09373 3.09373 0 1.1924 1.1924 1.1924 1.1924 1.23974 0 0.273173 0 
2 1 0 3.08451 3.08451 0 1.18966 1.18966 1.18966 1.18966 1.23694 0 0.273683 0 
2 1 0 3.07529 3.07529 0 1.18691 1.18691 1.18691 1.18691 0.274197 0 1.23416 0 
2 1 0 3.06608 3.06608 0 1.18416 1.18416 1.18416 1.18416 1.2314 0 0.274714 0 
2 1 0 3.05687 3.05687 0 1.18141 1.18141 1.18141 1.18141 0.275235 0 1.22866 0 
2 1 0 3.04766 3.04766 0 1.17864 1.17864 1.17864 1.17864 1.22593 0 0.275759 0 
2 1 0 3.03846 3.03846 0 1.17588 1.17588 1.17588 1.17588 1.22322 0 0.276287 0 
2 1 0 3.02926 3.02926 0 1.17311 1.17311 1.17311 1.17311 1.22054 0 0.276819 0 
2 1 0 3.02006 3.02006 0 1.17033 1.17033 1.17033 1.17033 1.21786 0 0.277354 0 
2 1 0 3.01087 3.01087 0 1.16755 1.16755 1.16755 1.16755 0.277893 0 1.21521 0 
2 1 0 3.00168 3.00168 0 1.16476 1.16476 1.16476 1.16476 1.21257 0 0.278436 0 
2 1 0 2.99249 2.99249 0 1.16197 1.16197 1.16197 1.16197 1.20996 0 0.278982 0 
2 1 0 2.98331 2.98331 0 1.15918 1.15918 1.15918 1.15918 1.20735 0 0.279532 0 
2 1 0 2.97413 2.97413 0 1.15637 1.15637 1.15637 1.15637 0.280087 0 1.20477 0 
2 1 0 2.96495 2.96495 0 1.15357 1.15357 1.15357 1.15357 0.280645 0 1.20221 0 
2 1 0 2.95577 2.95577 0 1.15075 1.15075 1.15075 1.15075 1.19966 0 0.281206 0 
2 1 0 2.9466 2.9466 0 1.14794 1.14794 1.14794 1.14794 1.19713 0 0.281772 0 
2 1 0 2.93743 2.93743 0 1.14511 1.14511 1.14511 1.14511 1.19461 0 0.282342 0 
2 1 0 2.92827 2.92827 0 1.14228 1.14228 1.14228 1.14228 1.19212 0 0.282916 0 
2 1 0 2.91911 2.91911 0 1.13945 1.13945 1.13945 1.13945 1.18964 0 0.283494 0 
2 1 0 2.90995 2.90995 0 1.13661 1.13661 1.13661 1.13661 1.18718 0 0.284076 0 
2 1 0 2.90079 2.90079 0 1.13377 1.13377 1.13377 1.13377 1.18474 0 0.284662 0 
2 1 0 2.89164 2.89164 0 1.13092 1.13092 1.13092 1.13092 1.18231 0 0.285253 0 
2 1 0 2.88249 2.88249 0 1.12806 1.12806 1.12806 1.12806 0.285848 0 1.1799 0 
2 1 0 2.87335 2.87335 0 1.1252 1.1252 1.1252 1.1252 0.286447 0 1.17751 0 
2 1 0 2.86421 2.86421 0 1.12233 1.12233 1.12233 1.12233 1.17514 0 0.28705 0 
2 1 0 2.85507 2.85507 0 1.11946 1.11946 1.11946 1.11946 1.17279 0 0.287658 0 
2 1 0 2.84593 2.84593 0 1.11658 1.11658 1.11658 1.11658 1.17045 0 0.28827 0 
2 1 0 2.8368 2.8368 0 1.1137 1.1137 1.1137 1.1137 1.16813 0 0.288886 0 
2 1 0 2.82768 2.82768 0 1.11081 1.11081 1.11081 1.11081 0.289507 0 1.16582 0 
2 1 0 2.81855 2.81855 0 1.10792 1.10792 1.10792 1.10792 0.290133 0 1.16354 0 
2 1 0 2.80943 2.80943 0 1.10502 1.10502 1.10502 1.10502 0.290763 0 1.16127 0 
2 1 0 2.80032 2.80032 0 1.10211 1.10211 1.10211 1.10211 0.291398 0 1.15901 0 
2 1 0 2.7912 2.7912 0 1.0992 1.0992 1.0992 1.0992 1.15678 0 0.292038 0 
2 1 0 2.78209 2.78209 0 1.09628 1.09628 1.09628 1.09628 1.15456 0 0.292682 0 
2 1 0 2.77299 2.77299 0 1.09336 1.09336 1.09336 1.09336 1.15236 0 0.293331 0 
2 1 0 2.76389 2.76389 0 1.09043 1.09043 1.09043 1.09043 0.293985 0 1.15018 0 
2 1 0 2.75479 2.75479 0 1.08749 1.08749 1.08749 1.08749 0.294644 0 1.14801 0 
2 1 0 2.7457 2.7457 0 1.08455 1.08455 1.08455 1.08455 0.295307 0 1.14586 0 
2 1 0 2.73661 2.73661 0 1.0816 1.0816 1.0816 1.0816 1.14373 0 0.295976 0 
2 1 0 2.72752 2.72752 0 1.07865 1.07865 1.07865 1.07865 1.14162 0 0.29665 0 
2 1 0 2.71844 2.71844 0 1.07569 1.07569 1.07569 1.07569 1.13952 0 0.297329 0 
2 1 0 2.70936 2.70936 0 1.07272 1.07272 1.07272 1.07272 0.298013 0 1.13744 0 
2 1 0 2.70029 2.70029 0 1.06975 1.06975 1.06975 1.06975 1.13538 0 0.298702 0 
2 1 0 2.69121 2.69121 0 1.06678 1.06678 1.06678 1.06678 1.13333 0 0.299396 0 
2 1 0 2.68215 2.68215 0 1.06379 1.06379 1.06379 1.06379 1.13131 0 0.300096 0 
2 1 0 2.67309 2.67309 0 1.0608 1.0608 1.0608 1.0608 1.12929 0 0.300801 0 
2 1 0 2.66403 2.66403 0 1.05781 1.05781 1.05781 1.05781 0.301512 0 1.1273 0 
2 1 0 2.65497 2.65497 0 1.0548 1.0548 1.0548 1.0548 1.12532 0 0.302228 0 
2 1 0 2.64593 2.64593 0 1.0518 1.0518 1.0518 1.0518 1.12336 0 0.302949 0 
2 1 0 2.63688 2.63688 0 1.04878 1.04878 1.04878 1.04878 1.12142 0 0.303676 0 
2 1 0 2.62784 2.62784 0 1.04576 1.04576 1.04576 1.04576 0.304409 0 1.11949 0 
2 1 0 2.6188 2.6188 0 1.04273 1.04273 1.04273 1.04273 1.11758 0 0.305148 0 
2 1 0 2.60977 2.60977 0 1.0397 1.0397 1.0397 1.0397 1.11569 0 0.305892 0 
2 1 0 2.60074 2.60074 0 1.03666 1.03666 1.03666 1.03666 1.11382 0 0.306642 0 
2 1 0 2.59172 2.59172 0 1.03361 1.03361 1.03361 1.03361 0.307398 0 1.11196 0 
2 1 0 2.5827 2.5827 0 1.03056 1.03056 1.03056 1.03056 1.11012 0 0.30816 0 
2 1 0 2.57368 2.57368 0 1.0275 1.0275 1.0275 1.0275 1.10829 0 0.308928 0 
2 1 0 2.56467 2.56467 0 1.02443 1.02443 1.02443 1.02443 0.309702 0 1.10649 0 
2 1 0 2.55566 2.55566 0 1.02136 1.02136 1.02136 1.02136 1.1047 0 0.310483 0 
2 1 0 2.54666 2.54666 0 1.01828 1.01828 1.01828 1.01828 0.311269 0 1.10292 0 
2 1 0 2.53767 2.53767 0 1.01519 1.01519 1.01519 1.01519 0.312062 0 1.10117 0 
2 1 0 2.52867 2.52867 0 1.0121 1.0121 1.0121 1.0121 1.09943 0 0.312861 0 
2 1 0 2.51969 2.51969 0 1.009 1.009 1.009 1.009 1.0977 0 0.313667 0 
2 1 0 2.5107 2.5107 0 1.00589 1.00589 1.00589 1.00589 1.096 0 0.314479 0 
2 1 0 2.50172 2.50172 0 1.00278 1.00278 1.00278 1.00278 0.315298 0 1.09431 0 
2 1 0 2.49275 2.49275 0 0.999656 0.999656 0.999656 0.999656 1.09264 0 0.316123 0 
2 1 0 2.48378 2.48378 0 0.996529 0.996529 0.996529 0.996529 0.316956 0 1.09098 0 
2 1 0 2.47482 2.47482 0 0.993395 0.993395 0.993395 0.993395 0.317794 0 1.08935 0 
2 1 0 2.46586 2.46586 0 0.990253 0.990253 0.990253 0.990253 1.08773 0 0.31864 0 
2 1 0 2.45691 2.45691 0 0.987105 0.987105 0.987105 0.987105 1.08612 0 0.319493 0 
2 1 0 2.44796 2.44796 0 0.983949 0.983949 0.983949 0.983949 1.08453 0 0.320353 0 
2 1 0 2.43901 2.43901 0 0.980787 0.980787 0.980787 0.980787 1.08296 0 0.32122 0 
2 1 0 2.43007 2.43007 0 0.977617 0.977617 0.977617 0.977617 1.08141 0 0.322094 0 
2 1 0 2.42114 2.42114 0 0.97444 0.97444 0.97444 0.97444 1.07988 0 0.322976 0 
2 1 0 2.41221 2.41221 0 0.971256 0.971256 0.971256 0.971256 1.07836 0 0.323865 0 
2 1 0 2.40329 2.40329 0 0.968064 0.968064 0.968064 0.968064 0.324761 0 1.07685 0 
2 1 0 2.39437 2.39437 0 0.964865 0.964865 0.964865 0.964865 1.07537 0 0.325665 0 
2 1 0 2.38546 2.38546 0 0.961659 0.961659 0.961659 0.961659 0.326576 0 1.0739 0 
2 1 0 2.37655 2.37655 0 0.958446 0.958446 0.958446 0.958446 0.327495 0 1.07245 0 
2 1 0 2.36765 2.36765 0 0.955225 0.955225 0.955225 0.955225 0.328422 0 1.07101 0 
2 1 0 2.35875 2.35875 0 0.951996 0.951996 0.951996 0.951996 0.329357 0 1.06959 0 
2 1 0 2.34986 2.34986 0 0.94876 0.94876 0.94876 0.94876 1.06819 0 0.3303 0 
2 1 0 2.34097 2.34097 0 0.945517 0.945517 0.945517 0.945517 1.06681 0 0.331251 0 
2 1 0 2.33209 2.33209 0 0.942266 0.942266 0.942266 0.942266 1.06544 0 0.33221 0 
2 1 0 2.32322 2.32322 0 0.939007 0.939007 0.939007 0.939007 0.333177 0 1.06409 0 
2 1 0 2.31435 2.31435 0 0.935741 0.935741 0.935741 0.935741 1.06275 0 0.334153 0 
2 1 0 2.30548 2.30548 0 0.932466 0.932466 0.932466 0.932466 0.335137 0 1.06144 0 
2 1 0 2.29663 2.29663 0 0.929184 0.929184 0.929184 0.929184 0.33613 0 1.06014 0 
2 1 0 2.28777 2.28777 0 0.925895 0.925895 0.925895 0.925895 0.337132 0 1.05885 0 
2 1 0 2.27893 2.27893 0 0.922597 0.922597 0.922597 0.922597 1.05759 0 0.338142 0 
2 1 0 2.27009 2.27009 0 0.919291 0.919291 0.919291 0.919291 1.05634 0 0.339161 0 
2 1 0 2.26125 2.26125 0 0.915978 0.915978 0.915978 0.915978 0.340189 0 1.0551 0 
2 1 0 2.25243 2.25243 0 0.912656 0.912656 0.912656 0.912656 0.341227 0 1.05388 0 
2 1 0 2.2436 2.2436 0 0.909326 0.909326 0.909326 0.909326 1.05268 0 0.342273 0 
2 1 0 2.23479 2.23479 0 0.905988 0.905988 0.905988 0.905988 1.0515 0 0.343329 0 
2 1 0 2.22598 2.22598 0 0.902642 0.902642 0.902642 0.902642 1.05034 0 0.344394 0 
2 1 0 2.21718 2.21718 0 0.899288 0.899288 0.899288 0.899288 1.04919 0 0.345469 0 
2 1 0 2.20838 2.20838 0 0.895926 0.895926 0.895926 0.895926 1.04805 0 0.346553 0 
2 1 0 2.19959 2.19959 0 0.892555 0.892555 0.892555 0.892555 0.347647 0 1.04694 0 
2 1 0 2.1908 2.1908 0 0.889176 0.889176 0.889176 0.889176 0.348751 0 1.04584 0 
2 1 0 2.18203 2.18203 0 0.885788 0.885788 0.885788 0.885788 1.04475 0 0.349865 0 
2 1 0 2.17325 2.17325 0 0.882393 0.882393 0.882393 0.882393 0.35099 0 1.04369 0 
2 1 0 2.16449 2.16449 0 0.878988 0.878988 0.878988 0.878988 0.352124 0 1.04264 0 
2 1 0 2.15573 2.15573 0 0.875575 0.875575 0.875575 0.875575 1.0416 0 0.353269 0 
2 1 0 2.14698 2.14698 0 0.872153 0.872153 0.872153 0.872153 1.04059 0 0.354425 0 
2 1 0 2.13824 2.13824 0 0.868723 0.868723 0.868723 0.868723 1.03959 0 0.355591 0 
2 1 0 2.1295 2.1295 0 0.865284 0.865284 0.865284 0.865284 0.356768 0 1.0386 0 
2 1 0 2.12077 2.12077 0 0.861836 0.861836 0.861836 0.861836 1.03764 0 0.357956 0 
2 1 0 2.11204 2.11204 0 0.85838 0.85838 0.85838 0.85838 1.03669 0 0.359155 0 
2 1 0 2.10333 2.10333 0 0.854914 0.854914 0.854914 0.854914 0.360365 0 1.03575 0 
2 1 0 2.09462 2.09462 0 0.85144 0.85144 0.85144 0.85144 0.361587 0 1.03484 0 
2 1 0 2.08592 2.08592 0 0.847956 0.847956 0.847956 0.847956 1.03393 0 0.36282 0 
2 1 0 2.07722 2.07722 0 0.844464 0.844464 0.844464 0.844464 1.03305 0 0.364065 0 
2 1 0 2.06853 2.06853 0 0.840963 0.840963 0.840963 0.840963 1.03218 0 0.365321 0 
2 1 0 2.05985 2.05985 0 0.837452 0.837452 0.837452 0.837452 1.03133 0 0.36659 0 
2 1 0 2.05118 2.05118 0 0.833932 0.833932 0.833932 0.833932 0.367871 0 1.03049 0 
2 1 0 2.04251 2.04251 0 0.830403 0.830403 0.830403 0.830403 1.02968 0 0.369164 0 
2 1 0 2.03386 2.03386 0 0.826864 0.826864 0.826864 0.826864 1.02887 0 0.370469 0 
2 1 0 2.02521 2.02521 0 0.823316 0.823316 0.823316 0.823316 0.371787 0 1.02809 0 
2 1 0 2.01656 2.01656 0 0.819759 0.819759 0.819759 0.819759 1.02732 0 0.373118 0 
2 1 0 2.00793 2.00793 0 0.816192 0.816192 0.816192 0.816192 1.02656 0 0.374462 0 
2 1 0 1.9993 1.9993 0 0.812616 0.812616 0.812616 0.812616 1.02582 0 0.375819 0 
2 1 0 1.99068 1.99068 0 0.80903 0.80903 0.80903 0.80903 0.377189 0 1.0251 0 
2 1 0 1.98207 1.98207 0 0.805434 0.805434 0.805434 0.805434 1.0244 0 0.378573 0 
2 1 0 1.97347 1.97347 0 0.801829 0.801829 0.801829 0.801829 1.02371 0 0.37997 0 
2 1 0 1.96488 1.96488 0 0.798214 0.798214 0.798214 0.798214 1.02303 0 0.381381 0 
2 1 0 1.95629 1.95629 0 0.794589 0.794589 0.794589 0.794589 0.382807 0 1.02238 0 
2 1 0 1.94771 1.94771 0 0.790954 0.790954 0.790954 0.790954 1.02173 0 0.384246 0 
2 1 0 1.93914 1.93914 0 0.787309 0.787309 0.787309 0.787309 0.3857 0 1.02111 0 
2 1 0 1.93058 1.93058 0 0.783654 0.783654 0.783654 0.783654 1.0205 0 0.387169 0 
2 1 0 1.92203 1.92203 0 0.779988 0.779988 0.779988 0.779988 0.388652 0 1.0199 0 
2 1 0 1.91349 1.91349 0 0.776313 0.776313 0.776313 0.776313 1.01932 0 0.390151 0 
2 1 0 1.90495 1.90495 0 0.772627 0.772627 0.772627 0.772627 1.01876 0 0.391665 0 
2 1 0 1.89643 1.89643 0 0.768931 0.768931 0.768931 0.768931 1.01821 0 0.393194 0 
2 1 0 1.88791 1.88791 0 0.765225 0.765225 0.765225 0.765225 1.01768 0 0.394739 0 
2 1 0 1.87941 1.87941 0 0.761508 0.761508 0.761508 0.761508 1.01716 0 0.3963 0 
2 1 0 1.87091 1.87091 0 0.757781 0.757781 0.757781 0.757781 1.01666 0 0.397877 0 
2 1 0 1.86242 1.86242 0 0.754043 0.754043 0.754043 0.754043 1.01618 0 0.39947 0 
2 1 0 1.85394 1.85394 0 0.750294 0.750294 0.750294 0.750294 1.0157 0 0.40108 0 
2 1 0 1.84547 1.84547 0 0.746535 0.746535 0.746535 0.746535 0.402707 0 1.01525 0 
2 1 0 1.83701 1.83701 0 0.742765 0.742765 0.742765 0.742765 1.01481 0 0.404351 0 
2 1 0 1.82856 1.82856 0 0.738984 0.738984 0.738984 0.738984 1.01438 0 0.406013 0 
2 1 0 1.82012 1.82012 0 0.735192 0.735192 0.735192 0.735192 1.01397 0 0.407691 0 
2 1 0 1.81169 1.81169 0 0.731389 0.731389 0.731389 0.731389 0.409388 0 1.01357 0 
2 1 0 1.80327 1.80327 0 0.727574 0.727574 0.727574 0.727574 0.411103 0 1.01319 0 
2 1 0 1.79486 1.79486 0 0.723749 0.723749 0.723749 0.723749 1.01282 0 0.412837 0 
2 1 0 1.78646 1.78646 0 0.719912 0.719912 0.719912 0.719912 1.01247 0 0.414589 0 
2 1 0 1.77807 1.77807 0 0.716064 0.716064 0.716064 0.716064 0.41636 0 1.01213 0 
2 1 0 1.76969 1.76969 0 0.712205 0.712205 0.712205 0.712205 1.01181 0 0.41815 0 
2 1 0 1.76132 1.76132 0 0.708334 0.708334 0.708334 0.708334 0.41996 0 1.01149 0 
2 1 0 1.75296 1.75296 0 0.704452 0.704452 0.704452 0.704452 0.42179 0 1.0112 0 
2 1 0 1.74462 1.74462 0 0.700558 0.700558 0.700558 0.700558 0.423639 0 1.01091 0 
2 1 0 1.73628 1.73628 0 0.696652 0.696652 0.696652 0.696652 0.42551 0 1.01065 0 
2 1 0 1.72795 1.72795 0 0.692734 0.692734 0.692734 0.692734 1.01039 0 0.427401 0 
2 1 0 1.71964 1.71964 0 0.688805 0.688805 0.688805 0.688805 0.429313 0 1.01015 0 
2 1 0 1.71134 1.71134 0 0.684863 0.684863 0.684863 0.684863 1.00992 0 0.431247 0 
2 1 0 1.70305 1.70305 0 0.680909 0.680909 0.680909 0.680909 1.0097 0 0.433203 0 
2 1 0 1.69477 1.69477 0 0.676944 0.676944 0.676944 0.676944 1.0095 0 0.43518 0 
2 1 0 1.6865 1.6865 0 0.672965 0.672965 0.672965 0.672965 0.43718 0 1.00931 0 
2 1 0 1.67825 1.67825 0 0.668975 0.668975 0.668975 0.668975 0.439203 0 1.00913 0 
2 1 0 1.67 1.67 0 0.664972 0.664972 0.664972 0.664972 0.44125 0 1.00897 0 
2 1 0 1.66177 1.66177 0 0.660957 0.660957 0.660957 0.660957 0.44332 0 1.00881 0 
2 1 0 1.65355 1.65355 0 0.656929 0.656929 0.656929 0.656929 0.445414 0 1.00867 0 
2 1 0 1.64535 1.64535 0 0.652888 0.652888 0.652888 0.652888 0.447532 0 1.00854 0 
2 1 0 1.63715 1.63715 0 0.648835 0.648835 0.648835 0.648835 1.00843 0 0.449675 0 
2 1 0 1.62897 1.62897 0 0.644768 0.644768 0.644768 0.644768 0.451844 0 1.00832 0 
2 1 0 1.6208 1.6208 0 0.640689 0.640689 0.640689 0.640689 1.00823 0 0.454038 0 
2 1 0 1.61265 1.61265 0 0.636596 0.636596 0.636596 0.636596 0.456258 0 1.00815 0 
2 1 0 1.60451 1.60451 0 0.63249 0.63249 0.63249 0.63249 1.00807 0 0.458505 0 
2 1 0 1.59638 1.59638 0 0.628371 0.628371 0.628371 0.628371 0.460778 0 1.00801 0 
2 1 0 1.58826 1.58826 0 0.624239 0.624239 0.624239 0.624239 1.00796 0 0.46308 0 
2 1 0 1.58016 1.58016 0 0.620093 0.620093 0.620093 0.620093 1.00792 0 0.465409 0 
2 1 0 1.57208 1.57208 0 0.615933 0.615933 0.615933 0.615933 1.00789 0 0.467766 0 
2 1 0 1.564 1.564 0 0.61176 0.61176 0.61176 0.61176 1.00787 0 0.470153 0 
2 1 0 1.55594 1.55594 0 0.607573 0.607573 0.607573 0.607573 1.00786 0 0.472569 0 
2 1 0 1.5479 1.5479 0 0.603372 0.603372 0.603372 0.603372 0.475015 0 1.00785 0 
2 1 0 1.53987 1.53987 0 0.599157 0.599157 0.599157 0.599157 0.477491 0 1.00786 0 
2 1 0 1.53186 1.53186 0 0.594927 0.594927 0.594927 0.594927 1.00788 0 0.479999 0 
2 1 0 1.52386 1.52386 0 0.590683 0.590683 0.590683 0.590683 0.482538 0 1.0079 0 
2 1 0 1.51588 1.51588 0 0.586425 0.586425 0.586425 0.586425 0.485109 0 1.00793 0 
2 1 0 1.50791 1.50791 0 0.582153 0.582153 0.582153 0.582153 1.00797 0 0.487714 0 
2 1 0 1.49996 1.49996 0 0.577865 0.577865 0.577865 0.577865 1.00802 0 0.490351 0 
2 1 0 1.49202 1.49202 0 0.573563 0.573563 0.573563 0.573563 0.493023 0 1.00807 0 
2 1 0 1.4841 1.4841 0 0.569246 0.569246 0.569246 0.569246 0.495729 0 1.00813 0 
2 1 0 1.4762 1.4762 0 0.564914 0.564914 0.564914 0.564914 1.0082 0 0.498471 0 
2 1 0 1.46831 1.46831 0 0.560567 0.560567 0.560567 0.560567 1.00828 0 0.501248 0 
2 1 0 1.46044 1.46044 0 0.556204 0.556204 0.556204 0.556204 1.00836 0 0.504063 0 
2 1 0 1.45259 1.45259 0 0.551826 0.551826 0.551826 0.551826 1.00844 0 0.506914 0 
2 1 0 1.44475 1.44475 0 0.547432 0.547432 0.547432 0.547432 1.00853 0 0.509804 0 
2 1 0 1.43693 1.43693 0 0.543022 0.543022 0.543022 0.543022 1.00863 0 0.512732 0 
2 1 0 1.42913 1.42913 0 0.538597 0.538597 0.538597 0.538597 1.00873 0 0.5157 0 
2 1 0 1.42135 1.42135 0 0.534155 0.534155 0.534155 0.534155 0.518709 0 1.00884 0 
2 1 0 1.41359 1.41359 0 0.529698 0.529698 0.529698 0.529698 0.521758 0 1.00895 0 
2 1 0 1.40585 1.40585 0 0.525224 0.525224 0.525224 0.525224 1.00906 0 0.52485 0 
2 1 0 1.39812 1.39812 0 0.520733 0.520733 0.520733 0.520733 1.00917 0 0.527984 0 
2 1 0 1.39042 1.39042 0 0.516226 0.516226 0.516226 0.516226 1.00929 0 0.531162 0 
2 1 0 1.38273 1.38273 0 0.511702 0.511702 0.511702 0.511702 0.534384 0 1.00941 0 
2 1 0 1.37507 1.37507 0 0.50716 0.50716 0.50716 0.50716 1.00953 0 0.537652 0 
2 1 0 1.36742 1.36742 0 0.502602 0.502602 0.502602 0.502602 0.540966 0 1.00966 0 
2 1 0 1.3598 1.3598 0 0.498026 0.498026 0.498026 0.498026 0.544327 0 1.00978 0 
2 1 0 1.35219 1.35219 0 0.493432 0.493432 0.493432 0.493432 1.00991 0 0.547736 0 
2 1 0 1.34461 1.34461 0 0.488821 0.488821 0.488821 0.488821 0.551195 0 1.01004 0 
2 1 0 1.33705 1.33705 0 0.484192 0.484192 0.484192 0.484192 0.554703 0 1.01016 0 
2 1 0 1.32952 1.32952 0 0.479545 0.479545 0.479545 0.479545 1.01029 0 0.558263 0 
2 1 0 1.322 1.322 0 0.474879 0.474879 0.474879 0.474879 1.01041 0 0.561875 0 
2 1 0 1.31451 1.31451 0 0.470195 0.470195 0.470195 0.470195 1.01054 0 0.56554 0 
2 1 0 1.30705 1.30705 0 0.465491 0.465491 0.465491 0.465491 1.01066 0 0.569259 0 
2 1 0 1.2996 1.2996 0 0.460769 0.460769 0.460769 0.460769 1.01078 0 0.573034 0 
2 1 0 1.29218 1.29218 0 0.456028 0.456028 0.456028 0.456028 1.01089 0 0.576865 0 
2 1 0 1.28479 1.28479 0 0.451267 0.451267 0.451267 0.451267 0.580754 0 1.01101 0 
2 1 0 1.27742 1.27742 0 0.446486 0.446486 0.446486 0.446486 0.584702 0 1.01112 0 
2 1 0 1.27008 1.27008 0 0.441686 0.441686 0.441686 0.441686 0.588709 0 1.01122 0 
2 1 0 1.26276 1.26276 0 0.436865 0.436865 0.436865 0.436865 0.592778 0 1.01133 0 
2 1 0 1.25547 1.25547 0 0.432023 0.432023 0.432023 0.432023 1.01142 0 0.596909 0 
2 1 0 1.24821 1.24821 0 0.427161 0.427161 0.427161 0.427161 1.01152 0 0.601103 0 
2 1 0 1.24098 1.24098 0 0.422278 0.422278 0.422278 0.422278 1.0116 0 0.605363 0 
2 1 0 1.23378 1.23378 0 0.417374 0.417374 0.417374 0.417374 0.609688 0 1.01169 0 
2 1 0 1.2266 1.2266 0 0.412448 0.412448 0.412448 0.412448 1.01176 0 0.614081 0 
2 1 0 1.21946 1.21946 0 0.4075 0.4075 0.4075 0.4075 1.01183 0 0.618542 0 
2 1 0 1.21234 1.21234 0 0.40253 0.40253 0.40253 0.40253 1.01189 0 0.623073 0 
2 1 0 1.20526 1.20526 0 0.397538 0.397538 0.397538 0.397538 1.01194 0 0.627675 0 
2 1 0 1.19821 1.19821 0 0.392522 0.392522 0.392522 0.392522 1.01199 0 0.632349 0 
2 1 0 1.1912 1.1912 0 0.387484 0.387484 0.387484 0.387484 1.01203 0 0.637097 0 
2 1 0 1.18421 1.18421 0 0.382421 0.382421 0.382421 0.382421 0.64192 0 1.01205 0 
2 1 0 1.17727 1.17727 0 0.377335 0.377335 0.377335 0.377335 1.01207 0 0.646819 0 
2 1 0 1.17036 1.17036 0 0.372225 0.372225 0.372225 0.372225 1.01208 0 0.651795 0 
2 1 0 1.16348 1.16348 0 0.36709 0.36709 0.36709 0.36709 1.01209 0 0.65685 0 
2 1 0 1.15664 1.15664 0 0.361931 0.361931 0.361931 0.361931 1.01208 0 0.661984 0 
2 1 0 1.14984 1.14984 0 0.356746 0.356746 0.356746 0.356746 1.01206 0 0.667199 0 
2 1 0 1.14308 1.14308 0 0.351535 0.351535 0.351535 0.351535 1.01203 0 0.672496 0 
2 1 0 1.13636 1.13636 0 0.346297 0.346297 0.346297 0.346297 0.677876 0 1.01199 0 
2 1 0 1.12969 1.12969 0 0.341034 0.341034 0.341034 0.341034 1.01194 0 0.68334 0 
2 1 0 1.12305 1.12305 0 0.335743 0.335743 0.335743 0.335743 0.688888 0 1.01187 0 
2 1 0 1.11646 1.11646 0 0.330424 0.330424 0.330424 0.330424 1.0118 0 0.694522 0 
2 1 0 1.10992 1.10992 0 0.325078 0.325078 0.325078 0.325078 0.700242 0 1.01172 0 
2 1 0 1.10342 1.10342 0 0.319703 0.319703 0.319703 0.319703 0.706049 0 1.01162 0 
2 1 0 1.09697 1.09697 0 0.314299 0.314299 0.314299 0.314299 0.711943 0 1.01151 0 
2 1 0 1.09057 1.09057 0 0.308866 0.308866 0.308866 0.308866 0.717924 0 1.01139 0 
2 1 0 1.08422 1.08422 0 0.303403 0.303403 0.303403 0.303403 1.01126 0 0.723993 0 
2 1 0 1.07792 1.07792 0 0.297909 0.297909 0.297909 0.297909 1.01112 0 0.730149 0 
2 1 0 1.07168 1.07168 0 0.292384 0.292384 0.292384 0.292384 1.01096 0 0.736393 0 
2 1 0 1.0655 1.0655 0 0.286828 0.286828 0.286828 0.286828 1.01079 0 0.742724 0 
2 1 0 1.05937 1.05937 0 0.28124 0.28124 0.28124 0.28124 0.74914 0 1.01061 0 
2 1 0 1.0533 1.0533 0 0.275618 0.275618 0.275618 0.275618 1.01042 0 0.755642 0 
2 1 0 1.0473 1.0473 0 0.269964 0.269964 0.269964 0.269964 1.01022 0 0.762227 0 
2 1 0 1.04135 1.04135 0 0.264276 0.264276 0.264276 0.264276 0.768894 0 1.01001 0 
2 1 0 1.03548 1.03548 0 0.258553 0.258553 0.258553 0.258553 1.00978 0 0.775641 0 
2 1 0 1.02967 1.02967 0 0.252796 0.252796 0.252796 0.252796 1.00955 0 0.782465 0 
2 1 0 1.02967 1.02967 0 0.252796 0.252796 0.252796 0.252796 1.00955 0 0.782465 0 
2 1 0 1.01828 1.01828 0 0.241173 0.241173 0.241173 0.241173 0.796332 0 1.00905 0 
2 1 0 1.0127 1.0127 0 0.235307 0.235307 0.235307 0.235307 1.00878 0 0.803368 0 
2 1 0 1.00719 1.00719 0 0.229403 0.229403 0.229403 0.229403 1.00851 0 0.810466 0 
2 1 0 1.00177 1.00177 0 0.223462 0.223462 0.223462 0.223462 0.817621 0 1.00823 0 
2 1 0 0.99643 0.99643 0 0.217482 0.217482 0.217482 0.217482 1.00794 0 0.824828 0 
2 1 0 0.991182 0.991182 0 0.211463 0.211463 0.211463 0.211463 1.00764 0 0.832078 0 
2 1 0 0.986025 0.986025 0 0.205404 0.205404 0.205404 0.205404 1.00734 0 0.839366 0 
2 1 0 0.980963 0.980963 0 0.199305 0.199305 0.199305 0.199305 1.00702 0 0.846682 0 
2 1 0 0.976001 0.976001 0 0.193165 0.193165 0.193165 0.193165 1.00671 0 0.854018 0 
2 1 0 0.971141 0.971141 0 0.186985 0.186985 0.186985 0.186985 1.00639 0 0.861363 0 
2 1 0 0.966389 0.966389 0 0.180763 0.180763 0.180763 0.180763 1.00606 0 0.868706 0 
2 1 0 0.961748 0.961748 0 0.174499 0.174499 0.174499 0.174499 0.876036 0 1.00574 0 
2 1 0 0.957222 0.957222 0 0.168193 0.168193 0.168193 0.168193 1.00541 0 0.883338 0 
2 1 0 0.952815 0.952815 0 0.161844 0.161844 0.161844 0.161844 1.00508 0 0.890599 0 
2 1 0 0.948534 0.948534 0 0.155453 0.155453 0.155453 0.155453 1.00475 0 0.897803 0 
2 1 0 0.944381 0.944381 0 0.14902 0.14902 0.14902 0.14902 0.904934 0 1.00443 0 
2 1 0 0.940363 0.940363 0 0.142544 0.142544 0.142544 0.142544 1.0041 0 0.911973 0 
2 1 0 0.936484 0.936484 0 0.136026 0.136026 0.136026 0.136026 1.00378 0 0.918903 0 
2 1 0 0.932749 0.932749 0 0.129465 0.129465 0.129465 0.129465 0.925702 0 1.00346 0 
2 1 0 0.929165 0.929165 0 0.122863 0.122863 0.122863 0.122863 0.93235 0 1.00315 0 
2 1 0 0.925735 0.925735 0 0.11622 0.11622 0.11622 0.11622 1.00285 0 0.938825 0 
2 1 0 0.922465 0.922465 0 0.109537 0.109537 0.109537 0.109537 0.945105 0 1.00256 0 
2 1 0 0.919362 0.919362 0 0.102813 0.102813 0.102813 0.102813 1.00228 0 0.951164 0 
2 1 0 0.91643 0.91643 0 0.096052 0.096052 0.096052 0.096052 1.002 0 0.95698 0 
2 1 0 0.913674 0.913674 0 0.0892534 0.0892534 0.0892534 0.0892534 0.962528 0 1.00175 0 
2 1 0 0.911101 0.911101 0 0.0824191 0.0824191 0.0824191 0.0824191 1.0015 0 0.967782 0 
2 1 0 0.908715 0.908715 0 0.0755509 0.0755509 0.0755509 0.0755509 1.00127 0 0.972719 0 
2 1 0 0.906522 0.906522 0 0.0686519 0.0686519 0.0686519 0.0686519 0.977313 0 1.00106 0 
2 1 0 0.904527 0.904527 0 0.0617231 0.0617231 0.0617231 0.0617231 0.981542 0 1.00086 0 
2 1 0 0.902733 0.902733 0 0.0547668 0.0547668 0.0547668 0.0547668 0.985382 0 1.00068 0 
2 1 0 0.901145 0.901145 0 0.0477854 0.0477854 0.0477854 0.0477854 1.00052 0 0.988813 0 
2 1 0 0.899767 0.899767 0 0.0407818 0.0407818 0.0407818 0.0407818 1.00038 0 0.991815 0 
2 1 0 0.898602 0.898602 0 0.0337589 0.0337589 0.0337589 0.0337589 1.00026 0 0.994369 0 
2 1 0 0.897654 0.897654 0 0.0267196 0.0267196 0.0267196 0.0267196 0.996462 0 1.00016 0 
2 1 0 0.896925 0.896925 0 0.0196674 0.0196674 0.0196674 0.0196674 0.998078 0 1.00009 0 
2 1 0 0.896416 0.896416 0 0.0126055 0.0126055 0.0126055 0.0126055 0.999209 0 1.00004 0 
2 1 0 0.89613 0.89613 0 0.00553731 0.00553731 0.00553731 0.00553731 0.999847 0 1.00001 0 
2 1 0 0.896066 0.896066 0 -0.00142771 -0.00142771 -0.00142771 -0.00142771 1 0 0.99999 0 
2 1 0 0.896223 0.896223 0 -0.00849834 -0.00849834 -0.00849834 -0.00849834 1.00002 0 0.99964 0 
2 1 0 0.896602 0.896602 0 -0.0155643 -0.0155643 -0.0155643 -0.0155643 0.998795 0 1.00006 0 
2 1 0 0.897203 0.897203 0 -0.0226226 -0.0226226 -0.0226226 -0.0226226 1.00012 0 0.99746 0 
2 1 0 0.898025 0.898025 0 -0.0296698 -0.0296698 -0.0296698 -0.0296698 0.995643 0 1.0002 0 
2 1 0 0.899064 0.899064 0 -0.0367026 -0.0367026 -0.0367026 -0.0367026 1.00031 0 0.993355 0 
2 1 0 0.900318 0.900318 0 -0.0437178 -0.0437178 -0.0437178 -0.0437178 1.00044 0 0.990611 0 
2 1 0 0.901785 0.901785 0 -0.0507124 -0.0507124 -0.0507124 -0.0507124 1.00058 0 0.987427 0 
2 1 0 0.903459 0.903459 0 -0.0576836 -0.0576836 -0.0576836 -0.0576836 0.983822 0 1.00075 0 
2 1 0 0.905338 0.905338 0 -0.0646287 -0.0646287 -0.0646287 -0.0646287 1.00094 0 0.979817 0 
2 1 0 0.907417 0.907417 0 -0.0715453 -0.0715453 -0.0715453 -0.0715453 1.00114 0 0.975432 0 
2 1 0 0.909691 0.909691 0 -0.0784311 -0.0784311 -0.0784311 -0.0784311 1.00136 0 0.970692 0 
2 1 0 0.912156 0.912156 0 -0.0852854 -0.0852854 -0.0852854 -0.0852854 1.0016 0 0.965619 0 
2 1 0 0.914806 0.914806 0 -0.092105 -0.092105 -0.092105 -0.092105 1.00185 0 0.960239 0 
2 1 0 0.917636 0.917636 0 -0.0988883 -0.0988883 -0.0988883 -0.0988883 1.00212 0 0.954576 0 
2 1 0 0.920641 0.920641 0 -0.105634 -0.105634 -0.105634 -0.105634 1.00239 0 0.948655 0 
2 1 0 0.923815 0.923815 0 -0.112341 -0.112341 -0.112341 -0.112341 1.00268 0 0.9425 0 
2 1 0 0.927152 0.927152 0 -0.119007 -0.119007 -0.119007 -0.119007 1.00298 0 0.936136 0 
2 1 0 0.930647 0.930647 0 -0.125633 -0.125633 -0.125633 -0.125633 1.00328 0 0.929586 0 
2 1 0 0.934296 0.934296 0 -0.132218 -0.132218 -0.132218 -0.132218 1.0036 0 0.922871 0 
2 1 0 0.938091 0.938091 0 -0.138761 -0.138761 -0.138761 -0.138761 0.916015 0 1.00391 0 
2 1 0 0.942029 0.942029 0 -0.145262 -0.145262 -0.145262 -0.145262 1.00424 0 0.909037 0 
2 1 0 0.946104 0.946104 0 -0.15172 -0.15172 -0.15172 -0.15172 1.00456 0 0.901957 0 
2 1 0 0.950312 0.950312 0 -0.158135 -0.158135 -0.158135 -0.158135 1.00489 0 0.894794 0 
2 1 0 0.954646 0.954646 0 -0.164509 -0.164509 -0.164509 -0.164509 1.00522 0 0.887564 0 
2 1 0 0.959103 0.959103 0 -0.170839 -0.170839 -0.170839 -0.170839 1.00555 0 0.880284 0 
2 1 0 0.963678 0.963678 0 -0.177128 -0.177128 -0.177128 -0.177128 1.00588 0 0.872968 0 
2 1 0 0.968366 0.968366 0 -0.183374 -0.183374 -0.183374 -0.183374 0.865631 0 1.0062 0 
2 1 0 0.973164 0.973164 0 -0.189579 -0.189579 -0.189579 -0.189579 0.858286 0 1.00652 0 
2 1 0 0.978067 0.978067 0 -0.195742 -0.195742 -0.195742 -0.195742 0.850943 0 1.00684 0 
2 1 0 0.983072 0.983072 0 -0.201865 -0.201865 -0.201865 -0.201865 0.843614 0 1.00716 0 
2 1 0 0.988174 0.988174 0 -0.207947 -0.207947 -0.207947 -0.207947 1.00746 0 0.836309 0 
2 1 0 0.993369 0.993369 0 -0.213989 -0.213989 -0.213989 -0.213989 0.829036 0 1.00777 0 
2 1 0 0.998656 0.998656 0 -0.219992 -0.219992 -0.219992 -0.219992 1.00806 0 0.821803 0 
2 1 0 1.00403 1.00403 0 -0.225955 -0.225955 -0.225955 -0.225955 1.00835 0 0.814617 0 
2 1 0 1.00949 1.00949 0 -0.231881 -0.231881 -0.231881 -0.231881 1.00863 0 0.807485 0 
2 1 0 1.01503 1.01503 0 -0.237769 -0.237769 -0.237769 -0.237769 1.0089 0 0.800413 0 
2 1 0 1.02064 1.02064 0 -0.24362 -0.24362 -0.24362 -0.24362 1.00916 0 0.793404 0 
2 1 0 1.02633 1.02633 0 -0.249434 -0.249434 -0.249434 -0.249434 1.00941 0 0.786464 0 
2 1 0 1.0321 1.0321 0 -0.255212 -0.255212 -0.255212 -0.255212 1.00965 0 0.779597 0 
2 1 0 1.03793 1.03793 0 -0.260955 -0.260955 -0.260955 -0.260955 1.00988 0 0.772805 0 
2 1 0 1.04384 1.04384 0 -0.266663 -0.266663 -0.266663 -0.266663 0.766091 0 1.0101 0 
2 1 0 1.0498 1.0498 0 -0.272337 -0.272337 -0.272337 -0.272337 0.759458 0 1.01031 0 
2 1 0 1.05584 1.05584 0 -0.277977 -0.277977 -0.277977 -0.277977 1.0105 0 0.752908 0 
2 1 0 1.06193 1.06193 0 -0.283585 -0.283585 -0.283585 -0.283585 0.746442 0 1.01069 0 
2 1 0 1.06808 1.06808 0 -0.28916 -0.28916 -0.28916 -0.28916 1.01086 0 0.740061 0 
2 1 0 1.07429 1.07429 0 -0.294703 -0.294703 -0.294703 -0.294703 1.01103 0 0.733767 0 
2 1 0 1.08055 1.08055 0 -0.300214 -0.300214 -0.300214 -0.300214 1.01118 0 0.727559 0 
2 1 0 1.08687 1.08687 0 -0.305695 -0.305695 -0.305695 -0.305695 1.01132 0 0.72144 0 
2 1 0 1.09324 1.09324 0 -0.311146 -0.311146 -0.311146 -0.311146 0.715407 0 1.01144 0 
2 1 0 1.09966 1.09966 0 -0.316567 -0.316567 -0.316567 -0.316567 0.709463 0 1.01156 0 
2 1 0 1.10614 1.10614 0 -0.321958 -0.321958 -0.321958 -0.321958 0.703605 0 1.01166 0 
2 1 0 1.11265 1.11265 0 -0.327321 -0.327321 -0.327321 -0.327321 1.01175 0 0.697835 0 
2 1 0 1.11922 1.11922 0 -0.332656 -0.332656 -0.332656 -0.332656 1.01183 0 0.692151 0 
2 1 0 1.12583 1.12583 0 -0.337963 -0.337963 -0.337963 -0.337963 1.0119 0 0.686553 0 
2 1 0 1.13248 1.13248 0 -0.343242 -0.343242 -0.343242 -0.343242 0.68104 0 1.01196 0 
2 1 0 1.13917 1.13917 0 -0.348495 -0.348495 -0.348495 -0.348495 1.01201 0 0.675612 0 
2 1 0 1.14591 1.14591 0 -0.353721 -0.353721 -0.353721 -0.353721 1.01204 0 0.670267 0 
2 1 0 1.15269 1.15269 0 -0.358921 -0.358921 -0.358921 -0.358921 0.665004 0 1.01207 0 
2 1 0 1.1595 1.1595 0 -0.364096 -0.364096 -0.364096 -0.364096 1.01208 0 0.659823 0 
2 1 0 1.16636 1.16636 0 -0.369245 -0.369245 -0.369245 -0.369245 1.01209 0 0.654722 0 
2 1 0 1.17325 1.17325 0 -0.374369 -0.374369 -0.374369 -0.374369 1.01208 0 0.649701 0 
2 1 0 1.18017 1.18017 0 -0.379469 -0.379469 -0.379469 -0.379469 0.644757 0 1.01207 0 
2 1 0 1.18714 1.18714 0 -0.384545 -0.384545 -0.384545 -0.384545 0.63989 0 1.01204 0 
2 1 0 1.19413 1.19413 0 -0.389597 -0.389597 -0.389597 -0.389597 1.01201 0 0.635099 0 
2 1 0 1.20116 1.20116 0 -0.394626 -0.394626 -0.394626 -0.394626 1.01197 0 0.630382 0 
2 1 0 1.20823 1.20823 0 -0.399632 -0.399632 -0.399632 -0.399632 1.01192 0 0.625738 0 
2 1 0 1.21532 1.21532 0 -0.404615 -0.404615 -0.404615 -0.404615 1.01186 0 0.621166 0 
2 1 0 1.22245 1.22245 0 -0.409576 -0.409576 -0.409576 -0.409576 1.0118 0 0.616664 0 
2 1 0 1.2296 1.2296 0 -0.414515 -0.414515 -0.414515 -0.414515 0.612232 0 1.01173 0 
2 1 0 1.23679 1.23679 0 -0.419431 -0.419431 -0.419431 -0.419431 1.01165 0 0.607868 0 
2 1 0 1.24401 1.24401 0 -0.424327 -0.424327 -0.424327 -0.424327 1.01157 0 0.60357 0 
2 1 0 1.25125 1.25125 0 -0.429201 -0.429201 -0.429201 -0.429201 0.599338 0 1.01148 0 
2 1 0 1.25852 1.25852 0 -0.434054 -0.434054 -0.434054 -0.434054 0.59517 0 1.01138 0 
2 1 0 1.26582 1.26582 0 -0.438887 -0.438887 -0.438887 -0.438887 0.591066 0 1.01128 0 
2 1 0 1.27315 1.27315 0 -0.443699 -0.443699 -0.443699 -0.443699 1.01118 0 0.587023 0 
2 1 0 1.2805 1.2805 0 -0.448492 -0.448492 -0.448492 -0.448492 1.01107 0 0.58304 0 
2 1 0 1.28788 1.28788 0 -0.453264 -0.453264 -0.453264 -0.453264 1.01096 0 0.579118 0 
2 1 0 1.29529 1.29529 0 -0.458017 -0.458017 -0.458017 -0.458017 0.575253 0 1.01085 0 
2 1 0 1.30272 1.30272 0 -0.46275 -0.46275 -0.46275 -0.46275 1.01073 0 0.571446 0 
2 1 0 1.31017 1.31017 0 -0.467464 -0.467464 -0.467464 -0.467464 0.567694 0 1.01061 0 
2 1 0 1.31765 1.31765 0 -0.472159 -0.472159 -0.472159 -0.472159 1.01048 0 0.563998 0 
2 1 0 1.32515 1.32515 0 -0.476836 -0.476836 -0.476836 -0.476836 1.01036 0 0.560355 0 
2 1 0 1.33267 1.33267 0 -0.481494 -0.481494 -0.481494 -0.481494 0.556765 0 1.01023 0 
2 1 0 1.34022 1.34022 0 -0.486134 -0.486134 -0.486134 -0.486134 0.553227 0 1.01011 0 
2 1 0 1.34779 1.34779 0 -0.490755 -0.490755 -0.490755 -0.490755 1.00998 0 0.54974 0 
2 1 0 1.35538 1.35538 0 -0.495359 -0.495359 -0.495359 -0.495359 0.546302 0 1.00986 0 
2 1 0 1.36299 1.36299 0 -0.499945 -0.499945 -0.499945 -0.499945 1.00973 0 0.542913 0 
2 1 0 1.37062 1.37062 0 -0.504514 -0.504514 -0.504514 -0.504514 1.00961 0 0.539572 0 
2 1 0 1.37828 1.37828 0 -0.509065 -0.509065 -0.509065 -0.509065 1.00948 0 0.536277 0 
2 1 0 1.38595 1.38595 0 -0.513599 -0.513599 -0.513599 -0.513599 0.533029 0 1.00936 0 
2 1 0 1.39364 1.39364 0 -0.518116 -0.518116 -0.518116 -0.518116 0.529825 0 1.00924 0 
2 1 0 1.40136 1.40136 0 -0.522617 -0.522617 -0.522617 -0.522617 1.00912 0 0.526666 0 
2 1 0 1.40909 1.40909 0 -0.5271 -0.5271 -0.5271 -0.5271 0.523549 0 1.00901 0 
2 1 0 1.41684 1.41684 0 -0.531567 -0.531567 -0.531567 -0.531567 1.0089 0 0.520476 0 
2 1 0 1.42461 1.42461 0 -0.536018 -0.536018 -0.536018 -0.536018 0.517443 0 1.00879 0 
2 1 0 1.4324 1.4324 0 -0.540453 -0.540453 -0.540453 -0.540453 1.00869 0 0.514452 0 
2 1 0 1.44021 1.44021 0 -0.544872 -0.544872 -0.544872 -0.544872 1.00859 0 0.511501 0 
2 1 0 1.44803 1.44803 0 -0.549275 -0.549275 -0.549275 -0.549275 0.508588 0 1.0085 0 
2 1 0 1.45587 1.45587 0 -0.553662 -0.553662 -0.553662 -0.553662 0.505715 0 1.00841 0 
2 1 0 1.46373 1.46373 0 -0.558034 -0.558034 -0.558034 -0.558034 1.00832 0 0.502879 0 
2 1 0 1.47161 1.47161 0 -0.56239 -0.56239 -0.56239 -0.56239 1.00825 0 0.50008 0 
2 1 0 1.4795 1.4795 0 -0.566731 -0.566731 -0.566731 -0.566731 0.497318 0 1.00817 0 
2 1 0 1.48742 1.48742 0 -0.571057 -0.571057 -0.571057 -0.571057 1.00811 0 0.494591 0 
2 1 0 1.49534 1.49534 0 -0.575367 -0.575367 -0.575367 -0.575367 1.00805 0 0.491899 0 
2 1 0 1.50329 1.50329 0 -0.579663 -0.579663 -0.579663 -0.579663 1.008 0 0.489242 0 
2 1 0 1.51124 1.51124 0 -0.583945 -0.583945 -0.583945 -0.583945 0.486618 0 1.00795 0 
2 1 0 1.51922 1.51922 0 -0.588211 -0.588211 -0.588211 -0.588211 0.484028 0 1.00792 0 
2 1 0 1.52721 1.52721 0 -0.592463 -0.592463 -0.592463 -0.592463 1.00789 0 0.48147 0 
2 1 0 1.53521 1.53521 0 -0.596701 -0.596701 -0.596701 -0.596701 1.00787 0 0.478944 0 
2 1 0 1.54323 1.54323 0 -0.600924 -0.600924 -0.600924 -0.600924 1.00786 0 0.47645 0 
2 1 0 1.55127 1.55127 0 -0.605134 -0.605134 -0.605134 -0.605134 1.00785 0 0.473986 0 
2 1 0 1.55932 1.55932 0 -0.609329 -0.609329 -0.609329 -0.609329 0.471553 0 1.00786 0 
2 1 0 1.56738 1.56738 0 -0.61351 -0.61351 -0.61351 -0.61351 1.00788 0 0.469149 0 
2 1 0 1.57546 1.57546 0 -0.617678 -0.617678 -0.617678 -0.617678 0.466775 0 1.0079 0 
2 1 0 1.58355 1.58355 0 -0.621832 -0.621832 -0.621832 -0.621832 1.00794 0 0.46443 0 
2 1 0 1.59166 1.59166 0 -0.625972 -0.625972 -0.625972 -0.625972 0.462112 0 1.00798 0 
2 1 0 1.59978 1.59978 0 -0.630099 -0.630099 -0.630099 -0.630099 0.459822 0 1.00804 0 
2 1 0 1.60792 1.60792 0 -0.634212 -0.634212 -0.634212 -0.634212 0.45756 0 1.0081 0 
2 1 0 1.61606 1.61606 0 -0.638313 -0.638313 -0.638313 -0.638313 1.00818 0 0.455325 0 
2 1 0 1.62422 1.62422 0 -0.6424 -0.6424 -0.6424 -0.6424 1.00827 0 0.453115 0 
2 1 0 1.6324 1.6324 0 -0.646474 -0.646474 -0.646474 -0.646474 1.00837 0 0.450932 0 
2 1 0 1.64058 1.64058 0 -0.650535 -0.650535 -0.650535 -0.650535 1.00848 0 0.448774 0 
2 1 0 1.64878 1.64878 0 -0.654583 -0.654583 -0.654583 -0.654583 1.0086 0 0.446642 0 
2 1 0 1.65699 1.65699 0 -0.658618 -0.658618 -0.658618 -0.658618 0.444533 0 1.00873 0 
2 1 0 1.66522 1.66522 0 -0.662641 -0.662641 -0.662641 -0.662641 1.00888 0 0.44245 0 
2 1 0 1.67345 1.67345 0 -0.666651 -0.666651 -0.666651 -0.666651 0.44039 0 1.00903 0 
2 1 0 1.6817 1.6817 0 -0.670648 -0.670648 -0.670648 -0.670648 1.00921 0 0.438353 0 
2 1 0 1.68996 1.68996 0 -0.674634 -0.674634 -0.674634 -0.674634 0.43634 0 1.00939 0 
2 1 0 1.69824 1.69824 0 -0.678607 -0.678607 -0.678607 -0.678607 1.00958 0 0.434349 0 
2 1 0 1.70652 1.70652 0 -0.682567 -0.682567 -0.682567 -0.682567 1.00979 0 0.432381 0 
2 1 0 1.71482 1.71482 0 -0.686516 -0.686516 -0.686516 -0.686516 1.01001 0 0.430434 0 
2 1 0 1.72312 1.72312 0 -0.690452 -0.690452 -0.690452 -0.690452 1.01025 0 0.428509 0 
2 1 0 1.73144 1.73144 0 -0.694377 -0.694377 -0.694377 -0.694377 0.426606 0 1.0105 0 
2 1 0 1.73977 1.73977 0 -0.69829 -0.69829 -0.69829 -0.69829 1.01076 0 0.424724 0 
2 1 0 1.74811 1.74811 0 -0.702191 -0.702191 -0.702191 -0.702191 0.422862 0 1.01103 0 
2 1 0 1.75646 1.75646 0 -0.70608 -0.70608 -0.70608 -0.70608 1.01132 0 0.421021 0 
2 1 0 1.76483 1.76483 0 -0.709957 -0.709957 -0.709957 -0.709957 0.419199 0 1.01162 0 
2 1 0 1.7732 1.7732 0 -0.713824 -0.713824 -0.713824 -0.713824 0.417398 0 1.01194 0 
2 1 0 1.78158 1.78158 0 -0.717678 -0.717678 -0.717678 -0.717678 1.01227 0 0.415615 0 
2 1 0 1.78998 1.78998 0 -0.721521 -0.721521 -0.721521 -0.721521 0.413852 0 1.01262 0 
2 1 0 1.79838 1.79838 0 -0.725353 -0.725353 -0.725353 -0.725353 1.01297 0 0.412108 0 
2 1 0 1.80679 1.80679 0 -0.729174 -0.729174 -0.729174 -0.729174 1.01335 0 0.410382 0 
2 1 0 1.81522 1.81522 0 -0.732983 -0.732983 -0.732983 -0.732983 1.01374 0 0.408675 0 
2 1 0 1.82365 1.82365 0 -0.736782 -0.736782 -0.736782 -0.736782 0.406986 0 1.01414 0 
2 1 0 1.8321 1.8321 0 -0.740569 -0.740569 -0.740569 -0.740569 1.01456 0 0.405314 0 
2 1 0 1.84055 1.84055 0 -0.744346 -0.744346 -0.744346 -0.744346 1.01499 0 0.40366 0 
2 1 0 1.84902 1.84902 0 -0.748111 -0.748111 -0.748111 -0.748111 0.402023 0 1.01544 0 
2 1 0 1.85749 1.85749 0 -0.751866 -0.751866 -0.751866 -0.751866 1.0159 0 0.400404 0 
2 1 0 1.86597 1.86597 0 -0.75561 -0.75561 -0.75561 -0.75561 1.01638 0 0.398801 0 
2 1 0 1.87447 1.87447 0 -0.759344 -0.759344 -0.759344 -0.759344 1.01687 0 0.397214 0 
2 1 0 1.88297 1.88297 0 -0.763067 -0.763067 -0.763067 -0.763067 1.01738 0 0.395644 0 
2 1 0 1.89148 1.89148 0 -0.766779 -0.766779 -0.766779 -0.766779 1.0179 0 0.39409 0 
2 1 0 1.9 1.9 0 -0.770481 -0.770481 -0.770481 -0.770481 1.01844 0 0.392551 0 
2 1 0 1.90853 1.90853 0 -0.774173 -0.774173 -0.774173 -0.774173 0.391029 0 1.01899 0 
2 1 0 1.91707 1.91707 0 -0.777854 -0.777854 -0.777854 -0.777854 1.01956 0 0.389521 0 
2 1 0 1.92561 1.92561 0 -0.781525 -0.781525 -0.781525 -0.781525 1.02015 0 0.388029 0 
2 1 0 1.93417 1.93417 0 -0.785186 -0.785186 -0.785186 -0.785186 1.02075 0 0.386552 0 
2 1 0 1.94273 1.94273 0 -0.788837 -0.788837 -0.788837 -0.788837 0.385089 0 1.02137 0 
2 1 0 1.9513 1.9513 0 -0.792478 -0.792478 -0.792478 -0.792478 0.383641 0 1.022 0 
2 1 0 1.95989 1.95989 0 -0.796109 -0.796109 -0.796109 -0.796109 0.382208 0 1.02265 0 
2 1 0 1.96848 1.96848 0 -0.79973 -0.79973 -0.79973 -0.79973 0.380788 0 1.02331 0 
2 1 0 1.97707 1.97707 0 -0.803341 -0.803341 -0.803341 -0.803341 1.02399 0 0.379383 0 
2 1 0 1.98568 1.98568 0 -0.806942 -0.806942 -0.806942 -0.806942 1.02469 0 0.377991 0 
2 1 0 1.99429 1.99429 0 -0.810534 -0.810534 -0.810534 -0.810534 1.0254 0 0.376613 0 
2 1 0 2.00292 2.00292 0 -0.814116 -0.814116 -0.814116 -0.814116 0.375249 0 1.02613 0 
2 1 0 2.01155 2.01155 0 -0.817688 -0.817688 -0.817688 -0.817688 1.02688 0 0.373897 0 
2 1 0 2.02018 2.02018 0 -0.821251 -0.821251 -0.821251 -0.821251 1.02764 0 0.372559 0 
2 1 0 2.02883 2.02883 0 -0.824804 -0.824804 -0.824804 -0.824804 0.371233 0 1.02841 0 
2 1 0 2.03748 2.03748 0 -0.828348 -0.828348 -0.828348 -0.828348 1.02921 0 0.36992 0 
2 1 0 2.04614 2.04614 0 -0.831883 -0.831883 -0.831883 -0.831883 1.03002 0 0.36862 0 
2 1 0 2.05481 2.05481 0 -0.835408 -0.835408 -0.835408 -0.835408 0.367332 0 1.03084 0 
2 1 0 2.06349 2.06349 0 -0.838924 -0.838924 -0.838924 -0.838924 1.03169 0 0.366057 0 
2 1 0 2.07217 2.07217 0 -0.842431 -0.842431 -0.842431 -0.842431 1.03254 0 0.364793 0 
2 1 0 2.08086 2.08086 0 -0.845928 -0.845928 -0.845928 -0.845928 0.363542 0 1.03342 0 
2 1 0 2.08956 2.08956 0 -0.849417 -0.849417 -0.849417 -0.849417 0.362302 0 1.03431 0 
2 1 0 2.09827 2.09827 0 -0.852897 -0.852897 -0.852897 -0.852897 0.361073 0 1.03522 0 
2 1 0 2.10698 2.10698 0 -0.856367 -0.856367 -0.856367 -0.856367 0.359857 0 1.03614 0 
2 1 0 2.1157 2.1157 0 -0.859829 -0.859829 -0.859829 -0.859829 0.358651 0 1.03708 0 
2 1 0 2.12443 2.12443 0 -0.863282 -0.863282 -0.863282 -0.863282 1.03804 0 0.357457 0 
2 1 0 2.13316 2.13316 0 -0.866726 -0.866726 -0.866726 -0.866726 0.356273 0 1.03901 0 
2 1 0 2.1419 2.1419 0 -0.870161 -0.870161 -0.870161 -0.870161 1.04 0 0.355101 0 
2 1 0 2.15065 2.15065 0 -0.873588 -0.873588 -0.873588 -0.873588 1.04101 0 0.353939 0 
2 1 0 2.1594 2.1594 0 -0.877006 -0.877006 -0.877006 -0.877006 1.04203 0 0.352788 0 
2 1 0 2.16816 2.16816 0 -0.880416 -0.880416 -0.880416 -0.880416 0.351648 0 1.04307 0 
2 1 0 2.17693 2.17693 0 -0.883816 -0.883816 -0.883816 -0.883816 1.04413 0 0.350517 0 
2 1 0 2.1857 2.1857 0 -0.887209 -0.887209 -0.887209 -0.887209 1.0452 0 0.349397 0 
2 1 0 2.19448 2.19448 0 -0.890593 -0.890593 -0.890593 -0.890593 1.04629 0 0.348287 0 
2 1 0 2.20327 2.20327 0 -0.893968 -0.893968 -0.893968 -0.893968 1.0474 0 0.347188 0 
2 1 0 2.21206 2.21206 0 -0.897336 -0.897336 -0.897336 -0.897336 1.04853 0 0.346097 0 
2 1 0 2.22086 2.22086 0 -0.900695 -0.900695 -0.900695 -0.900695 1.04967 0 0.345017 0 
2 1 0 2.22967 2.22967 0 -0.904045 -0.904045 -0.904045 -0.904045 1.05082 0 0.343946 0 
2 1 0 2.23848 2.23848 0 -0.907388 -0.907388 -0.907388 -0.907388 1.052 0 0.342885 0 
2 1 0 2.2473 2.2473 0 -0.910722 -0.910722 -0.910722 -0.910722 0.341833 0 1.05319 0 
2 1 0 2.25612 2.25612 0 -0.914049 -0.914049 -0.914049 -0.914049 0.340791 0 1.05439 0 
2 1 0 2.26496 2.26496 0 -0.917367 -0.917367 -0.917367 -0.917367 1.05562 0 0.339757 0 
2 1 0 2.27379 2.27379 0 -0.920677 -0.920677 -0.920677 -0.920677 0.338733 0 1.05686 0 
2 1 0 2.28263 2.28263 0 -0.923979 -0.923979 -0.923979 -0.923979 0.337718 0 1.05811 0 
2 1 0 2.29148 2.29148 0 -0.927274 -0.927274 -0.927274 -0.927274 0.336711 0 1.05939 0 
2 1 0 2.30034 2.30034 0 -0.93056 -0.93056 -0.93056 -0.93056 0.335713 0 1.06068 0 
2 1 0 2.3092 2.3092 0 -0.933839 -0.933839 -0.933839 -0.933839 1.06199 0 0.334724 0 
2 1 0 2.31806 2.31806 0 -0.93711 -0.93711 -0.93711 -0.93711 1.06331 0 0.333743 0 
2 1 0 2.32693 2.32693 0 -0.940373 -0.940373 -0.940373 -0.940373 1.06465 0 0.332771 0 
2 1 0 2.33581 2.33581 0 -0.943629 -0.943629 -0.943629 -0.943629 1.06601 0 0.331807 0 
2 1 0 2.34469 2.34469 0 -0.946877 -0.946877 -0.946877 -0.946877 0.330852 0 1.06739 0 
2 1 0 2.35358 2.35358 0 -0.950117 -0.950117 -0.950117 -0.950117 0.329904 0 1.06878 0 
2 1 0 2.36248 2.36248 0 -0.95335 -0.95335 -0.95335 -0.95335 0.328964 0 1.07019 0 
2 1 0 2.37137 2.37137 0 -0.956575 -0.956575 -0.956575 -0.956575 1.07161 0 0.328033 0 
2 1 0 2.38028 2.38028 0 -0.959793 -0.959793 -0.959793 -0.959793 1.07305 0 0.327109 0 
2 1 0 2.38919 2.38919 0 -0.963004 -0.963004 -0.963004 -0.963004 1.07451 0 0.326193 0 
2 1 0 2.3981 2.3981 0 -0.966207 -0.966207 -0.966207 -0.966207 1.07599 0 0.325285 0 
2 1 0 2.40703 2.40703 0 -0.969402 -0.969402 -0.969402 -0.969402 1.07748 0 0.324384 0 
2 1 0 2.41595 2.41595 0 -0.972591 -0.972591 -0.972591 -0.972591 0.323491 0 1.07899 0 
2 1 0 2.42488 2.42488 0 -0.975772 -0.975772 -0.975772 -0.975772 0.322605 0 1.08052 0 
2 1 0 2.43382 2.43382 0 -0.978946 -0.978946 -0.978946 -0.978946 1.08206 0 0.321727 0 
2 1 0 2.44276 2.44276 0 -0.982113 -0.982113 -0.982113 -0.982113 0.320856 0 1.08362 0 
2 1 0 2.4517 2.4517 0 -0.985272 -0.985272 -0.985272 -0.985272 1.0852 0 0.319992 0 
2 1 0 2.46066 2.46066 0 -0.988425 -0.988425 -0.988425 -0.988425 0.319135 0 1.08679 0 
2 1 0 2.46961 2.46961 0 -0.99157 -0.99157 -0.99157 -0.99157 1.0884 0 0.318285 0 
2 1 0 2.47857 2.47857 0 -0.994709 -0.994709 -0.994709 -0.994709 0.317442 0 1.09003 0 
2 1 0 2.48754 2.48754 0 -0.99784 -0.99784 -0.99784 -0.99784 0.316606 0 1.09168 0 
2 1 0 2.49651 2.49651 0 -1.00096 -1.00096 -1.00096 -1.00096 1.09334 0 0.315777 0 
2 1 0 2.50549 2.50549 0 -1.00408 -1.00408 -1.00408 -1.00408 1.09502 0 0.314954 0 
2 1 0 2.51447 2.51447 0 -1.00719 -1.00719 -1.00719 -1.00719 1.09671 0 0.314138 0 
2 1 0 2.52345 2.52345 0 -1.0103 -1.0103 -1.0103 -1.0103 1.09842 0 0.313329 0 
2 1 0 2.53244 2.53244 0 -1.01339 -1.01339 -1.01339 -1.01339 1.10015 0 0.312526 0 
2 1 0 2.54143 2.54143 0 -1.01648 -1.01648 -1.01648 -1.01648 1.1019 0 0.311729 0 
2 1 0 2.55043 2.55043 0 -1.01957 -1.01957 -1.01957 -1.01957 1.10366 0 0.310939 0 
2 1 0 2.55944 2.55944 0 -1.02265 -1.02265 -1.02265 -1.02265 0.310155 0 1.10544 0 
2 1 0 2.56845 2.56845 0 -1.02572 -1.02572 -1.02572 -1.02572 1.10724 0 0.309377 0 
2 1 0 2.57746 2.57746 0 -1.02878 -1.02878 -1.02878 -1.02878 1.10905 0 0.308606 0 
2 1 0 2.58648 2.58648 0 -1.03184 -1.03184 -1.03184 -1.03184 0.30784 0 1.11089 0 
2 1 0 2.5955 2.5955 0 -1.03489 -1.03489 -1.03489 -1.03489 1.11273 0 0.307081 0 
2 1 0 2.60452 2.60452 0 -1.03793 -1.03793 -1.03793 -1.03793 1.1146 0 0.306327 0 
2 1 0 2.61355 2.61355 0 -1.04097 -1.04097 -1.04097 -1.04097 0.305579 0 1.11648 0 
2 1 0 2.62259 2.62259 0 -1.044 -1.044 -1.044 -1.044 0.304838 0 1.11838 0 
2 1 0 2.63163 2.63163 0 -1.04703 -1.04703 -1.04703 -1.04703 0.304101 0 1.1203 0 
2 1 0 2.64067 2.64067 0 -1.05004 -1.05004 -1.05004 -1.05004 0.303371 0 1.12223 0 
2 1 0 2.64972 2.64972 0 -1.05306 -1.05306 -1.05306 -1.05306 0.302646 0 1.12418 0 
2 1 0 2.65877 2.65877 0 -1.05606 -1.05606 -1.05606 -1.05606 1.12615 0 0.301927 0 
2 1 0 2.66782 2.66782 0 -1.05906 -1.05906 -1.05906 -1.05906 1.12813 0 0.301213 0 
2 1 0 2.67688 2.67688 0 -1.06206 -1.06206 -1.06206 -1.06206 1.13013 0 0.300505 0 
2 1 0 2.68595 2.68595 0 -1.06504 -1.06504 -1.06504 -1.06504 1.13215 0 0.299802 0 
2 1 0 2.69501 2.69501 0 -1.06802 -1.06802 -1.06802 -1.06802 1.13419 0 0.299105 0 
2 1 0 2.70409 2.70409 0 -1.071 -1.071 -1.071 -1.071 1.13624 0 0.298412 0 
2 1 0 2.71316 2.71316 0 -1.07397 -1.07397 -1.07397 -1.07397 1.13831 0 0.297725 0 
2 1 0 2.72224 2.72224 0 -1.07693 -1.07693 -1.07693 -1.07693 1.1404 0 0.297044 0 
2 1 0 2.73133 2.73133 0 -1.07989 -1.07989 -1.07989 -1.07989 0.296367 0 1.1425 0 
2 1 0 2.74041 2.74041 0 -1.08284 -1.08284 -1.08284 -1.08284 1.14462 0 0.295695 0 
2 1 0 2.74951 2.74951 0 -1.08578 -1.08578 -1.08578 -1.08578 0.295029 0 1.14676 0 
2 1 0 2.7586 2.7586 0 -1.08872 -1.08872 -1.08872 -1.08872 1.14892 0 0.294367 0 
2 1 0 2.7677 2.7677 0 -1.09165 -1.09165 -1.09165 -1.09165 1.15109 0 0.29371 0 
2 1 0 2.7768 2.7768 0 -1.09458 -1.09458 -1.09458 -1.09458 1.15328 0 0.293058 0 
2 1 0 2.78591 2.78591 0 -1.0975 -1.0975 -1.0975 -1.0975 1.15549 0 0.292411 0 
2 1 0 2.79502 2.79502 0 -1.10042 -1.10042 -1.10042 -1.10042 0.291769 0 1.15771 0 
2 1 0 2.80413 2.80413 0 -1.10333 -1.10333 -1.10333 -1.10333 1.15996 0 0.291131 0 
2 1 0 2.81325 2.81325 0 -1.10623 -1.10623 -1.10623 -1.10623 1.16221 0 0.290499 0 
2 1 0 2.82237 2.82237 0 -1.10913 -1.10913 -1.10913 -1.10913 1.16449 0 0.28987 0 
2 1 0 2.8315 2.8315 0 -1.11202 -1.11202 -1.11202 -1.11202 0.289247 0 1.16679 0 
2 1 0 2.84063 2.84063 0 -1.11491 -1.11491 -1.11491 -1.11491 1.1691 0 0.288627 0 
2 1 0 2.84976 2.84976 0 -1.11779 -1.11779 -1.11779 -1.11779 1.17142 0 0.288013 0 
2 1 0 2.8589 2.8589 0 -1.12067 -1.12067 -1.12067 -1.12067 0.287403 0 1.17377 0 
2 1 0 2.86804 2.86804 0 -1.12354 -1.12354 -1.12354 -1.12354 1.17613 0 0.286797 0 
2 1 0 2.87718 2.87718 0 -1.1264 -1.1264 -1.1264 -1.1264 1.17851 0 0.286195 0 
2 1 0 2.88632 2.88632 0 -1.12926 -1.12926 -1.12926 -1.12926 1.18091 0 0.285598 0 
2 1 0 2.89547 2.89547 0 -1.13211 -1.13211 -1.13211 -1.13211 1.18333 0 0.285005 0 
2 1 0 2.90463 2.90463 0 -1.13496 -1.13496 -1.13496 -1.13496 0.284416 0 1.18576 0 
2 1 0 2.91378 2.91378 0 -1.1378 -1.1378 -1.1378 -1.1378 0.283832 0 1.18821 0 
2 1 0 2.92294 2.92294 0 -1.14064 -1.14064 -1.14064 -1.14064 1.19068 0 0.283251 0 
2 1 0 2.93211 2.93211 0 -1.14347 -1.14347 -1.14347 -1.14347 1.19316 0 0.282675 0 
2 1 0 2.94127 2.94127 0 -1.1463 -1.1463 -1.1463 -1.1463 1.19567 0 0.282103 0 
2 1 0 2.95044 2.95044 0 -1.14912 -1.14912 -1.14912 -1.14912 1.19819 0 0.281535 0 
2 1 0 2.95962 2.95962 0 -1.15193 -1.15193 -1.15193 -1.15193 0.280971 0 1.20072 0 
2 1 0 2.96879 2.96879 0 -1.15474 -1.15474 -1.15474 -1.15474 1.20328 0 0.28041 0 
2 1 0 2.97797 2.97797 0 -1.15755 -1.15755 -1.15755 -1.15755 1.20585 0 0.279854 0 
2 1 0 2.98715 2.98715 0 -1.16035 -1.16035 -1.16035 -1.16035 1.20844 0 0.279301 0 
2 1 0 2.99634 2.99634 0 -1.16314 -1.16314 -1.16314 -1.16314 1.21105 0 0.278753 0 
2 1 0 3.00553 3.00553 0 -1.16593 -1.16593 -1.16593 -1.16593 1.21368 0 0.278208 0 
2 1 0 3.01472 3.01472 0 -1.16872 -1.16872 -1.16872 -1.16872 1.21632 0 0.277667 0 
2 1 0 3.02392 3.02392 0 -1.1715 -1.1715 -1.1715 -1.1715 1.21898 0 0.277129 0 
2 1 0 3.03312 3.03312 0 -1.17427 -1.17427 -1.17427 -1.17427 1.22166 0 0.276596 0 
2 1 0 3.04232 3.04232 0 -1.17704 -1.17704 -1.17704 -1.17704 1.22436 0 0.276066 0 
2 1 0 3.05152 3.05152 0 -1.1798 -1.1798 -1.1798 -1.1798 1.22707 0 0.275539 0 
2 1 0 3.06073 3.06073 0 -1.18256 -1.18256 -1.18256 -1.18256 1.2298 0 0.275016 0 
2 1 0 3.06994 3.06994 0 -1.18531 -1.18531 -1.18531 -1.18531 1.23255 0 0.274497 0 
2 1 0 3.07915 3.07915 0 -1.18806 -1.18806 -1.18806 -1.18806 1.23532 0 0.273981 0 
2 1 0 3.08837 3.08837 0 -1.19081 -1.19081 -1.19081 -1.19081 0.273469 0 1.23811 0 
2 1 0 3.09759 3.09759 0 -1.19355 -1.19355 -1.19355 -1.19355 1.24091 0 0.27296 0 
2 1 0 3.10681 3.10681 0 -1.19628 -1.19628 -1.19628 -1.19628 1.24373 0 0.272454 0 
2 1 0 3.11604 3.11604 0 -1.19901 -1.19901 -1.19901 -1.19901 1.24657 0 0.271952 0 
2 1 0 3.12527 3.12527 0 -1.20173 -1.20173 -1.20173 -1.20173 1.24943 0 0.271454 0 
2 1 0 3.1345 3.1345 0 -1.20445 -1.20445 -1.20445 -1.20445 1.25231 0 0.270958 0 
2 1 0 3.14373 3.14373 0 -1.20717 -1.20717 -1.20717 -1.20717 1.2552 0 0.270466 0 
2 1 0 3.15297 3.15297 0 -1.20988 -1.20988 -1.20988 -1.20988 0.269977 0 1.25812 0 
2 1 0 3.16221 3.16221 0 -1.21258 -1.21258 -1.21258 -1.21258 0.269492 0 1.26105 0 
2 1 0 3.17145 3.17145 0 -1.21528 -1.21528 -1.21528 -1.21528 1.26399 0 0.269009 0 
2 1 0 3.18069 3.18069 0 -1.21798 -1.21798 -1.21798 -1.21798 0.26853 0 1.26696 0 
2 1 0 3.18994 3.18994 0 -1.22067 -1.22067 -1.22067 -1.22067 1.26995 0 0.268054 0 
2 1 0 3.19919 3.19919 0 -1.22335 -1.22335 -1.22335 -1.22335 1.27295 0 0.267581 0 
2 1 0 3.20844 3.20844 0 -1.22603 -1.22603 -1.22603 -1.22603 1.27597 0 0.267111 0 
2 1 0 3.2177 3.2177 0 -1.22871 -1.22871 -1.22871 -1.22871 1.27901 0 0.266644 0 
2 1 0 3.22696 3.22696 0 -1.23138 -1.23138 -1.23138 -1.23138 0.26618 0 1.28207 0 
2 1 0 3.23622 3.23622 0 -1.23405 -1.23405 -1.23405 -1.23405 1.28515 0 0.265719 0 
2 1 0 3.24548 3.24548 0 -1.23671 -1.23671 -1.23671 -1.23671 0.265261 0 1.28824 0 
2 1 0 3.25475 3.25475 0 -1.23937 -1.23937 -1.23937 -1.23937 0.264807 0 1.29136 0 
2 1 0 3.26402 3.26402 0 -1.24202 -1.24202 -1.24202 -1.24202 1.29449 0 0.264355 0 
2 1 0 3.27329 3.27329 0 -1.24467 -1.24467 -1.24467 -1.24467 0.263905 0 1.29764 0 
2 1 0 3.28257 3.28257 0 -1.24732 -1.24732 -1.24732 -1.24732 1.30081 0 0.263459 0 
2 1 0 3.29184 3.29184 0 -1.24996 -1.24996 -1.24996 -1.24996 1.304 0 0.263016 0 
2 1 0 3.30112 3.30112 0 -1.25259 -1.25259 -1.25259 -1.25259 1.3072 0 0.262575 0 
2 1 0 3.3104 3.3104 0 -1.25523 -1.25523 -1.25523 -1.25523 1.31043 0 0.262137 0 
2 1 0 3.31969 3.31969 0 -1.25785 -1.25785 -1.25785 -1.25785 0.261702 0 1.31367 0 
2 1 0 3.32898 3.32898 0 -1.26047 -1.26047 -1.26047 -1.26047 1.31694 0 0.26127 0 
2 1 0 3.33826 3.33826 0 -1.26309 -1.26309 -1.26309 -1.26309 1.32022 0 0.260841 0 
2 1 0 3.34756 3.34756 0 -1.26571 -1.26571 -1.26571 -1.26571 0.260414 0 1.32352 0 
2 1 0 3.35685 3.35685 0 -1.26832 -1.26832 -1.26832 -1.26832 0.25999 0 1.32684 0 
2 1 0 3.36615 3.36615 0 -1.27092 -1.27092 -1.27092 -1.27092 1.33018 0 0.259568 0 
2 1 0 3.37545 3.37545 0 -1.27352 -1.27352 -1.27352 -1.27352 1.33353 0 0.259149 0 
2 1 0 3.38475 3.38475 0 -1.27612 -1.27612 -1.27612 -1.27612 0.258733 0 1.33691 0 
2 1 0 3.39405 3.39405 0 -1.27871 -1.27871 -1.27871 -1.27871 1.34031 0 0.258319 0 
2 1 0 3.40336 3.40336 0 -1.2813 -1.2813 -1.2813 -1.2813 1.34372 0 0.257908 0 
2 1 0 3.41267 3.41267 0 -1.28388 -1.28388 -1.28388 -1.28388 1.34715 0 0.257499 0 
2 1 0 3.42198 3.42198 0 -1.28646 -1.28646 -1.28646 -1.28646 0.257093 0 1.35061 0 
2 1 0 3.43129 3.43129 0 -1.28904 -1.28904 -1.28904 -1.28904 1.35408 0 0.256689 0 
2 1 0 3.44061 3.44061 0 -1.29161 -1.29161 -1.29161 -1.29161 1.35757 0 0.256288 0 
2 1 0 3.44992 3.44992 0 -1.29417 -1.29417 -1.29417 -1.29417 0.25589 0 1.36108 0 
2 1 0 3.45924 3.45924 0 -1.29674 -1.29674 -1.29674 -1.29674 0.255493 0 1.36461 0 
2 1 0 3.46857 3.46857 0 -1.29929 -1.29929 -1.29929 -1.29929 0.255099 0 1.36816 0 
2 1 0 3.47789 3.47789 0 -1.30185 -1.30185 -1.30185 -1.30185 0.254708 0 1.37173 0 
2 1 0 3.48722 3.48722 0 -1.3044 -1.3044 -1.3044 -1.3044 1.37532 0 0.254319 0 
2 1 0 3.49655 3.49655 0 -1.30695 -1.30695 -1.30695 -1.30695 0.253932 0 1.37893 0 
2 1 0 3.50588 3.50588 0 -1.30949 -1.30949 -1.30949 -1.30949 1.38256 0 0.253547 0 
2 1 0 3.51521 3.51521 0 -1.31203 -1.31203 -1.31203 -1.31203 0.253165 0 1.3862 0 
2 1 0 3.52455 3.52455 0 -1.31456 -1.31456 -1.31456 -1.31456 0.252785 0 1.38987 0 
2 1 0 3.53389 3.53389 0 -1.31709 -1.31709 -1.31709 -1.31709 0.252408 0 1.39356 0 
2 1 0 3.54323 3.54323 0 -1.31962 -1.31962 -1.31962 -1.31962 0.252032 0 1.39726 0 
2 1 0 3.55257 3.55257 0 -1.32214 -1.32214 -1.32214 -1.32214 1.40099 0 0.251659 0 
2 1 0 3.56191 3.56191 0 -1.32466 -1.32466 -1.32466 -1.32466 0.251288 0 1.40474 0 
2 1 0 3.57126 3.57126 0 -1.32717 -1.32717 -1.32717 -1.32717 1.4085 0 0.25092 0 
2 1 0 3.58061 3.58061 0 -1.32968 -1.32968 -1.32968 -1.32968 0.250553 0 1.41229 0 
2 1 0 3.58996 3.58996 0 -1.33219 -1.33219 -1.33219 -1.33219 1.4161 0 0.250189 0 
2 1 0 3.59931 3.59931 0 -1.33469 -1.33469 -1.33469 -1.33469 0.249826 0 1.41992 0 
2 1 0 3.60867 3.60867 0 -1.33719 -1.33719 -1.33719 -1.33719 1.42377 0 0.249466 0 
2 1 0 3.61802 3.61802 0 -1.33969 -1.33969 -1.33969 -1.33969 1.42764 0 0.249108 0 
2 1 0 3.62738 3.62738 0 -1.34218 -1.34218 -1.34218 -1.34218 1.43153 0 0.248752 0 
2 1 0 3.63674 3.63674 0 -1.34466 -1.34466 -1.34466 -1.34466 0.248398 0 1.43543 0 
2 1 0 3.64611 3.64611 0 -1.34715 -1.34715 -1.34715 -1.34715 1.43936 0 0.248046 0 
2 1 0 3.65547 3.65547 0 -1.34963 -1.34963 -1.34963 -1.34963 1.44331 0 0.247697 0 
2 1 0 3.66484 3.66484 0 -1.3521 -1.3521 -1.3521 -1.3521 0.247349 0 1.44728 0 
2 1 0 3.67421 3.67421 0 -1.35458 -1.35458 -1.35458 -1.35458 1.45127 0 0.247003 0 
2 1 0 3.68358 3.68358 0 -1.35704 -1.35704 -1.35704 -1.35704 1.45528 0 0.246659 0 
2 1 0 3.69295 3.69295 0 -1.35951 -1.35951 -1.35951 -1.35951 0.246317 0 1.45931 0 
2 1 0 3.70232 3.70232 0 -1.36197 -1.36197 -1.36197 -1.36197 0.245978 0 1.46336 0 
2 1 0 3.7117 3.7117 0 -1.36443 -1.36443 -1.36443 -1.36443 1.46743 0 0.24564 0 
2 1 0 3.72108 3.72108 0 -1.36688 -1.36688 -1.36688 -1.36688 0.245304 0 1.47153 0 
2 1 0 3.73046 3.73046 0 -1.36933 -1.36933 -1.36933 -1.36933 0.244969 0 1.47564 0 
2 1 0 3.73984 3.73984 0 -1.37178 -1.37178 -1.37178 -1.37178 1.47978 0 0.244637 0 
2 1 0 3.74923 3.74923 0 -1.37422 -1.37422 -1.37422 -1.37422 1.48393 0 0.244307 0 
2 1 0 3.75861 3.75861 0 -1.37666 -1.37666 -1.37666 -1.37666 1.48811 0 0.243978 0 
2 1 0 3.768 3.768 0 -1.37909 -1.37909 -1.37909 -1.37909 0.243652 0 1.49231 0 
2 1 0 3.77739 3.77739 0 -1.38153 -1.38153 -1.38153 -1.38153 0.243327 0 1.49653 0 
2 1 0 3.78678 3.78678 0 -1.38395 -1.38395 -1.38395 -1.38395 1.50077 0 0.243004 0 
