0 9.45549e-12 9.45549e-12 2 1 0
0.02 3.23117e-27 3.23117e-27 1 1 0
0.03 0 0 1 1 0
0.04 0 0 1 1 0
0.05 0 0 1 1 0
0.06 0 0 1 1 0
0.07 2.31825e-69 2.31825e-69 1 1 0
0.08 0 0 1 1 0
0.09 -1.64722e-83 -1.64722e-83 1 1 0
0.1 -2.05902e-84 -2.05902e-84 1 1 0
0.11 2.34084e-97 2.34084e-97 1 1 0
0.12 0 0 1 1 0
0.13 0 0 1 1 0
0.14 1.03954e-112 1.03954e-112 1 1 0
0.15 -1.18182e-125 -1.18182e-125 1 1 0
0.16 -7.38638e-127 -7.38638e-127 1 1 0
0.17 0 0 1 1 0
0.18 -5.24834e-141 -5.24834e-141 1 1 0
0.19 5.96667e-154 5.96667e-154 1 1 0
0.2 3.72917e-155 3.72917e-155 1 1 0
0.21 -4.23958e-168 -4.23958e-168 1 1 0
0.22 0 0 1 1 0
0.23 -3.0124e-182 -3.0124e-182 1 1 0
0.24 1.88275e-183 1.88275e-183 1 1 0
0.25 6.42132e-196 6.42132e-196 1 1 0
0.26 -2.09027e-199 -2.09027e-199 1 1 0
0.27 -1.52087e-210 -1.52087e-210 1 1 0
0.28 -4.75041e-212 -4.75041e-212 1 1 0
0.29 1.09753e-224 1.09753e-224 1 1 0
0.3 -6.75403e-226 -6.75403e-226 1 1 0
0.31 1.53569e-238 1.53569e-238 1 1 0
0.32 -7.19854e-240 -7.19854e-240 1 1 0
0.33 -5.45587e-253 -5.45587e-253 1 1 0
0.34 5.11487e-254 5.11487e-254 1 1 0
0.35 -7.75325e-267 -7.75325e-267 1 1 0
0.36 4.84578e-268 4.84578e-268 1 1 0
0.37 -8.26352e-281 -8.26352e-281 1 1 0
0.38 0 0 1 1 0
0.39 -3.91439e-295 -3.91439e-295 1 1 0
0.4 6.11624e-297 6.11624e-297 1 1 0
0.41 0 0 1 1 0
0.42 0 0 1 1 0
0.43 9.88131e-324 9.88131e-324 1 1 0
0.44 4.94066e-324 4.94066e-324 1 1 0
0.45 -0 -0 1 1 0
0.46 4.94066e-324 4.94066e-324 1 1 0
0.47 9.88131e-324 9.88131e-324 1 1 0
0.48 -4.94066e-324 -4.94066e-324 1 1 0
0.49 0 0 1 1 0
0.5 4.94066e-324 4.94066e-324 1 1 0
0.51 9.88131e-324 9.88131e-324 1 1 0
0.52 -4.94066e-324 -4.94066e-324 1 1 0
0.53 0 0 1 1 0
0.54 4.94066e-324 4.94066e-324 1 1 0
0.55 9.88131e-324 9.88131e-324 1 1 0
0.56 -4.94066e-324 -4.94066e-324 1 1 0
0.57 0 0 1 1 0
0.58 4.94066e-324 4.94066e-324 1 1 0
0.59 9.88131e-324 9.88131e-324 1 1 0
0.6 -4.94066e-324 -4.94066e-324 1 1 0
0.61 0 0 1 1 0
0.62 4.94066e-324 4.94066e-324 1 1 0
0.63 9.88131e-324 9.88131e-324 1 1 0
0.64 -4.94066e-324 -4.94066e-324 1 1 0
0.65 0 0 1 1 0
0.66 4.94066e-324 4.94066e-324 1 1 0
0.67 9.88131e-324 9.88131e-324 1 1 0
0.68 -4.94066e-324 -4.94066e-324 1 1 0
0.680556 -4.94066e-324 -4.94066e-324 1 1 0
0.690556 -4.94066e-324 -4.94066e-324 2 1 0
0.700556 -4.94066e-324 -4.94066e-324 2 1 0
0.710556 -4.94066e-324 -4.94066e-324 2 1 0
0.720556 -4.94066e-324 -4.94066e-324 2 1 0
0.730556 -4.94066e-324 -4.94066e-324 2 1 0
0.740556 -4.94066e-324 -4.94066e-324 2 1 0
0.750556 -4.94066e-324 -4.94066e-324 2 1 0
0.760556 -4.94066e-324 -4.94066e-324 2 1 0
0.770556 -4.94066e-324 -4.94066e-324 2 1 0
0.780556 -4.94066e-324 -4.94066e-324 2 1 0
0.790556 -4.94066e-324 -4.94066e-324 2 1 0
0.800556 -4.94066e-324 -4.94066e-324 2 1 0
0.810556 -4.94066e-324 -4.94066e-324 2 1 0
0.820556 -4.94066e-324 -4.94066e-324 2 1 0
0.830556 -4.94066e-324 -4.94066e-324 2 1 0
0.840556 -4.94066e-324 -4.94066e-324 2 1 0
0.850556 -4.94066e-324 -4.94066e-324 2 1 0
0.860556 -4.94066e-324 -4.94066e-324 2 1 0
0.870556 -4.94066e-324 -4.94066e-324 2 1 0
0.880556 -4.94066e-324 -4.94066e-324 2 1 0
0.890556 -4.94066e-324 -4.94066e-324 2 1 0
0.900556 -4.94066e-324 -4.94066e-324 2 1 0
0.910556 -4.94066e-324 -4.94066e-324 2 1 0
0.920556 -4.94066e-324 -4.94066e-324 2 1 0
0.930556 -4.94066e-324 -4.94066e-324 2 1 0
0.940556 -4.94066e-324 -4.94066e-324 2 1 0
0.950556 -4.94066e-324 -4.94066e-324 2 1 0
0.960556 -4.94066e-324 -4.94066e-324 2 1 0
0.970556 -4.94066e-324 -4.94066e-324 2 1 0
0.980556 -4.94066e-324 -4.94066e-324 2 1 0
0.990556 -4.94066e-324 -4.94066e-324 2 1 0
1.00056 -4.94066e-324 -4.94066e-324 2 1 0
1.01056 -4.94066e-324 -4.94066e-324 2 1 0
1.02056 -4.94066e-324 -4.94066e-324 2 1 0
1.03056 -4.94066e-324 -4.94066e-324 2 1 0
1.04056 -4.94066e-324 -4.94066e-324 2 1 0
1.05056 -4.94066e-324 -4.94066e-324 2 1 0
1.06056 -4.94066e-324 -4.94066e-324 2 1 0
1.07056 -4.94066e-324 -4.94066e-324 2 1 0
1.08056 -4.94066e-324 -4.94066e-324 2 1 0
1.09056 -4.94066e-324 -4.94066e-324 2 1 0
1.10056 -4.94066e-324 -4.94066e-324 2 1 0
1.11056 -4.94066e-324 -4.94066e-324 2 1 0
1.12056 -4.94066e-324 -4.94066e-324 2 1 0
1.13056 -4.94066e-324 -4.94066e-324 2 1 0
1.14056 -4.94066e-324 -4.94066e-324 2 1 0
1.15056 -4.94066e-324 -4.94066e-324 2 1 0
1.16056 -4.94066e-324 -4.94066e-324 2 1 0
1.17056 -4.94066e-324 -4.94066e-324 2 1 0
1.18056 -4.94066e-324 -4.94066e-324 2 1 0
1.19056 -4.94066e-324 -4.94066e-324 2 1 0
1.20056 -4.94066e-324 -4.94066e-324 2 1 0
1.21056 -4.94066e-324 -4.94066e-324 2 1 0
1.22056 -4.94066e-324 -4.94066e-324 2 1 0
1.23056 -4.94066e-324 -4.94066e-324 2 1 0
1.24056 -4.94066e-324 -4.94066e-324 2 1 0
1.25056 -4.94066e-324 -4.94066e-324 2 1 0
1.26056 -4.94066e-324 -4.94066e-324 2 1 0
1.27056 -4.94066e-324 -4.94066e-324 2 1 0
1.28056 -4.94066e-324 -4.94066e-324 2 1 0
1.29056 -4.94066e-324 -4.94066e-324 2 1 0
1.30056 -4.94066e-324 -4.94066e-324 2 1 0
1.31056 -4.94066e-324 -4.94066e-324 2 1 0
1.32056 -4.94066e-324 -4.94066e-324 2 1 0
1.33056 -4.94066e-324 -4.94066e-324 2 1 0
1.34056 -4.94066e-324 -4.94066e-324 2 1 0
1.35056 -4.94066e-324 -4.94066e-324 2 1 0
1.36056 -4.94066e-324 -4.94066e-324 2 1 0
1.37056 -4.94066e-324 -4.94066e-324 2 1 0
1.38056 -4.94066e-324 -4.94066e-324 2 1 0
1.39056 -4.94066e-324 -4.94066e-324 2 1 0
1.40056 -4.94066e-324 -4.94066e-324 2 1 0
1.41056 -4.94066e-324 -4.94066e-324 2 1 0
1.42056 -4.94066e-324 -4.94066e-324 2 1 0
1.43056 -4.94066e-324 -4.94066e-324 2 1 0
1.44056 -4.94066e-324 -4.94066e-324 2 1 0
1.45056 -4.94066e-324 -4.94066e-324 2 1 0
1.46056 -4.94066e-324 -4.94066e-324 2 1 0
1.47056 -4.94066e-324 -4.94066e-324 2 1 0
1.48056 -4.94066e-324 -4.94066e-324 2 1 0
1.49056 -4.94066e-324 -4.94066e-324 2 1 0
1.50056 -4.94066e-324 -4.94066e-324 2 1 0
1.51056 -4.94066e-324 -4.94066e-324 2 1 0
1.52056 -4.94066e-324 -4.94066e-324 2 1 0
1.53056 -4.94066e-324 -4.94066e-324 2 1 0
1.54056 -4.94066e-324 -4.94066e-324 2 1 0
1.55056 -4.94066e-324 -4.94066e-324 2 1 0
1.56056 -4.94066e-324 -4.94066e-324 2 1 0
1.57056 -4.94066e-324 -4.94066e-324 2 1 0
1.58056 -4.94066e-324 -4.94066e-324 2 1 0
1.59056 -4.94066e-324 -4.94066e-324 2 1 0
1.60056 -4.94066e-324 -4.94066e-324 2 1 0
1.61056 -4.94066e-324 -4.94066e-324 2 1 0
1.62056 -4.94066e-324 -4.94066e-324 2 1 0
1.63056 -4.94066e-324 -4.94066e-324 2 1 0
1.64056 -4.94066e-324 -4.94066e-324 2 1 0
1.65056 -4.94066e-324 -4.94066e-324 2 1 0
1.66056 -4.94066e-324 -4.94066e-324 2 1 0
1.67056 -4.94066e-324 -4.94066e-324 2 1 0
1.68056 -4.94066e-324 -4.94066e-324 2 1 0
1.69056 -4.94066e-324 -4.94066e-324 2 1 0
1.70056 -4.94066e-324 -4.94066e-324 2 1 0
1.71056 -4.94066e-324 -4.94066e-324 2 1 0
1.72056 -4.94066e-324 -4.94066e-324 2 1 0
1.73056 -4.94066e-324 -4.94066e-324 2 1 0
1.74056 -4.94066e-324 -4.94066e-324 2 1 0
1.75056 -4.94066e-324 -4.94066e-324 2 1 0
1.76056 -4.94066e-324 -4.94066e-324 2 1 0
1.77056 -4.94066e-324 -4.94066e-324 2 1 0
1.78056 -4.94066e-324 -4.94066e-324 2 1 0
1.79056 -4.94066e-324 -4.94066e-324 2 1 0
1.80056 -4.94066e-324 -4.94066e-324 2 1 0
1.81056 -4.94066e-324 -4.94066e-324 2 1 0
1.82056 -4.94066e-324 -4.94066e-324 2 1 0
1.83056 -4.94066e-324 -4.94066e-324 2 1 0
1.84056 -4.94066e-324 -4.94066e-324 2 1 0
1.85056 -4.94066e-324 -4.94066e-324 2 1 0
1.86056 -4.94066e-324 -4.94066e-324 2 1 0
1.87056 -4.94066e-324 -4.94066e-324 2 1 0
1.88056 -4.94066e-324 -4.94066e-324 2 1 0
1.89056 -4.94066e-324 -4.94066e-324 2 1 0
1.90056 -4.94066e-324 -4.94066e-324 2 1 0
1.91056 -4.94066e-324 -4.94066e-324 2 1 0
1.92056 -4.94066e-324 -4.94066e-324 2 1 0
1.93056 -4.94066e-324 -4.94066e-324 2 1 0
1.94056 -4.94066e-324 -4.94066e-324 2 1 0
1.95056 -4.94066e-324 -4.94066e-324 2 1 0
1.96056 -4.94066e-324 -4.94066e-324 2 1 0
1.97056 -4.94066e-324 -4.94066e-324 2 1 0
1.98056 -4.94066e-324 -4.94066e-324 2 1 0
1.99056 -4.94066e-324 -4.94066e-324 2 1 0
2.00056 -4.94066e-324 -4.94066e-324 2 1 0
2.01056 -4.94066e-324 -4.94066e-324 2 1 0
2.02056 -4.94066e-324 -4.94066e-324 2 1 0
2.03056 -4.94066e-324 -4.94066e-324 2 1 0
2.04056 -4.94066e-324 -4.94066e-324 2 1 0
2.05056 -4.94066e-324 -4.94066e-324 2 1 0
2.06056 -4.94066e-324 -4.94066e-324 2 1 0
2.07056 -4.94066e-324 -4.94066e-324 2 1 0
2.08056 -4.94066e-324 -4.94066e-324 2 1 0
2.09056 -4.94066e-324 -4.94066e-324 2 1 0
2.10056 -4.94066e-324 -4.94066e-324 2 1 0
2.11056 -4.94066e-324 -4.94066e-324 2 1 0
2.12056 -4.94066e-324 -4.94066e-324 2 1 0
2.13056 -4.94066e-324 -4.94066e-324 2 1 0
2.14056 -4.94066e-324 -4.94066e-324 2 1 0
2.15056 -4.94066e-324 -4.94066e-324 2 1 0
2.16056 -4.94066e-324 -4.94066e-324 2 1 0
2.17056 -4.94066e-324 -4.94066e-324 2 1 0
2.18056 -4.94066e-324 -4.94066e-324 2 1 0
2.19056 -4.94066e-324 -4.94066e-324 2 1 0
2.20056 -4.94066e-324 -4.94066e-324 2 1 0
2.21056 -4.94066e-324 -4.94066e-324 2 1 0
2.22056 -4.94066e-324 -4.94066e-324 2 1 0
2.23056 -4.94066e-324 -4.94066e-324 2 1 0
2.24056 -4.94066e-324 -4.94066e-324 2 1 0
2.25056 -4.94066e-324 -4.94066e-324 2 1 0
2.26056 -4.94066e-324 -4.94066e-324 2 1 0
2.27056 -4.94066e-324 -4.94066e-324 2 1 0
2.28056 -4.94066e-324 -4.94066e-324 2 1 0
2.29056 -4.94066e-324 -4.94066e-324 2 1 0
2.30056 -4.94066e-324 -4.94066e-324 2 1 0
2.31056 -4.94066e-324 -4.94066e-324 2 1 0
2.32056 -4.94066e-324 -4.94066e-324 2 1 0
2.33056 -4.94066e-324 -4.94066e-324 2 1 0
2.34056 -4.94066e-324 -4.94066e-324 2 1 0
2.35056 -4.94066e-324 -4.94066e-324 2 1 0
2.36056 -4.94066e-324 -4.94066e-324 2 1 0
2.37056 -4.94066e-324 -4.94066e-324 2 1 0
2.38056 -4.94066e-324 -4.94066e-324 2 1 0
2.39056 -4.94066e-324 -4.94066e-324 2 1 0
2.40056 -4.94066e-324 -4.94066e-324 2 1 0
2.41056 -4.94066e-324 -4.94066e-324 2 1 0
2.42056 -4.94066e-324 -4.94066e-324 2 1 0
2.43056 -4.94066e-324 -4.94066e-324 2 1 0
2.44056 -4.94066e-324 -4.94066e-324 2 1 0
2.45056 -4.94066e-324 -4.94066e-324 2 1 0
2.46056 -4.94066e-324 -4.94066e-324 2 1 0
2.47056 -4.94066e-324 -4.94066e-324 2 1 0
2.48056 -4.94066e-324 -4.94066e-324 2 1 0
2.49056 -4.94066e-324 -4.94066e-324 2 1 0
2.50056 -4.94066e-324 -4.94066e-324 2 1 0
2.51056 -4.94066e-324 -4.94066e-324 2 1 0
2.52056 -4.94066e-324 -4.94066e-324 2 1 0
2.53056 -4.94066e-324 -4.94066e-324 2 1 0
2.54056 -4.94066e-324 -4.94066e-324 2 1 0
2.55056 -4.94066e-324 -4.94066e-324 2 1 0
2.56056 -4.94066e-324 -4.94066e-324 2 1 0
2.57056 -4.94066e-324 -4.94066e-324 2 1 0
2.58056 -4.94066e-324 -4.94066e-324 2 1 0
2.59056 -4.94066e-324 -4.94066e-324 2 1 0
2.60056 -4.94066e-324 -4.94066e-324 2 1 0
2.61056 -4.94066e-324 -4.94066e-324 2 1 0
2.62056 -4.94066e-324 -4.94066e-324 2 1 0
2.63056 -4.94066e-324 -4.94066e-324 2 1 0
2.64056 -4.94066e-324 -4.94066e-324 2 1 0
2.65056 -4.94066e-324 -4.94066e-324 2 1 0
2.66056 -4.94066e-324 -4.94066e-324 2 1 0
2.67056 -4.94066e-324 -4.94066e-324 2 1 0
2.68056 -4.94066e-324 -4.94066e-324 2 1 0
2.69056 -4.94066e-324 -4.94066e-324 2 1 0
2.70056 -4.94066e-324 -4.94066e-324 2 1 0
2.71056 -4.94066e-324 -4.94066e-324 2 1 0
2.72056 -4.94066e-324 -4.94066e-324 2 1 0
2.73056 -4.94066e-324 -4.94066e-324 2 1 0
2.74056 -4.94066e-324 -4.94066e-324 2 1 0
2.75056 -4.94066e-324 -4.94066e-324 2 1 0
2.76056 -4.94066e-324 -4.94066e-324 2 1 0
2.77056 -4.94066e-324 -4.94066e-324 2 1 0
2.78056 -4.94066e-324 -4.94066e-324 2 1 0
2.79056 -4.94066e-324 -4.94066e-324 2 1 0
2.80056 -4.94066e-324 -4.94066e-324 2 1 0
2.81056 -4.94066e-324 -4.94066e-324 2 1 0
2.82056 -4.94066e-324 -4.94066e-324 2 1 0
2.83056 -4.94066e-324 -4.94066e-324 2 1 0
2.84056 -4.94066e-324 -4.94066e-324 2 1 0
2.85056 -4.94066e-324 -4.94066e-324 2 1 0
2.86056 -4.94066e-324 -4.94066e-324 2 1 0
2.87056 -4.94066e-324 -4.94066e-324 2 1 0
2.88056 -4.94066e-324 -4.94066e-324 2 1 0
2.89056 -4.94066e-324 -4.94066e-324 2 1 0
2.90056 -4.94066e-324 -4.94066e-324 2 1 0
2.91056 -4.94066e-324 -4.94066e-324 2 1 0
2.92056 -4.94066e-324 -4.94066e-324 2 1 0
2.93056 -4.94066e-324 -4.94066e-324 2 1 0
2.94056 -4.94066e-324 -4.94066e-324 2 1 0
2.95056 -4.94066e-324 -4.94066e-324 2 1 0
2.96056 -4.94066e-324 -4.94066e-324 2 1 0
2.97056 -4.94066e-324 -4.94066e-324 2 1 0
2.98056 -4.94066e-324 -4.94066e-324 2 1 0
2.99056 -4.94066e-324 -4.94066e-324 2 1 0
3.00056 -4.94066e-324 -4.94066e-324 2 1 0
3.01056 -4.94066e-324 -4.94066e-324 2 1 0
3.02056 -4.94066e-324 -4.94066e-324 2 1 0
3.03056 -4.94066e-324 -4.94066e-324 2 1 0
3.04056 -4.94066e-324 -4.94066e-324 2 1 0
3.05056 -4.94066e-324 -4.94066e-324 2 1 0
3.06056 -4.94066e-324 -4.94066e-324 2 1 0
3.07056 -4.94066e-324 -4.94066e-324 2 1 0
3.08056 -4.94066e-324 -4.94066e-324 2 1 0
3.09056 -4.94066e-324 -4.94066e-324 2 1 0
3.10056 -4.94066e-324 -4.94066e-324 2 1 0
3.11056 -4.94066e-324 -4.94066e-324 2 1 0
3.12056 -4.94066e-324 -4.94066e-324 2 1 0
3.13056 -4.94066e-324 -4.94066e-324 2 1 0
3.14056 -4.94066e-324 -4.94066e-324 2 1 0
3.15056 -4.94066e-324 -4.94066e-324 2 1 0
3.16056 -4.94066e-324 -4.94066e-324 2 1 0
3.17056 -4.94066e-324 -4.94066e-324 2 1 0
3.18056 -4.94066e-324 -4.94066e-324 2 1 0
3.19056 -4.94066e-324 -4.94066e-324 2 1 0
3.20056 -4.94066e-324 -4.94066e-324 2 1 0
3.21056 -4.94066e-324 -4.94066e-324 2 1 0
3.22056 -4.94066e-324 -4.94066e-324 2 1 0
3.23056 -4.94066e-324 -4.94066e-324 2 1 0
3.24056 -4.94066e-324 -4.94066e-324 2 1 0
3.25056 -4.94066e-324 -4.94066e-324 2 1 0
3.26056 -4.94066e-324 -4.94066e-324 2 1 0
3.27056 -4.94066e-324 -4.94066e-324 2 1 0
3.28056 -4.94066e-324 -4.94066e-324 2 1 0
3.29056 -4.94066e-324 -4.94066e-324 2 1 0
3.30056 -4.94066e-324 -4.94066e-324 2 1 0
3.31056 -4.94066e-324 -4.94066e-324 2 1 0
3.32056 -4.94066e-324 -4.94066e-324 2 1 0
3.33056 -4.94066e-324 -4.94066e-324 2 1 0
3.34056 -4.94066e-324 -4.94066e-324 2 1 0
3.35056 -4.94066e-324 -4.94066e-324 2 1 0
3.36056 -4.94066e-324 -4.94066e-324 2 1 0
3.37056 -4.94066e-324 -4.94066e-324 2 1 0
3.38056 -4.94066e-324 -4.94066e-324 2 1 0
3.39056 -4.94066e-324 -4.94066e-324 2 1 0
3.40056 -4.94066e-324 -4.94066e-324 2 1 0
3.41056 -4.94066e-324 -4.94066e-324 2 1 0
3.42056 -4.94066e-324 -4.94066e-324 2 1 0
3.43056 -4.94066e-324 -4.94066e-324 2 1 0
3.44056 -4.94066e-324 -4.94066e-324 2 1 0
3.45056 -4.94066e-324 -4.94066e-324 2 1 0
3.46056 -4.94066e-324 -4.94066e-324 2 1 0
3.47056 -4.94066e-324 -4.94066e-324 2 1 0
3.48056 -4.94066e-324 -4.94066e-324 2 1 0
3.49056 -4.94066e-324 -4.94066e-324 2 1 0
3.50056 -4.94066e-324 -4.94066e-324 2 1 0
3.51056 -4.94066e-324 -4.94066e-324 2 1 0
3.52056 -4.94066e-324 -4.94066e-324 2 1 0
3.53056 -4.94066e-324 -4.94066e-324 2 1 0
3.54056 -4.94066e-324 -4.94066e-324 2 1 0
3.55056 -4.94066e-324 -4.94066e-324 2 1 0
3.56056 -4.94066e-324 -4.94066e-324 2 1 0
3.57056 -4.94066e-324 -4.94066e-324 2 1 0
3.58056 -4.94066e-324 -4.94066e-324 2 1 0
3.59056 -4.94066e-324 -4.94066e-324 2 1 0
3.60056 -4.94066e-324 -4.94066e-324 2 1 0
3.61056 -4.94066e-324 -4.94066e-324 2 1 0
3.62056 -4.94066e-324 -4.94066e-324 2 1 0
3.63056 -4.94066e-324 -4.94066e-324 2 1 0
3.64056 -4.94066e-324 -4.94066e-324 2 1 0
3.65056 -4.94066e-324 -4.94066e-324 2 1 0
3.66056 -4.94066e-324 -4.94066e-324 2 1 0
3.67056 -4.94066e-324 -4.94066e-324 2 1 0
3.68056 -4.94066e-324 -4.94066e-324 2 1 0
3.69056 -4.94066e-324 -4.94066e-324 2 1 0
3.70056 -4.94066e-324 -4.94066e-324 2 1 0
3.71056 -4.94066e-324 -4.94066e-324 2 1 0
3.72056 -4.94066e-324 -4.94066e-324 2 1 0
3.73056 -4.94066e-324 -4.94066e-324 2 1 0
3.74056 -4.94066e-324 -4.94066e-324 2 1 0
3.75056 -4.94066e-324 -4.94066e-324 2 1 0
3.76056 -4.94066e-324 -4.94066e-324 2 1 0
3.77056 -4.94066e-324 -4.94066e-324 2 1 0
3.78056 -4.94066e-324 -4.94066e-324 2 1 0
3.79056 -4.94066e-324 -4.94066e-324 2 1 0
3.80056 -4.94066e-324 -4.94066e-324 2 1 0
3.81056 -4.94066e-324 -4.94066e-324 2 1 0
3.82056 -4.94066e-324 -4.94066e-324 2 1 0
3.83056 -4.94066e-324 -4.94066e-324 2 1 0
3.84056 -4.94066e-324 -4.94066e-324 2 1 0
3.85056 -4.94066e-324 -4.94066e-324 2 1 0
3.86056 -4.94066e-324 -4.94066e-324 2 1 0
3.87056 -4.94066e-324 -4.94066e-324 2 1 0
3.88056 -4.94066e-324 -4.94066e-324 2 1 0
3.89056 -4.94066e-324 -4.94066e-324 2 1 0
3.90056 -4.94066e-324 -4.94066e-324 2 1 0
3.91056 -4.94066e-324 -4.94066e-324 2 1 0
3.92056 -4.94066e-324 -4.94066e-324 2 1 0
3.93056 -4.94066e-324 -4.94066e-324 2 1 0
3.94056 -4.94066e-324 -4.94066e-324 2 1 0
3.95056 -4.94066e-324 -4.94066e-324 2 1 0
3.96056 -4.94066e-324 -4.94066e-324 2 1 0
3.97056 -4.94066e-324 -4.94066e-324 2 1 0
3.98056 -4.94066e-324 -4.94066e-324 2 1 0
3.99056 -4.94066e-324 -4.94066e-324 2 1 0
4.00056 -4.94066e-324 -4.94066e-324 2 1 0
4.01056 -4.94066e-324 -4.94066e-324 2 1 0
4.02056 -4.94066e-324 -4.94066e-324 2 1 0
4.03056 -4.94066e-324 -4.94066e-324 2 1 0
4.04056 -4.94066e-324 -4.94066e-324 2 1 0
4.05056 -4.94066e-324 -4.94066e-324 2 1 0
4.06056 -4.94066e-324 -4.94066e-324 2 1 0
4.07056 -4.94066e-324 -4.94066e-324 2 1 0
4.08056 -4.94066e-324 -4.94066e-324 2 1 0
4.09056 -4.94066e-324 -4.94066e-324 2 1 0
4.10056 -4.94066e-324 -4.94066e-324 2 1 0
4.11056 -4.94066e-324 -4.94066e-324 2 1 0
4.12056 -4.94066e-324 -4.94066e-324 2 1 0
4.13056 -4.94066e-324 -4.94066e-324 2 1 0
4.14056 -4.94066e-324 -4.94066e-324 2 1 0
4.15056 -4.94066e-324 -4.94066e-324 2 1 0
4.16056 -4.94066e-324 -4.94066e-324 2 1 0
4.17056 -4.94066e-324 -4.94066e-324 2 1 0
4.18056 -4.94066e-324 -4.94066e-324 2 1 0
4.19056 -4.94066e-324 -4.94066e-324 2 1 0
4.20056 -4.94066e-324 -4.94066e-324 2 1 0
4.21056 -4.94066e-324 -4.94066e-324 2 1 0
4.22056 -4.94066e-324 -4.94066e-324 2 1 0
4.23056 -4.94066e-324 -4.94066e-324 2 1 0
4.24056 -4.94066e-324 -4.94066e-324 2 1 0
4.25056 -4.94066e-324 -4.94066e-324 2 1 0
4.26056 -4.94066e-324 -4.94066e-324 2 1 0
4.27056 -4.94066e-324 -4.94066e-324 2 1 0
4.28056 -4.94066e-324 -4.94066e-324 2 1 0
4.29056 -4.94066e-324 -4.94066e-324 2 1 0
4.30056 -4.94066e-324 -4.94066e-324 2 1 0
4.31056 -4.94066e-324 -4.94066e-324 2 1 0
4.32056 -4.94066e-324 -4.94066e-324 2 1 0
4.33056 -4.94066e-324 -4.94066e-324 2 1 0
4.34056 -4.94066e-324 -4.94066e-324 2 1 0
4.35056 -4.94066e-324 -4.94066e-324 2 1 0
4.36056 -4.94066e-324 -4.94066e-324 2 1 0
4.37056 -4.94066e-324 -4.94066e-324 2 1 0
4.38056 -4.94066e-324 -4.94066e-324 2 1 0
4.39056 -4.94066e-324 -4.94066e-324 2 1 0
4.40056 -4.94066e-324 -4.94066e-324 2 1 0
4.41056 -4.94066e-324 -4.94066e-324 2 1 0
4.42056 -4.94066e-324 -4.94066e-324 2 1 0
4.43056 -4.94066e-324 -4.94066e-324 2 1 0
4.44056 -4.94066e-324 -4.94066e-324 2 1 0
4.45056 -4.94066e-324 -4.94066e-324 2 1 0
4.46056 -4.94066e-324 -4.94066e-324 2 1 0
4.47056 -4.94066e-324 -4.94066e-324 2 1 0
4.48056 -4.94066e-324 -4.94066e-324 2 1 0
4.49056 -4.94066e-324 -4.94066e-324 2 1 0
4.50056 -4.94066e-324 -4.94066e-324 2 1 0
4.51056 -4.94066e-324 -4.94066e-324 2 1 0
4.52056 -4.94066e-324 -4.94066e-324 2 1 0
4.53056 -4.94066e-324 -4.94066e-324 2 1 0
4.54056 -4.94066e-324 -4.94066e-324 2 1 0
4.55056 -4.94066e-324 -4.94066e-324 2 1 0
4.56056 -4.94066e-324 -4.94066e-324 2 1 0
4.57056 -4.94066e-324 -4.94066e-324 2 1 0
4.58056 -4.94066e-324 -4.94066e-324 2 1 0
4.59056 -4.94066e-324 -4.94066e-324 2 1 0
4.60056 -4.94066e-324 -4.94066e-324 2 1 0
4.61056 -4.94066e-324 -4.94066e-324 2 1 0
4.62056 -4.94066e-324 -4.94066e-324 2 1 0
4.63056 -4.94066e-324 -4.94066e-324 2 1 0
4.64056 -4.94066e-324 -4.94066e-324 2 1 0
4.65056 -4.94066e-324 -4.94066e-324 2 1 0
4.66056 -4.94066e-324 -4.94066e-324 2 1 0
4.67056 -4.94066e-324 -4.94066e-324 2 1 0
4.68056 -4.94066e-324 -4.94066e-324 2 1 0
4.69056 -4.94066e-324 -4.94066e-324 2 1 0
4.70056 -4.94066e-324 -4.94066e-324 2 1 0
4.71056 -4.94066e-324 -4.94066e-324 2 1 0
4.72056 -4.94066e-324 -4.94066e-324 2 1 0
4.73056 -4.94066e-324 -4.94066e-324 2 1 0
4.74056 -4.94066e-324 -4.94066e-324 2 1 0
4.75056 -4.94066e-324 -4.94066e-324 2 1 0
4.76056 -4.94066e-324 -4.94066e-324 2 1 0
4.77056 -4.94066e-324 -4.94066e-324 2 1 0
4.78056 -4.94066e-324 -4.94066e-324 2 1 0
4.79056 -4.94066e-324 -4.94066e-324 2 1 0
4.80056 -4.94066e-324 -4.94066e-324 2 1 0
4.81056 -4.94066e-324 -4.94066e-324 2 1 0
4.82056 -4.94066e-324 -4.94066e-324 2 1 0
4.83056 -4.94066e-324 -4.94066e-324 2 1 0
4.84056 -4.94066e-324 -4.94066e-324 2 1 0
4.85056 -4.94066e-324 -4.94066e-324 2 1 0
4.86056 -4.94066e-324 -4.94066e-324 2 1 0
4.87056 -4.94066e-324 -4.94066e-324 2 1 0
4.88056 -4.94066e-324 -4.94066e-324 2 1 0
4.89056 -4.94066e-324 -4.94066e-324 2 1 0
4.90056 -4.94066e-324 -4.94066e-324 2 1 0
4.91056 -4.94066e-324 -4.94066e-324 2 1 0
4.92056 -4.94066e-324 -4.94066e-324 2 1 0
4.93056 -4.94066e-324 -4.94066e-324 2 1 0
4.94056 -4.94066e-324 -4.94066e-324 2 1 0
4.95056 -4.94066e-324 -4.94066e-324 2 1 0
4.96056 -4.94066e-324 -4.94066e-324 2 1 0
4.97056 -4.94066e-324 -4.94066e-324 2 1 0
4.98056 -4.94066e-324 -4.94066e-324 2 1 0
4.99056 -4.94066e-324 -4.94066e-324 2 1 0
5.00056 -4.94066e-324 -4.94066e-324 2 1 0
0.680556 -4.94066e-324 -4.94066e-324 4 3 0
0.68056 0.00787491 -0.00787491 4 3 0
0.680573 0.0157494 -0.0157494 4 3 0
0.680594 0.0236228 -0.0236226 4 3 0
0.680594 0.0237137 -0.0237136 4 3 0
0.680624 0.0315852 -0.0315851 4 3 0
0.680662 0.039451 -0.0394511 4 3 0
0.680709 0.0473168 -0.0473168 4 3 0
0.680764 0.0551791 -0.0551792 4 3 0
0.680828 0.0630395 -0.0630389 4 3 0
0.680901 0.0708935 -0.0708929 4 3 0
0.680981 0.0787424 -0.0787417 4 3 0
0.681071 0.0865869 -0.0865858 4 3 0
0.681169 0.094424 -0.0944227 4 3 0
0.681275 0.102254 -0.102253 4 3 0
0.68139 0.110074 -0.110076 4 3 0
0.681513 0.117888 -0.117891 4 3 0
0.681645 0.125694 -0.125698 4 3 0
0.681786 0.13349 -0.133491 4 3 0
0.681935 0.141277 -0.141279 4 3 0
0.682092 0.149055 -0.149056 4 3 0
0.682258 0.156815 -0.156814 4 3 0
0.682432 0.16457 -0.164568 4 3 0
0.682616 0.172313 -0.172311 4 3 0
0.682807 0.180045 -0.180046 4 3 0
0.683007 0.187761 -0.187762 4 3 0
0.683216 0.195464 -0.195465 4 3 0
0.683433 0.203174 -0.203173 4 3 0
0.683659 0.210849 -0.210849 4 3 0
0.683893 0.21851 -0.218509 4 3 0
0.684136 0.226131 -0.226125 4 3 0
0.684388 0.233758 -0.233752 4 3 0
0.684648 0.241368 -0.241361 4 3 0
0.684916 0.248986 -0.248986 4 3 0
0.685193 0.256562 -0.256563 4 3 0
0.685479 0.26412 -0.264121 4 3 0
0.685773 0.271659 -0.27166 4 3 0
0.686076 0.279178 -0.279179 4 3 0
0.686388 0.286677 -0.286678 4 3 0
0.686708 0.294151 -0.294152 4 3 0
0.687037 0.301608 -0.301609 4 3 0
0.687374 0.309043 -0.309044 4 3 0
0.68772 0.31645 -0.316456 4 3 0
0.688075 0.323841 -0.323847 4 3 0
0.688438 0.331207 -0.331214 4 3 0
0.68881 0.338524 -0.338532 4 3 0
0.689191 0.345842 -0.34585 4 3 0
0.68958 0.353135 -0.353143 4 3 0
0.689978 0.36043 -0.360448 4 3 0
0.690384 0.367677 -0.367695 4 3 0
0.690799 0.374898 -0.374915 4 3 0
0.691223 0.382083 -0.382084 4 3 0
0.691656 0.389247 -0.389247 4 3 0
0.692097 0.396382 -0.396382 4 3 0
0.692547 0.403496 -0.403495 4 3 0
0.693006 0.410575 -0.410573 4 3 0
0.693473 0.417625 -0.417623 4 3 0
0.693949 0.424694 -0.424695 4 3 0
0.694434 0.431689 -0.431689 4 3 0
0.694928 0.438653 -0.438653 4 3 0
0.69543 0.445571 -0.445576 4 3 0
0.695941 0.452471 -0.452477 4 3 0
0.696461 0.459338 -0.459345 4 3 0
0.69699 0.466191 -0.46619 4 3 0
0.697527 0.472996 -0.472994 4 3 0
0.698074 0.479767 -0.479765 4 3 0
0.698629 0.486515 -0.486513 4 3 0
0.699193 0.493221 -0.493218 4 3 0
0.699765 0.499893 -0.499889 4 3 0
0.700347 0.50652 -0.506512 4 3 0
0.700937 0.51312 -0.513111 4 3 0
0.701536 0.519685 -0.519675 4 3 0
0.702144 0.526162 -0.526162 4 3 0
0.702761 0.532651 -0.532651 4 3 0
0.703387 0.539112 -0.539113 4 3 0
0.704022 0.545601 -0.545601 4 3 0
0.704665 0.551986 -0.551986 4 3 0
0.705318 0.558334 -0.558333 4 3 0
0.705979 0.564639 -0.56464 4 3 0
0.706649 0.570907 -0.570908 4 3 0
0.707328 0.577136 -0.577137 4 3 0
0.708016 0.583269 -0.583278 4 3 0
0.708713 0.589422 -0.589424 4 3 0
0.709419 0.59554 -0.595531 4 3 0
0.710134 0.601667 -0.601666 4 3 0
0.710858 0.607697 -0.607695 4 3 0
0.711591 0.613685 -0.613683 4 3 0
0.712333 0.619642 -0.61964 4 3 0
0.713083 0.625551 -0.62555 4 3 0
0.713843 0.631418 -0.631417 4 3 0
0.714612 0.637223 -0.637218 4 3 0
0.71539 0.643009 -0.643004 4 3 0
0.716177 0.648751 -0.648747 4 3 0
0.716972 0.654416 -0.654417 4 3 0
0.717777 0.660074 -0.660076 4 3 0
0.718591 0.665689 -0.66569 4 3 0
0.719414 0.671231 -0.671229 4 3 0
0.720246 0.676759 -0.676757 4 3 0
0.721087 0.682242 -0.68224 4 3 0
0.721937 0.68765 -0.687645 4 3 0
0.722796 0.693045 -0.69304 4 3 0
0.723664 0.698393 -0.69839 4 3 0
0.724541 0.703695 -0.703695 4 3 0
0.725427 0.708937 -0.708937 4 3 0
0.726323 0.714132 -0.714132 4 3 0
0.727227 0.719318 -0.719322 4 3 0
0.728141 0.724422 -0.724427 4 3 0
0.729063 0.729479 -0.729484 4 3 0
0.729995 0.734519 -0.734518 4 3 0
0.730936 0.739483 -0.739482 4 3 0
0.731886 0.744399 -0.744397 4 3 0
0.732845 0.749286 -0.749289 4 3 0
0.733813 0.754106 -0.754111 4 3 0
0.73479 0.758878 -0.758883 4 3 0
0.735776 0.763631 -0.763631 4 3 0
0.736771 0.768308 -0.768308 4 3 0
0.737776 0.772935 -0.772935 4 3 0
0.738789 0.777523 -0.777524 4 3 0
0.739812 0.782067 -0.782068 4 3 0
0.740843 0.786562 -0.786563 4 3 0
0.741884 0.790991 -0.790988 4 3 0
0.742934 0.795373 -0.795369 4 3 0
0.743992 0.799703 -0.799699 4 3 0
0.74506 0.803994 -0.803997 4 3 0
0.746137 0.808244 -0.808247 4 3 0
0.747223 0.812444 -0.812446 4 3 0
0.748318 0.816602 -0.8166 4 3 0
0.749422 0.820696 -0.820695 4 3 0
0.750535 0.824739 -0.824738 4 3 0
0.751657 0.82873 -0.82873 4 3 0
0.752788 0.832669 -0.832668 4 3 0
0.753928 0.836557 -0.836555 4 3 0
0.755076 0.840391 -0.84039 4 3 0
0.756234 0.844182 -0.844181 4 3 0
0.757401 0.84792 -0.84792 4 3 0
0.758576 0.851565 -0.851566 4 3 0
0.75976 0.855211 -0.855211 4 3 0
0.760954 0.858804 -0.858804 4 3 0
0.762156 0.862355 -0.862355 4 3 0
0.763366 0.865837 -0.865837 4 3 0
0.764586 0.869266 -0.869266 4 3 0
0.765814 0.872622 -0.872627 4 3 0
0.767051 0.875958 -0.875961 4 3 0
0.768296 0.87924 -0.879242 4 3 0
0.769551 0.88242 -0.882412 4 3 0
0.770813 0.885607 -0.885599 4 3 0
0.772085 0.888739 -0.888733 4 3 0
0.773365 0.891762 -0.891735 4 3 0
0.774653 0.894761 -0.894773 4 3 0
0.77595 0.897723 -0.897757 4 3 0
0.777255 0.900718 -0.900719 4 3 0
0.778568 0.903587 -0.903588 4 3 0
0.77989 0.906402 -0.906402 4 3 0
0.78122 0.90915 -0.909161 4 3 0
0.782558 0.911848 -0.911865 4 3 0
0.783904 0.914492 -0.914513 4 3 0
0.785258 0.917117 -0.917124 4 3 0
0.786621 0.919659 -0.919669 4 3 0
0.787991 0.922147 -0.92216 4 3 0
0.789369 0.924575 -0.924576 4 3 0
0.790755 0.926991 -0.92699 4 3 0
0.792148 0.929353 -0.929352 4 3 0
0.793549 0.931666 -0.931667 4 3 0
0.794958 0.933916 -0.933917 4 3 0
0.796374 0.936111 -0.936111 4 3 0
0.797797 0.938249 -0.938249 4 3 0
0.799228 0.940332 -0.940332 4 3 0
0.800666 0.94236 -0.942359 4 3 0
0.802111 0.94432 -0.944318 4 3 0
0.803563 0.946259 -0.94626 4 3 0
0.805022 0.948166 -0.948166 4 3 0
0.806488 0.949973 -0.949972 4 3 0
0.80796 0.951772 -0.951773 4 3 0
0.809439 0.953527 -0.953528 4 3 0
0.810924 0.955187 -0.955183 4 3 0
0.812416 0.956843 -0.95684 4 3 0
0.813914 0.958444 -0.958442 4 3 0
0.815418 0.959959 -0.959962 4 3 0
0.816927 0.961461 -0.961464 4 3 0
0.818443 0.962909 -0.96291 4 3 0
0.819964 0.964268 -0.964268 4 3 0
0.821491 0.965623 -0.965623 4 3 0
0.823022 0.966923 -0.966923 4 3 0
0.824559 0.968134 -0.968135 4 3 0
0.826101 0.969344 -0.969345 4 3 0
0.827648 0.970498 -0.970498 4 3 0
0.8292 0.97159 -0.971592 4 3 0
0.830756 0.972623 -0.972627 4 3 0
0.832316 0.9736 -0.973605 4 3 0
0.83388 0.974548 -0.974551 4 3 0
0.835448 0.975478 -0.975475 4 3 0
0.83702 0.976356 -0.976354 4 3 0
0.838595 0.977174 -0.977174 4 3 0
0.840174 0.977945 -0.977945 4 3 0
0.841755 0.97866 -0.978659 4 3 0
0.84334 0.979347 -0.979347 4 3 0
0.844927 0.979974 -0.979973 4 3 0
0.846516 0.980545 -0.980544 4 3 0
0.848108 0.981111 -0.98111 4 3 0
0.849701 0.981596 -0.981594 4 3 0
0.851296 0.982046 -0.982049 4 3 0
0.852892 0.982477 -0.982479 4 3 0
0.85449 0.982874 -0.982875 4 3 0
0.856088 0.983213 -0.983212 4 3 0
0.857687 0.983497 -0.983498 4 3 0
0.859286 0.983732 -0.98373 4 3 0
0.860885 0.983978 -0.983977 4 3 0
0.862484 0.984161 -0.984161 4 3 0
0.864083 0.984307 -0.984307 4 3 0
0.86568 0.984395 -0.984395 4 3 0
0.867276 0.984454 -0.984455 4 3 0
0.868871 0.984496 -0.984495 4 3 0
0.870464 0.984513 -0.984513 4 3 0
0.872055 0.984469 -0.984469 4 3 0
0.873643 0.984366 -0.984365 4 3 0
0.875229 0.984291 -0.984292 4 3 0
0.876811 0.984171 -0.984171 4 3 0
0.878391 0.98399 -0.983988 4 3 0
0.879966 0.983751 -0.983755 4 3 0
0.881537 0.983562 -0.983565 4 3 0
0.883104 0.98332 -0.98332 4 3 0
0.884666 0.983018 -0.983016 4 3 0
0.886223 0.982713 -0.982711 4 3 0
0.887775 0.982337 -0.982332 4 3 0
0.88932 0.981988 -0.98199 4 3 0
0.89086 0.981582 -0.981585 4 3 0
0.892393 0.981178 -0.981178 4 3 0
0.893919 0.980712 -0.98071 4 3 0
0.895438 0.980238 -0.980239 4 3 0
0.896949 0.979698 -0.979696 4 3 0
0.898452 0.979214 -0.979213 4 3 0
0.899947 0.978649 -0.978648 4 3 0
0.901434 0.978097 -0.978097 4 3 0
0.902911 0.977483 -0.977484 4 3 0
0.904379 0.976842 -0.976842 4 3 0
0.905838 0.976204 -0.976205 4 3 0
0.907286 0.975567 -0.975567 4 3 0
0.908724 0.974879 -0.974879 4 3 0
0.910152 0.97414 -0.974141 4 3 0
0.911568 0.973394 -0.973393 4 3 0
0.912974 0.972684 -0.972685 4 3 0
0.914367 0.971908 -0.971907 4 3 0
0.915749 0.97107 -0.971068 4 3 0
0.917119 0.97023 -0.970248 4 3 0
0.918476 0.969446 -0.969432 4 3 0
0.91982 0.968622 -0.968619 4 3 0
0.921152 0.967727 -0.967735 4 3 0
0.92247 0.966859 -0.966859 4 3 0
0.923774 0.96593 -0.96592 4 3 0
0.925065 0.964962 -0.964925 4 3 0
0.926342 0.964015 -0.964044 4 3 0
0.927605 0.9631 -0.963108 4 3 0
0.928853 0.962053 -0.962079 4 3 0
0.929473 0.961589 -0.961607 4 3 0
0.930699 0.960616 -0.960618 4 3 0
0.931911 0.959509 -0.959508 4 3 0
0.933107 0.958491 -0.958494 4 3 0
0.934289 0.95748 -0.957481 4 3 0
0.935455 0.956411 -0.956411 4 3 0
0.936606 0.9553 -0.955298 4 3 0
0.937741 0.954127 -0.954125 4 3 0
0.938861 0.953069 -0.953067 4 3 0
0.939965 0.951867 -0.951864 4 3 0
0.941053 0.950679 -0.950682 4 3 0
0.942125 0.949541 -0.949544 4 3 0
0.943182 0.948417 -0.948419 4 3 0
0.944223 0.947235 -0.947234 4 3 0
0.945247 0.94602 -0.94602 4 3 0
0.946256 0.944759 -0.944758 4 3 0
0.947249 0.943438 -0.943437 4 3 0
0.948227 0.942273 -0.94227 4 3 0
0.949188 0.940937 -0.940931 4 3 0
0.950133 0.939612 -0.939619 4 3 0
0.951063 0.938339 -0.938323 4 3 0
0.951978 0.937047 -0.937061 4 3 0
0.952876 0.935801 -0.935807 4 3 0
0.95376 0.934454 -0.934455 4 3 0
0.954627 0.933153 -0.933153 4 3 0
0.95548 0.931796 -0.931796 4 3 0
0.956317 0.930371 -0.930381 4 3 0
0.95714 0.928895 -0.92891 4 3 0
0.957947 0.927592 -0.92758 4 3 0
0.95874 0.926285 -0.926285 4 3 0
0.959519 0.924858 -0.924855 4 3 0
0.960282 0.923376 -0.923372 4 3 0
0.961032 0.921921 -0.921906 4 3 0
0.961768 0.920362 -0.920384 4 3 0
0.962489 0.919042 -0.91906 4 3 0
0.963197 0.917875 -0.917867 4 3 0
0.963891 0.917812 -0.917801 4 3 0
0.964572 0.917774 -0.917789 4 3 0
0.96524 0.917997 -0.918002 4 3 0
0.965895 0.918119 -0.918122 4 3 0
0.966537 0.918211 -0.918211 4 3 0
0.967167 0.918261 -0.918258 4 3 0
0.967784 0.918279 -0.918274 4 3 0
0.968388 0.918265 -0.918258 4 3 0
0.968981 0.918356 -0.918347 4 3 0
0.969563 0.918558 -0.918551 4 3 0
0.970132 0.918727 -0.918724 4 3 0
0.97069 0.918858 -0.918857 4 3 0
0.971237 0.918933 -0.918932 4 3 0
0.971773 0.918974 -0.918972 4 3 0
0.972298 0.918887 -0.918879 4 3 0
0.972813 0.919074 -0.919081 4 3 0
0.973317 0.919334 -0.919339 4 3 0
0.973811 0.919597 -0.919592 4 3 0
0.974295 0.919762 -0.919761 4 3 0
0.974769 0.919891 -0.919894 4 3 0
0.975234 0.919833 -0.91984 4 3 0
0.975688 0.919832 -0.919841 4 3 0
0.976134 0.920036 -0.920027 4 3 0
0.976571 0.9205 -0.920499 4 3 0
0.976998 0.920653 -0.920654 4 3 0
0.977417 0.920768 -0.920772 4 3 0
0.977827 0.920769 -0.920763 4 3 0
0.978229 0.920782 -0.920773 4 3 0
0.978622 0.920846 -0.92086 4 3 0
0.979007 0.921013 -0.921003 4 3 0
0.979384 0.921344 -0.921336 4 3 0
0.979754 0.921637 -0.921632 4 3 0
0.980115 0.921851 -0.921853 4 3 0
0.980469 0.922086 -0.922087 4 3 0
0.980816 0.922282 -0.922282 4 3 0
0.981155 0.922448 -0.922447 4 3 0
0.981487 0.922586 -0.92258 4 3 0
0.981812 0.922683 -0.922672 4 3 0
0.98213 0.922772 -0.922774 4 3 0
0.982442 0.922797 -0.9228 4 3 0
0.982747 0.92278 -0.922784 4 3 0
0.983045 0.922946 -0.922918 4 3 0
0.983336 0.923292 -0.92327 4 3 0
0.983622 0.923596 -0.92358 4 3 0
0.983901 0.923838 -0.923838 4 3 0
0.984174 0.924069 -0.924069 4 3 0
0.984441 0.924257 -0.924257 4 3 0
0.984702 0.924409 -0.924407 4 3 0
0.984957 0.924519 -0.924515 4 3 0
0.985206 0.924585 -0.924579 4 3 0
0.98545 0.924635 -0.924636 4 3 0
0.985689 0.92462 -0.924622 4 3 0
0.985922 0.924779 -0.924777 4 3 0
0.986149 0.925068 -0.924945 4 3 0
0.986371 0.925356 -0.925264 4 3 0
0.986588 0.925599 -0.925538 4 3 0
0.9868 0.925802 -0.925808 4 3 0
0.987007 0.92595 -0.925934 4 3 0
0.98721 0.926052 -0.926015 4 3 0
0.987407 0.926113 -0.925981 4 3 0
0.987599 0.926124 -0.925947 4 3 0
0.987787 0.926089 -0.926024 4 3 0
0.98797 0.926153 -0.926352 4 3 0
0.988149 0.926484 -0.926637 4 3 0
0.988323 0.926769 -0.926875 4 3 0
0.988493 0.927005 -0.927057 4 3 0
0.988658 0.927198 -0.927213 4 3 0
0.988819 0.927344 -0.927322 4 3 0
0.988977 0.927446 -0.927392 4 3 0
0.989129 0.9275 -0.927409 4 3 0
0.989278 0.927505 -0.927377 4 3 0
0.989423 0.927488 -0.927532 4 3 0
0.989565 0.927402 -0.927457 4 3 0
0.989702 0.927613 -0.927555 4 3 0
0.989836 0.927924 -0.927958 4 3 0
0.989965 0.928185 -0.928209 4 3 0
0.990092 0.928397 -0.928411 4 3 0
0.990215 0.92856 -0.928562 4 3 0
0.990334 0.928674 -0.928672 4 3 0
0.99045 0.928739 -0.928731 4 3 0
0.990562 0.928751 -0.928681 4 3 0
0.990672 0.928713 -0.928618 4 3 0
0.990778 0.928623 -0.928503 4 3 0
0.990881 0.928486 -0.928548 4 3 0
0.990981 0.928832 -0.928755 4 3 0
0.991077 0.929128 -0.929067 4 3 0
0.991171 0.929373 -0.929446 4 3 0
0.991262 0.929567 -0.929605 4 3 0
0.99135 0.92971 -0.929712 4 3 0
0.991436 0.9298 -0.929737 4 3 0
0.991518 0.929837 -0.929719 4 3 0
0.991598 0.929821 -0.929647 4 3 0
0.991676 0.929751 -0.92943 4 3 0
0.991751 0.929627 -0.929752 4 3 0
0.991823 0.929612 -0.930021 4 3 0
0.991893 0.929946 -0.929982 4 3 0
0.991961 0.930207 -0.930234 4 3 0
0.992026 0.930415 -0.930432 4 3 0
0.992089 0.930574 -0.930579 4 3 0
0.99215 0.930665 -0.930662 4 3 0
0.992209 0.930701 -0.93069 4 3 0
0.992265 0.93067 -0.930667 4 3 0
0.99232 0.930588 -0.930584 4 3 0
0.992373 0.93045 -0.930444 4 3 0
0.992423 0.930308 -0.930322 4 3 0
0.992472 0.930635 -0.930646 4 3 0
0.992519 0.930906 -0.930915 4 3 0
0.992564 0.931145 -0.931141 4 3 0
0.992608 0.931291 -0.931289 4 3 0
0.99265 0.93138 -0.93138 4 3 0
0.99269 0.93141 -0.931411 4 3 0
0.992728 0.931381 -0.931383 4 3 0
0.992765 0.931293 -0.931295 4 3 0
0.992801 0.931101 -0.931079 4 3 0
0.992835 0.93088 -0.930853 4 3 0
0.992868 0.931157 -0.931184 4 3 0
0.992899 0.931492 -0.93144 4 3 0
0.992929 0.93171 -0.931673 4 3 0
0.992958 0.931867 -0.931846 4 3 0
0.992985 0.931962 -0.931932 4 3 0
0.993012 0.932001 -0.932017 4 3 0
0.993037 0.931978 -0.932039 4 3 0
0.993061 0.931874 -0.931833 4 3 0
0.993084 0.931718 -0.931662 4 3 0
0.993105 0.931496 -0.931427 4 3 0
0.993126 0.931472 -0.931408 4 3 0
0.993146 0.931801 -0.931749 4 3 0
0.993165 0.932066 -0.932027 4 3 0
0.993183 0.932297 -0.932033 4 3 0
0.9932 0.932419 -0.932259 4 3 0
0.993216 0.932475 -0.93242 4 3 0
0.993232 0.932449 -0.93217 4 3 0
0.993247 0.932359 -0.931961 4 3 0
0.993261 0.932201 -0.931684 4 3 0
0.993274 0.931973 -0.932488 4 3 0
0.993286 0.931733 -0.932632 4 3 0
0.993298 0.93209 -0.932708 4 3 0
0.993309 0.932341 -0.931893 4 3 0
0.99332 0.932576 -0.93217 4 3 0
0.99333 0.932742 -0.932458 4 3 0
0.993339 0.932844 -0.932474 4 3 0
0.993348 0.932842 -0.932698 4 3 0
0.993357 0.932768 -0.932852 4 3 0
0.993365 0.932612 -0.932064 4 3 0
0.993372 0.932389 -0.932196 4 3 0
0.993379 0.93209 -0.932521 4 3 0
0.993386 0.932211 -0.932419 4 3 0
0.993392 0.932546 -0.932707 4 3 0
0.993397 0.932808 -0.932921 4 3 0
0.993403 0.933012 -0.933012 4 3 0
0.993404 0.933049 -0.933049 4 3 0
0.993409 0.933132 -0.933132 4 3 0
0.993414 0.933127 -0.933122 4 3 0
0.993418 0.933042 -0.933031 4 3 0
0.993422 0.932879 -0.932862 4 3 0
0.993426 0.932592 -0.932552 4 3 0
0.993429 0.932257 -0.932207 4 3 0
0.993432 0.932468 -0.932515 4 3 0
0.993435 0.932893 -0.932958 4 3 0
0.993438 0.933125 -0.933169 4 3 0
0.993441 0.933278 -0.9333 4 3 0
0.993443 0.93335 -0.93335 4 3 0
0.993445 0.933319 -0.933331 4 3 0
0.993447 0.933207 -0.93323 4 3 0
0.993449 0.932976 -0.932982 4 3 0
0.99345 0.932683 -0.93269 4 3 0
0.993452 0.932301 -0.93231 4 3 0
0.993452 0.932438 -0.932371 4 3 0
0.993453 0.932822 -0.932769 4 3 0
0.993455 0.933123 -0.933084 4 3 0
0.993456 0.933266 -0.933306 4 3 0
0.993457 0.933431 -0.933453 4 3 0
0.993457 0.93351 -0.933512 4 3 0
0.993458 0.933449 -0.933424 4 3 0
0.993459 0.933299 -0.933256 4 3 0
0.993459 0.933057 -0.932996 4 3 0
0.99346 0.932773 -0.932808 4 3 0
0.99346 0.932354 -0.932399 4 3 0
0.993461 0.932632 -0.932599 4 3 0
0.993461 0.933092 -0.933131 4 3 0
0.993461 0.933362 -0.933389 4 3 0
0.993461 0.933539 -0.933554 4 3 0
0.993462 0.93361 -0.933609 4 3 0
0.993462 0.933624 -0.933624 4 3 0
0.993462 0.93354 -0.933542 4 3 0
0.993462 0.93339 -0.933356 4 3 0
0.993462 0.933122 -0.933069 4 3 0
0.993462 0.933121 -0.933068 4 3 0
0.993462 0.932767 -0.932796 4 3 0
0.993462 0.932677 -0.932647 4 3 0
0.993462 0.933083 -0.933059 4 3 0
0.993462 0.933408 -0.933363 4 3 0
0.993462 0.933605 -0.933578 4 3 0
0.993462 0.933704 -0.933701 4 3 0
0.993461 0.933693 -0.93371 4 3 0
0.993461 0.93354 -0.933635 4 3 0
0.993461 0.933294 -0.933452 4 3 0
0.993461 0.933214 -0.933249 4 3 0
0.680594 0.0237137 -0.0237136 4 4 0
0.680594 0.0237137 -0.0237136 4 4 0
0.929473 0.961589 -0.961607 4 5 0
0.929464 0.961019 -0.962154 4 5 0
0.92946 0.960393 -0.96278 4 5 0
0.929454 0.959759 -0.96341 4 5 0
0.929446 0.959141 -0.964003 4 5 0
0.929435 0.958473 -0.964547 4 5 0
0.929422 0.957848 -0.965057 4 5 0
0.929407 0.957188 -0.965667 4 5 0
0.929389 0.956475 -0.966249 4 5 0
0.929369 0.955807 -0.966735 4 5 0
0.929347 0.955079 -0.967272 4 5 0
0.929322 0.954471 -0.967844 4 5 0
0.929295 0.953774 -0.968367 4 5 0
0.929266 0.953108 -0.968838 4 5 0
0.929234 0.952387 -0.969286 4 5 0
0.9292 0.951691 -0.969881 4 5 0
0.929164 0.950941 -0.970355 4 5 0
0.929126 0.950135 -0.970786 4 5 0
0.929085 0.94942 -0.971265 4 5 0
0.929043 0.948754 -0.97177 4 5 0
0.928997 0.948029 -0.972234 4 5 0
0.92895 0.947272 -0.972634 4 5 0
0.928901 0.946509 -0.973112 4 5 0
0.928849 0.945688 -0.97355 4 5 0
0.928796 0.944946 -0.973968 4 5 0
0.92874 0.944205 -0.974349 4 5 0
0.928682 0.943405 -0.974745 4 5 0
0.928622 0.942612 -0.975192 4 5 0
0.92856 0.941741 -0.975562 4 5 0
0.928496 0.940964 -0.975894 4 5 0
0.92843 0.940212 -0.976328 4 5 0
0.928362 0.939324 -0.976706 4 5 0
0.928292 0.938533 -0.977048 4 5 0
0.92822 0.937766 -0.977408 4 5 0
0.928146 0.936948 -0.977755 4 5 0
0.928071 0.936067 -0.978067 4 5 0
0.927993 0.935246 -0.97838 4 5 0
0.927914 0.934311 -0.978693 4 5 0
0.927833 0.933526 -0.979037 4 5 0
0.92775 0.932711 -0.97929 4 5 0
0.927665 0.931872 -0.979625 4 5 0
0.927579 0.930967 -0.979928 4 5 0
0.927491 0.930034 -0.980205 4 5 0
0.927402 0.929247 -0.980453 4 5 0
0.927311 0.928392 -0.980671 4 5 0
0.927218 0.927451 -0.980992 4 5 0
0.927124 0.926531 -0.981214 4 5 0
0.927028 0.92572 -0.981426 4 5 0
0.926931 0.924754 -0.981672 4 5 0
0.926832 0.923868 -0.981899 4 5 0
0.926732 0.923035 -0.982147 4 5 0
0.926631 0.922139 -0.982318 4 5 0
0.926528 0.921183 -0.982555 4 5 0
0.926424 0.920158 -0.982765 4 5 0
0.926319 0.919301 -0.982891 4 5 0
0.926212 0.918468 -0.983109 4 5 0
0.926105 0.917563 -0.983302 4 5 0
0.925996 0.916533 -0.983411 4 5 0
0.925886 0.915587 -0.983606 4 5 0
0.925775 0.914755 -0.983777 4 5 0
0.925663 0.913851 -0.983903 4 5 0
0.92555 0.912885 -0.984058 4 5 0
0.925436 0.911847 -0.984191 4 5 0
0.925322 0.910999 -0.984264 4 5 0
0.925206 0.910095 -0.984404 4 5 0
0.925089 0.909118 -0.984534 4 5 0
0.924972 0.908096 -0.984643 4 5 0
0.924854 0.907237 -0.984729 4 5 0
0.924735 0.906303 -0.984793 4 5 0
0.924615 0.905215 -0.984898 4 5 0
0.924495 0.904369 -0.984988 4 5 0
0.924374 0.904135 -0.985058 4 5 0
0.924253 0.904146 -0.985122 4 5 0
0.924131 0.904045 -0.985168 4 5 0
0.924009 0.903919 -0.985194 4 5 0
0.923886 0.903724 -0.985247 4 5 0
0.923762 0.903516 -0.985261 4 5 0
0.923639 0.903283 -0.985325 4 5 0
0.923514 0.903362 -0.985376 4 5 0
0.92339 0.90325 -0.985403 4 5 0
0.923265 0.903112 -0.985414 4 5 0
0.92314 0.903 -0.98543 4 5 0
0.923015 0.902881 -0.985427 4 5 0
0.92289 0.902735 -0.985407 4 5 0
0.922764 0.902564 -0.985433 4 5 0
0.922639 0.902364 -0.985414 4 5 0
0.922513 0.902137 -0.98538 4 5 0
0.922387 0.902011 -0.985381 4 5 0
0.922262 0.902035 -0.985338 4 5 0
0.922136 0.902029 -0.985282 4 5 0
0.92201 0.901973 -0.985247 4 5 0
0.921885 0.901923 -0.985221 4 5 0
0.921759 0.901844 -0.9852 4 5 0
0.921634 0.901743 -0.985114 4 5 0
0.921509 0.901614 -0.985089 4 5 0
0.921384 0.901455 -0.985052 4 5 0
0.921259 0.901284 -0.984959 4 5 0
0.921135 0.901123 -0.984888 4 5 0
0.921011 0.901167 -0.984845 4 5 0
0.920887 0.901167 -0.98476 4 5 0
0.920764 0.901155 -0.984706 4 5 0
0.920641 0.901112 -0.984642 4 5 0
0.920518 0.90104 -0.984551 4 5 0
0.920396 0.90094 -0.984478 4 5 0
0.920274 0.900809 -0.984395 4 5 0
0.920153 0.900672 -0.984268 4 5 0
0.920032 0.900486 -0.984191 4 5 0
0.919911 0.900511 -0.984106 4 5 0
0.919792 0.900547 -0.983993 4 5 0
0.919673 0.900561 -0.983871 4 5 0
0.919554 0.900543 -0.983742 4 5 0
0.919436 0.900492 -0.983678 4 5 0
0.919319 0.900407 -0.98355 4 5 0
0.919202 0.900289 -0.983413 4 5 0
0.919086 0.900144 -0.983293 4 5 0
0.918971 0.899967 -0.983199 4 5 0
0.918856 0.900057 -0.983097 4 5 0
0.918742 0.900113 -0.982996 4 5 0
0.918629 0.900133 -0.982867 4 5 0
0.918516 0.900118 -0.982731 4 5 0
0.918405 0.900068 -0.982588 4 5 0
0.918294 0.899983 -0.982437 4 5 0
0.918184 0.899864 -0.982317 4 5 0
0.918075 0.899713 -0.982198 4 5 0
0.917966 0.899639 -0.982081 4 5 0
0.917858 0.899734 -0.981957 4 5 0
0.917752 0.899792 -0.981812 4 5 0
0.917646 0.899813 -0.981659 4 5 0
0.917541 0.899798 -0.9815 4 5 0
0.917436 0.899747 -0.981393 4 5 0
0.917333 0.899658 -0.981266 4 5 0
0.917231 0.899533 -0.981134 4 5 0
0.917129 0.899372 -0.980986 4 5 0
0.917029 0.899406 -0.980832 4 5 0
0.916929 0.899502 -0.980672 4 5 0
0.91683 0.899569 -0.980551 4 5 0
0.916732 0.899582 -0.980393 4 5 0
0.916635 0.899557 -0.980229 4 5 0
0.916539 0.899487 -0.98013 4 5 0
0.916444 0.899381 -0.979992 4 5 0
0.91635 0.899237 -0.979849 4 5 0
0.916257 0.899214 -0.979693 4 5 0
0.916165 0.899322 -0.979555 4 5 0
0.916073 0.89939 -0.979413 4 5 0
0.915983 0.89942 -0.979239 4 5 0
0.915894 0.899407 -0.979076 4 5 0
0.915805 0.899353 -0.978916 4 5 0
0.915718 0.899259 -0.978817 4 5 0
0.915631 0.899125 -0.978659 4 5 0
0.915546 0.899025 -0.978496 4 5 0
0.915461 0.899159 -0.978366 4 5 0
0.915378 0.899247 -0.978236 4 5 0
0.915295 0.899293 -0.978102 4 5 0
0.915213 0.899297 -0.977944 4 5 0
0.915132 0.899256 -0.977813 4 5 0
0.915052 0.899173 -0.977679 4 5 0
0.914974 0.899054 -0.977542 4 5 0
0.914896 0.898889 -0.9774 4 5 0
0.914819 0.899021 -0.977254 4 5 0
0.914743 0.899114 -0.977102 4 5 0
0.914667 0.899186 -0.976972 4 5 0
0.914593 0.899214 -0.976839 4 5 0
0.91452 0.899196 -0.976647 4 5 0
0.914447 0.899133 -0.976528 4 5 0
0.914376 0.899027 -0.976405 4 5 0
0.914305 0.898869 -0.976241 4 5 0
0.914236 0.898753 -0.976085 4 5 0
0.914167 0.89892 -0.975971 4 5 0
0.914099 0.89908 -0.975862 4 5 0
0.914032 0.899139 -0.975712 4 5 0
0.913966 0.899152 -0.97556 4 5 0
0.913901 0.899129 -0.975433 4 5 0
0.913836 0.899062 -0.975322 4 5 0
0.913773 0.898949 -0.975208 4 5 0
0.91371 0.898788 -0.975093 4 5 0
0.913648 0.898862 -0.974974 4 5 0
0.913587 0.898991 -0.974854 4 5 0
0.913527 0.899088 -0.974697 4 5 0
0.913468 0.899113 -0.974586 4 5 0
0.913409 0.899091 -0.974473 4 5 0
0.913351 0.899003 -0.974349 4 5 0
0.913294 0.898878 -0.974235 4 5 0
0.913238 0.898712 -0.97412 4 5 0
0.913183 0.898889 -0.973956 4 5 0
0.913128 0.899003 -0.973819 4 5 0
0.913075 0.899069 -0.973678 4 5 0
0.913022 0.899086 -0.973643 4 5 0
0.912969 0.899052 -0.973534 4 5 0
0.912918 0.898971 -0.973423 4 5 0
0.912867 0.898836 -0.973284 4 5 0
0.912817 0.898709 -0.973184 4 5 0
0.912768 0.898874 -0.973082 4 5 0
0.912719 0.898983 -0.972977 4 5 0
0.912671 0.899051 -0.972863 4 5 0
0.912624 0.899068 -0.972746 4 5 0
0.912577 0.899038 -0.972618 4 5 0
0.912532 0.898959 -0.972528 4 5 0
0.912486 0.89883 -0.972436 4 5 0
0.912442 0.898707 -0.972326 4 5 0
0.912398 0.898694 -0.97221 4 5 0
0.912355 0.898861 -0.972091 4 5 0
0.912312 0.898952 -0.972043 4 5 0
0.912271 0.89903 -0.971938 4 5 0
0.912229 0.899056 -0.97183 4 5 0
0.912189 0.899018 -0.971732 4 5 0
0.912149 0.89893 -0.971622 4 5 0
0.912109 0.898792 -0.971509 4 5 0
0.91207 0.898781 -0.971442 4 5 0
0.912032 0.898692 -0.971333 4 5 0
0.911995 0.89886 -0.971222 4 5 0
0.911957 0.898856 -0.971206 4 5 0
0.911921 0.898972 -0.971116 4 5 0
0.911885 0.899035 -0.971025 4 5 0
0.91185 0.899047 -0.970918 4 5 0
0.911815 0.899026 -0.970818 4 5 0
0.911781 0.898952 -0.970716 4 5 0
0.911747 0.89892 -0.970661 4 5 0
0.911714 0.898778 -0.970563 4 5 0
0.911681 0.898652 -0.970462 4 5 0
0.911649 0.898737 -0.970425 4 5 0
0.911617 0.898893 -0.970331 4 5 0
0.911586 0.898994 -0.970235 4 5 0
0.911555 0.899024 -0.970164 4 5 0
0.911525 0.899042 -0.970068 4 5 0
0.911495 0.899006 -0.969976 4 5 0
0.911466 0.898962 -0.969902 4 5 0
0.911437 0.89884 -0.969845 4 5 0
0.911409 0.898663 -0.969793 4 5 0
0.911381 0.89865 -0.969703 4 5 0
0.911353 0.898833 -0.969652 4 5 0
0.911326 0.898959 -0.9696 4 5 0
0.9113 0.898984 -0.969513 4 5 0
0.911274 0.899037 -0.969424 4 5 0
0.911248 0.899032 -0.969345 4 5 0
0.911223 0.898992 -0.969284 4 5 0
0.911198 0.898889 -0.969226 4 5 0
0.911173 0.898729 -0.969183 4 5 0
0.911149 0.898538 -0.969155 4 5 0
0.911125 0.898722 -0.969104 4 5 0
0.911102 0.898886 -0.969051 4 5 0
0.911079 0.898967 -0.968997 4 5 0
0.911056 0.899031 -0.968935 4 5 0
0.911034 0.899037 -0.968871 4 5 0
0.911012 0.89904 -0.96874 4 5 0
0.910991 0.899026 -0.968705 4 5 0
0.91097 0.898953 -0.968667 4 5 0
0.910949 0.898892 -0.968654 4 5 0
0.910928 0.89873 -0.968597 4 5 0
0.910908 0.898643 -0.968536 4 5 0
0.910889 0.898858 -0.968494 4 5 0
0.910869 0.898977 -0.968442 4 5 0
0.91085 0.899036 -0.968387 4 5 0
0.910831 0.899042 -0.968324 4 5 0
0.910813 0.899016 -0.968262 4 5 0
0.910795 0.89893 -0.968197 4 5 0
0.910777 0.898969 -0.968133 4 5 0
0.910759 0.898845 -0.968104 4 5 0
0.910742 0.898659 -0.968072 4 5 0
0.910725 0.898675 -0.968055 4 5 0
0.910708 0.898731 -0.968008 4 5 0
0.910692 0.898899 -0.967957 4 5 0
0.910676 0.898796 -0.967879 4 5 0
0.91066 0.898942 -0.967816 4 5 0
0.910644 0.899024 -0.96775 4 5 0
0.910629 0.898938 -0.967787 4 5 0
0.910614 0.899023 -0.967737 4 5 0
0.910599 0.899043 -0.967684 4 5 0
0.910584 0.898996 -0.967672 4 5 0
0.91057 0.899043 -0.967628 4 5 0
0.910556 0.899026 -0.967581 4 5 0
0.910542 0.898783 -0.967465 4 5 0
0.910529 0.898575 -0.96745 4 5 0
0.910515 0.898792 -0.967434 4 5 0
0.910502 0.898984 -0.967358 4 5 0
0.910489 0.899041 -0.967345 4 5 0
0.910477 0.899033 -0.96733 4 5 0
0.910464 0.898925 -0.967333 4 5 0
0.910452 0.898767 -0.967306 4 5 0
0.91044 0.898544 -0.967276 4 5 0
0.910428 0.898561 -0.967241 4 5 0
0.910417 0.898784 -0.967202 4 5 0
0.910406 0.898939 -0.96716 4 5 0
0.910394 0.898998 -0.967085 4 5 0
0.910383 0.899046 -0.96703 4 5 0
0.910373 0.899026 -0.966983 4 5 0
0.910362 0.899031 -0.966983 4 5 0
0.910352 0.89895 -0.966975 4 5 0
0.910342 0.898801 -0.966964 4 5 0
0.910332 0.898833 -0.966957 4 5 0
0.910322 0.898628 -0.966939 4 5 0
0.910312 0.898718 -0.966918 4 5 0
0.910303 0.898601 -0.966888 4 5 0
0.910293 0.898817 -0.966866 4 5 0
0.910284 0.898963 -0.966841 4 5 0
0.910275 0.898937 -0.966815 4 5 0
0.910267 0.899028 -0.966787 4 5 0
0.910258 0.899047 -0.966754 4 5 0
0.91025 0.899046 -0.966739 4 5 0
0.910241 0.899033 -0.966707 4 5 0
0.910233 0.898949 -0.966672 4 5 0
0.910225 0.899041 -0.966675 4 5 0
0.910217 0.898971 -0.966651 4 5 0
0.91021 0.89883 -0.966623 4 5 0
0.910202 0.898893 -0.966587 4 5 0
0.910195 0.898707 -0.966551 4 5 0
0.910187 0.898638 -0.96651 4 5 0
0.91018 0.898954 -0.966475 4 5 0
0.910173 0.899036 -0.966477 4 5 0
0.910167 0.899045 -0.966475 4 5 0
0.91016 0.898926 -0.966385 4 5 0
0.910153 0.898754 -0.966392 4 5 0
0.910147 0.898537 -0.966396 4 5 0
0.910141 0.898876 -0.966337 4 5 0
0.910134 0.899001 -0.966315 4 5 0
0.910128 0.89905 -0.966323 4 5 0
0.910122 0.899024 -0.966325 4 5 0
0.910117 0.898923 -0.966328 4 5 0
0.910111 0.898747 -0.966327 4 5 0
0.910105 0.898641 -0.966225 4 5 0
0.9101 0.898485 -0.966226 4 5 0
0.910094 0.898744 -0.966236 4 5 0
0.910089 0.898874 -0.966287 4 5 0
0.910084 0.899002 -0.966274 4 5 0
0.910079 0.899052 -0.966258 4 5 0
0.910074 0.899038 -0.966234 4 5 0
0.910069 0.899046 -0.966207 4 5 0
0.910065 0.898976 -0.966177 4 5 0
0.91006 0.898965 -0.966173 4 5 0
0.910055 0.89881 -0.966141 4 5 0
0.910051 0.898576 -0.966104 4 5 0
0.910047 0.898582 -0.966066 4 5 0
0.910042 0.898739 -0.966052 4 5 0
0.910038 0.898925 -0.966067 4 5 0
0.910034 0.898876 -0.96604 4 5 0
0.91003 0.899005 -0.966053 4 5 0
0.910029 0.899032 -0.966057 4 5 0
0.910025 0.898881 -0.966105 4 5 0
0.910021 0.899008 -0.966094 4 5 0
0.910017 0.899053 -0.966078 4 5 0
0.910014 0.899039 -0.966073 4 5 0
0.91001 0.899046 -0.966061 4 5 0
0.910007 0.898971 -0.966044 4 5 0
0.910004 0.898758 -0.966041 4 5 0
0.91 0.898535 -0.966025 4 5 0
0.909997 0.89879 -0.966004 4 5 0
0.909994 0.898948 -0.965905 4 5 0
0.909991 0.89904 -0.965897 4 5 0
0.909988 0.899047 -0.965916 4 5 0
0.909985 0.899011 -0.965907 4 5 0
0.909982 0.898883 -0.965923 4 5 0
0.909979 0.898671 -0.965935 4 5 0
0.909976 0.898638 -0.965952 4 5 0
0.909974 0.898636 -0.965953 4 5 0
0.909971 0.898864 -0.96595 4 5 0
0.909969 0.898944 -0.965939 4 5 0
0.909966 0.899039 -0.965923 4 5 0
0.909964 0.899047 -0.965903 4 5 0
0.909961 0.89905 -0.965922 4 5 0
0.909959 0.898976 -0.965914 4 5 0
0.909957 0.898816 -0.965902 4 5 0
0.909955 0.898709 -0.965901 4 5 0
0.909952 0.89842 -0.965896 4 5 0
0.90995 0.898635 -0.965887 4 5 0
0.909948 0.898584 -0.965852 4 5 0
0.909946 0.898832 -0.965826 4 5 0
0.909944 0.898988 -0.965794 4 5 0
0.909943 0.89901 -0.965862 4 5 0
0.909941 0.899055 -0.965846 4 5 0
0.909939 0.899009 -0.965826 4 5 0
0.909937 0.899045 -0.965787 4 5 0
0.909936 0.898957 -0.965804 4 5 0
0.909934 0.898777 -0.965817 4 5 0
0.909932 0.898955 -0.965744 4 5 0
0.909931 0.898772 -0.965733 4 5 0
0.909929 0.898499 -0.965757 4 5 0
0.909928 0.898914 -0.965814 4 5 0
0.909926 0.898706 -0.965797 4 5 0
0.909925 0.898601 -0.965774 4 5 0
0.909923 0.898503 -0.965792 4 5 0
0.909922 0.89878 -0.96577 4 5 0
0.909921 0.898963 -0.965743 4 5 0
0.90992 0.899055 -0.965697 4 5 0
0.909918 0.899018 -0.965692 4 5 0
0.909917 0.898884 -0.965717 4 5 0
0.909916 0.89876 -0.965788 4 5 0
0.909915 0.898491 -0.965776 4 5 0
0.909914 0.898777 -0.965759 4 5 0
0.909913 0.898838 -0.965782 4 5 0
0.909912 0.898996 -0.965776 4 5 0
0.909911 0.899055 -0.965764 4 5 0
0.90991 0.899053 -0.965724 4 5 0
0.909909 0.899027 -0.965741 4 5 0
0.909908 0.898902 -0.965753 4 5 0
0.909907 0.89883 -0.965686 4 5 0
0.909906 0.898569 -0.965651 4 5 0
0.909905 0.898676 -0.965656 4 5 0
0.909905 0.898703 -0.965758 4 5 0
0.909904 0.898513 -0.965756 4 5 0
0.909903 0.898798 -0.965748 4 5 0
0.909902 0.898623 -0.965737 4 5 0
0.909902 0.898873 -0.965745 4 5 0
0.909901 0.899016 -0.965748 4 5 0
0.9099 0.89892 -0.965745 4 5 0
0.9099 0.899037 -0.965737 4 5 0
0.909899 0.899048 -0.965724 4 5 0
0.909898 0.899022 -0.96574 4 5 0
0.909898 0.899054 -0.965732 4 5 0
0.909897 0.89898 -0.965719 4 5 0
0.909897 0.89905 -0.965736 4 5 0
0.909896 0.899032 -0.965731 4 5 0
0.909896 0.898907 -0.96572 4 5 0
0.909895 0.899056 -0.965731 4 5 0
0.909895 0.899005 -0.965728 4 5 0
0.909894 0.898846 -0.965719 4 5 0
0.909894 0.898447 -0.965682 4 5 0
0.909893 0.898615 -0.965654 4 5 0
0.909893 0.898874 -0.96562 4 5 0
0.909893 0.898956 -0.965603 4 5 0
0.909892 0.89905 -0.96561 4 5 0
0.909892 0.899032 -0.965641 4 5 0
0.909892 0.898874 -0.965641 4 5 0
0.909891 0.899021 -0.965605 4 5 0
0.909891 0.899054 -0.965594 4 5 0
0.909891 0.898817 -0.965599 4 5 0
0.90989 0.89853 -0.965631 4 5 0
0.90989 0.898668 -0.965658 4 5 0
0.90989 0.898997 -0.965715 4 5 0
0.909889 0.899056 -0.965711 4 5 0
0.909889 0.898999 -0.965701 4 5 0
0.909889 0.898768 -0.96564 4 5 0
0.909889 0.898454 -0.965605 4 5 0
0.909888 0.898762 -0.965566 4 5 0
0.909888 0.898879 -0.965612 4 5 0
0.909888 0.899025 -0.965571 4 5 0
0.909888 0.899052 -0.965522 4 5 0
0.909887 0.899038 -0.965708 4 5 0
0.909887 0.899045 -0.965706 4 5 0
0.909887 0.898931 -0.965698 4 5 0
0.909887 0.89904 -0.965643 4 5 0
0.909887 0.898918 -0.96561 4 5 0
0.909887 0.898675 -0.965574 4 5 0
0.909886 0.898964 -0.965682 4 5 0
0.909886 0.898754 -0.965661 4 5 0
0.909886 0.898423 -0.965632 4 5 0
0.909886 0.898522 -0.965648 4 5 0
0.909886 0.898678 -0.965671 4 5 0
0.909886 0.898925 -0.965688 4 5 0
0.909886 0.89891 -0.965657 4 5 0
0.909886 0.898657 -0.965627 4 5 0
0.909885 0.898506 -0.96559 4 5 0
0.909885 0.898941 -0.965663 4 5 0
0.909885 0.899049 -0.965682 4 5 0
0.909885 0.899028 -0.965695 4 5 0
0.909885 0.898996 -0.9657 4 5 0
0.909885 0.898807 -0.965701 4 5 0
0.909885 0.89849 -0.965695 4 5 0
0.909885 0.898339 -0.965698 4 5 0
0.909885 0.898681 -0.9657 4 5 0
0.909885 0.898932 -0.965696 4 5 0
0.909885 0.898609 -0.965625 4 5 0
0.909884 0.898581 -0.965587 4 5 0
0.909884 0.898873 -0.96557 4 5 0
0.909884 0.898921 -0.965582 4 5 0
0.909884 0.899045 -0.96557 4 5 0
0.909884 0.899033 -0.965607 4 5 0
0.909884 0.898963 -0.965645 4 5 0
0.909884 0.898736 -0.965669 4 5 0
0.909884 0.898384 -0.965686 4 5 0
0.909884 0.898767 -0.965671 4 5 0
0.909884 0.898982 -0.965687 4 5 0
0.909884 0.899056 -0.965696 4 5 0
0.909884 0.899024 -0.965571 4 5 0
0.909884 0.89886 -0.965573 4 5 0
0.909884 0.898557 -0.96561 4 5 0
0.909884 0.898599 -0.965627 4 5 0
0.909884 0.898624 -0.965655 4 5 0
0.909884 0.898906 -0.965676 4 5 0
0.909884 0.898631 -0.965691 4 5 0
0.909884 0.898912 -0.965697 4 5 0
0.909884 0.899044 -0.965696 4 5 0
0.909884 0.898785 -0.965687 4 5 0
0.909884 0.898995 -0.965696 4 5 0
0.909884 0.899056 -0.965697 4 5 0
0.909884 0.898788 -0.96566 4 5 0
0.909884 0.898997 -0.96568 4 5 0
0.909884 0.899055 -0.965692 4 5 0
0.909884 0.898999 -0.965697 4 5 0
0.909884 0.898792 -0.96569 4 5 0
0.909883 0.898437 -0.965676 4 5 0
0.909883 0.898506 -0.965669 4 5 0
0.909883 0.898843 -0.965643 4 5 0
0.909883 0.899023 -0.965607 4 5 0
0.909883 0.899019 -0.965664 4 5 0
0.909883 0.899049 -0.965636 4 5 0
0.909883 0.898922 -0.965598 4 5 0
0.909883 0.899047 -0.965677 4 5 0
0.909883 0.899022 -0.965691 4 5 0
0.909883 0.89884 -0.965697 4 5 0
0.909883 0.899051 -0.965697 4 5 0
0.909883 0.898928 -0.965694 4 5 0
0.909883 0.898646 -0.965682 4 5 0
0.909883 0.898797 -0.965695 4 5 0
0.909883 0.898429 -0.965685 4 5 0
0.909883 0.898523 -0.965666 4 5 0
0.909883 0.898793 -0.965547 4 5 0
0.909883 0.899006 -0.965592 4 5 0
0.909883 0.899052 -0.965628 4 5 0
0.909883 0.899056 -0.965595 4 5 0
0.909883 0.898957 -0.965546 4 5 0
0.909883 0.898691 -0.965591 4 5 0
0.909883 0.89881 -0.965574 4 5 0
0.909883 0.89844 -0.965598 4 5 0
0.909883 0.898728 -0.965634 4 5 0
0.909883 0.898574 -0.965594 4 5 0
0.909883 0.898644 -0.965574 4 5 0
0.909883 0.898938 -0.965615 4 5 0
0.909883 0.898875 -0.965666 4 5 0
0.909883 0.89904 -0.965685 4 5 0
0.909883 0.899028 -0.965695 4 5 0
0.909883 0.899049 -0.965686 4 5 0
0.909883 0.89901 -0.965695 4 5 0
0.909883 0.898793 -0.965695 4 5 0
0.909883 0.89903 -0.965569 4 5 0
0.909883 0.899037 -0.965605 4 5 0
0.909883 0.898862 -0.965641 4 5 0
0.909883 0.898881 -0.965694 4 5 0
0.909883 0.898539 -0.965683 4 5 0
0.909883 0.898661 -0.965661 4 5 0
0.909883 0.898978 -0.965642 4 5 0
0.909883 0.899056 -0.965669 4 5 0
0.909883 0.898945 -0.965687 4 5 0
0.909883 0.898946 -0.965592 4 5 0
0.909883 0.89865 -0.965544 4 5 0
0.909883 0.898501 -0.965592 4 5 0
0.909883 0.898537 -0.965678 4 5 0
0.909883 0.898891 -0.965692 4 5 0
0.909883 0.899048 -0.965697 4 5 0
0.909883 0.899056 -0.965643 4 5 0
0.909883 0.898959 -0.96567 4 5 0
0.909883 0.898666 -0.965688 4 5 0
0.909883 0.898896 -0.965691 4 5 0
0.909883 0.899049 -0.965676 4 5 0
0.909883 0.899002 -0.965649 4 5 0
0.909883 0.89902 -0.96569 4 5 0
0.909883 0.898799 -0.965696 4 5 0
0.909883 0.898378 -0.965692 4 5 0
0.909883 0.898585 -0.965696 4 5 0
0.909883 0.898474 -0.965694 4 5 0
0.909883 0.898865 -0.965681 4 5 0
0.909883 0.898759 -0.96564 4 5 0
0.909883 0.899008 -0.965669 4 5 0
0.909883 0.899045 -0.965688 4 5 0
0.909883 0.898886 -0.965608 4 5 0
0.909883 0.899049 -0.965556 4 5 0
0.909883 0.898997 -0.965569 4 5 0
0.909883 0.899043 -0.965662 4 5 0
0.909883 0.898859 -0.965684 4 5 0
0.909883 0.89846 -0.965695 4 5 0
0.909883 0.898935 -0.965628 4 5 0
0.909883 0.898596 -0.965661 4 5 0
0.909883 0.898638 -0.965684 4 5 0
0.909883 0.898551 -0.965687 4 5 0
0.909883 0.898695 -0.965696 4 5 0
0.909883 0.898988 -0.965693 4 5 0
0.909883 0.898716 -0.96569 4 5 0
0.909883 0.898997 -0.965696 4 5 0
0.909883 0.899047 -0.965691 4 5 0
0.909883 0.898597 -0.965643 4 5 0
0.909883 0.898703 -0.965672 4 5 0
0.909883 0.898994 -0.96569 4 5 0
0.909883 0.898713 -0.965695 4 5 0
0.909883 0.898999 -0.965694 4 5 0
0.909883 0.899045 -0.96568 4 5 0
0.909883 0.89905 -0.965692 4 5 0
0.909883 0.898874 -0.965676 4 5 0
0.909883 0.898459 -0.965645 4 5 0
0.909883 0.898424 -0.965651 4 5 0
0.909883 0.898776 -0.965609 4 5 0
0.909883 0.899026 -0.965552 4 5 0
0.909883 0.898837 -0.965696 4 5 0
0.909883 0.899044 -0.96569 4 5 0
0.909883 0.898998 -0.96567 4 5 0
0.909883 0.899056 -0.96566 4 5 0
0.909883 0.898935 -0.965621 4 5 0
0.909883 0.898561 -0.965566 4 5 0
0.909883 0.898985 -0.965696 4 5 0
0.909883 0.898666 -0.965685 4 5 0
0.909883 0.898511 -0.96566 4 5 0
0.909883 0.898763 -0.965684 4 5 0
0.909883 0.898378 -0.965658 4 5 0
0.909883 0.89885 -0.965617 4 5 0
0.909883 0.898715 -0.965661 4 5 0
0.909883 0.898438 -0.965685 4 5 0
0.909883 0.898885 -0.965696 4 5 0
0.909883 0.899002 -0.965628 4 5 0
0.909883 0.898694 -0.965574 4 5 0
0.909883 0.89844 -0.965596 4 5 0
0.909883 0.898598 -0.965603 4 5 0
0.909883 0.898586 -0.965647 4 5 0
0.909883 0.898962 -0.965677 4 5 0
0.909883 0.898801 -0.965571 4 5 0
0.909883 0.898289 -0.965623 4 5 0
0.909883 0.898815 -0.965661 4 5 0
0.909883 0.898657 -0.9656 4 5 0
0.909883 0.898516 -0.965645 4 5 0
0.909883 0.898935 -0.965677 4 5 0
0.909883 0.898642 -0.965608 4 5 0
0.909883 0.898533 -0.965652 4 5 0
0.909883 0.898946 -0.965681 4 5 0
0.909883 0.898623 -0.965681 4 5 0
0.909883 0.898986 -0.965695 4 5 0
0.909883 0.89904 -0.965694 4 5 0
0.909883 0.899045 -0.965696 4 5 0
0.909883 0.898973 -0.965692 4 5 0
0.909883 0.898591 -0.965672 4 5 0
0.909883 0.898794 -0.965669 4 5 0
0.909883 0.898235 -0.965691 4 5 0
0.909883 0.898756 -0.965696 4 5 0
0.909883 0.898429 -0.965664 4 5 0
0.909883 0.898739 -0.96562 4 5 0
0.909883 0.899032 -0.965557 4 5 0
0.909883 0.898466 -0.965685 4 5 0
0.909883 0.898929 -0.965656 4 5 0
0.909883 0.899054 -0.965608 4 5 0
0.909883 0.898784 -0.96558 4 5 0
0.909883 0.899045 -0.965633 4 5 0
0.909883 0.898964 -0.965671 4 5 0
0.909883 0.898817 -0.965684 4 5 0
0.909883 0.899051 -0.965653 4 5 0
0.909883 0.898938 -0.965603 4 5 0
0.909883 0.89873 -0.965622 4 5 0
0.909883 0.899034 -0.965557 4 5 0
0.909883 0.898982 -0.965568 4 5 0
0.909883 0.898998 -0.965613 4 5 0
0.909883 0.899022 -0.965658 4 5 0
0.909883 0.898686 -0.965687 4 5 0
0.909883 0.898852 -0.96555 4 5 0
0.909883 0.899056 -0.965559 4 5 0
0.909883 0.898889 -0.96562 4 5 0
0.909883 0.898943 -0.965573 4 5 0
0.909883 0.899047 -0.965631 4 5 0
0.909883 0.898772 -0.965671 4 5 0
0.909883 0.898955 -0.965555 4 5 0
0.909883 0.899042 -0.965617 4 5 0
0.909883 0.898742 -0.965663 4 5 0
0.909883 0.899049 -0.965657 4 5 0
0.909883 0.898778 -0.965687 4 5 0
0.909883 0.898539 -0.965696 4 5 0
0.909883 0.898883 -0.965645 4 5 0
0.909883 0.898381 -0.96568 4 5 0
0.909883 0.898922 -0.965696 4 5 0
0.909883 0.898383 -0.965692 4 5 0
0.909883 0.898899 -0.965695 4 5 0
0.909883 0.899052 -0.965675 4 5 0
0.909883 0.89885 -0.965657 4 5 0
0.909883 0.899056 -0.965687 4 5 0
0.909883 0.898836 -0.965696 4 5 0
0.909883 0.899052 -0.965661 4 5 0
0.909883 0.898894 -0.965689 4 5 0
0.909883 0.898345 -0.965696 4 5 0
0.909883 0.899021 -0.965632 4 5 0
0.909883 0.898624 -0.965674 4 5 0
0.909883 0.89873 -0.965695 4 5 0
0.909883 0.899032 -0.965565 4 5 0
0.909883 0.898657 -0.965629 4 5 0
0.909883 0.898702 -0.965673 4 5 0
0.909883 0.899048 -0.965568 4 5 0
0.909883 0.898904 -0.965633 4 5 0
0.909883 0.898344 -0.965676 4 5 0
0.909883 0.899034 -0.965615 4 5 0
0.909883 0.898941 -0.965665 4 5 0
0.909883 0.898372 -0.965692 4 5 0
0.909883 0.899052 -0.96561 4 5 0
0.909883 0.89887 -0.965662 4 5 0
0.909883 0.898423 -0.965691 4 5 0
0.909883 0.899051 -0.965504 4 5 0
0.909883 0.898871 -0.965588 4 5 0
0.909883 0.89843 -0.965648 4 5 0
0.909883 0.899004 -0.965612 4 5 0
0.909883 0.898977 -0.965525 4 5 0
0.909883 0.898433 -0.965571 4 5 0
0.909883 0.898938 -0.965628 4 5 0
0.909883 0.899026 -0.965547 4 5 0
0.909883 0.89858 -0.965563 4 5 0
0.909883 0.898924 -0.965646 4 5 0
0.909883 0.89903 -0.965575 4 5 0
0.909883 0.898588 -0.965537 4 5 0
0.909883 0.898939 -0.965653 4 5 0
0.909883 0.89902 -0.965585 4 5 0
0.909883 0.898538 -0.965528 4 5 0
0.909883 0.898981 -0.965649 4 5 0
0.909883 0.898986 -0.965576 4 5 0
0.909883 0.898414 -0.965539 4 5 0
0.909883 0.899017 -0.965655 4 5 0
0.909883 0.898936 -0.965585 4 5 0
0.909883 0.898328 -0.965529 4 5 0
0.909883 0.899027 -0.965667 4 5 0
0.909883 0.89891 -0.965604 4 5 0
0.909883 0.898402 -0.965506 4 5 0
0.909883 0.89905 -0.965655 4 5 0
0.909883 0.898823 -0.965582 4 5 0
0.909883 0.898568 -0.965536 4 5 0
0.909883 0.899056 -0.965647 4 5 0
0.909883 0.898716 -0.965568 4 5 0
0.909883 0.898711 -0.965551 4 5 0
0.909883 0.899039 -0.965638 4 5 0
0.909883 0.898557 -0.965552 4 5 0
0.909883 0.89885 -0.965566 4 5 0
0.909883 0.89905 -0.965684 4 5 0
0.909883 0.898613 -0.965633 4 5 0
0.909883 0.898819 -0.965541 4 5 0
0.909883 0.898996 -0.965602 4 5 0
0.909883 0.898353 -0.965528 4 5 0
0.909883 0.898967 -0.965618 4 5 0
0.909883 0.899005 -0.965683 4 5 0
0.909883 0.898369 -0.96563 4 5 0
0.909883 0.898966 -0.965533 4 5 0
0.909883 0.898964 -0.965636 4 5 0
0.909883 0.89837 -0.965542 4 5 0
0.909883 0.899015 -0.965584 4 5 0
0.909883 0.899033 -0.965697 4 5 0
0.909883 0.898456 -0.965677 4 5 0
0.909883 0.898941 -0.965613 4 5 0
0.909883 0.898941 -0.965604 4 5 0
0.909883 0.898458 -0.965537 4 5 0
0.909883 0.89904 -0.965629 4 5 0
0.909883 0.899032 -0.965678 4 5 0
0.909883 0.898417 -0.965696 4 5 0
0.909883 0.89897 -0.965671 4 5 0
0.909883 0.898906 -0.965585 4 5 0
0.909883 0.898563 -0.965565 4 5 0
0.909883 0.899055 -0.965649 4 5 0
0.909883 0.898952 -0.96569 4 5 0
0.909883 0.898481 -0.965692 4 5 0
0.909883 0.89905 -0.965645 4 5 0
0.909883 0.898997 -0.96569 4 5 0
0.909883 0.898368 -0.965638 4 5 0
0.909883 0.899038 -0.965532 4 5 0
0.909883 0.899054 -0.965671 4 5 0
0.909883 0.898514 -0.965697 4 5 0
0.909883 0.898957 -0.965672 4 5 0
0.909883 0.899056 -0.96569 4 5 0
0.909883 0.898553 -0.96569 4 5 0
0.909883 0.898948 -0.965635 4 5 0
0.909883 0.899036 -0.965696 4 5 0
0.909883 0.898321 -0.965659 4 5 0
0.909883 0.89903 -0.965562 4 5 0
0.909883 0.899056 -0.965639 4 5 0
0.909883 0.898557 -0.965691 4 5 0
0.909883 0.898964 -0.965688 4 5 0
0.909883 0.898955 -0.965537 4 5 0
0.909883 0.89887 -0.965641 4 5 0
0.909883 0.898727 -0.965692 4 5 0
0.909883 0.899001 -0.965634 4 5 0
0.909883 0.898778 -0.96569 4 5 0
0.909883 0.898848 -0.965687 4 5 0
0.909883 0.898872 -0.965545 4 5 0
0.909883 0.898932 -0.965599 4 5 0
0.909883 0.898668 -0.965677 4 5 0
0.909883 0.898682 -0.965658 4 5 0
0.909883 0.898964 -0.965696 4 5 0
0.909883 0.898808 -0.965668 4 5 0
0.909883 0.898849 -0.965686 4 5 0
0.909883 0.898859 -0.965689 4 5 0
0.909883 0.898915 -0.96562 4 5 0
0.909883 0.898941 -0.965683 4 5 0
0.909883 0.898761 -0.965599 4 5 0
0.909883 0.898968 -0.965603 4 5 0
0.909883 0.899053 -0.965677 4 5 0
0.909883 0.898431 -0.965693 4 5 0
0.909883 0.899053 -0.965632 4 5 0
0.909883 0.89903 -0.96556 4 5 0
0.909883 0.898561 -0.965664 4 5 0
0.909883 0.899038 -0.965696 4 5 0
0.909883 0.898999 -0.965695 4 5 0
0.909883 0.898637 -0.965668 4 5 0
0.909883 0.89903 -0.96555 4 5 0
0.909883 0.898601 -0.965681 4 5 0
0.909883 0.899051 -0.965689 4 5 0
0.909883 0.898353 -0.965606 4 5 0
0.909883 0.899053 -0.96569 4 5 0
0.909883 0.89862 -0.965608 4 5 0
0.909883 0.898976 -0.965554 4 5 0
0.909883 0.898183 -0.965673 4 5 0
0.909883 0.899056 -0.965553 4 5 0
0.909883 0.898551 -0.965609 4 5 0
0.909883 0.898836 -0.965556 4 5 0
0.909883 0.898795 -0.965671 4 5 0
0.909883 0.898826 -0.965692 4 5 0
0.909883 0.898807 -0.965696 4 5 0
0.909883 0.89869 -0.965638 4 5 0
0.909883 0.898886 -0.965536 4 5 0
0.909883 0.899012 -0.965586 4 5 0
0.909883 0.898599 -0.965686 4 5 0
0.909883 0.898919 -0.965678 4 5 0
0.909883 0.898458 -0.965691 4 5 0
0.909883 0.89897 -0.965591 4 5 0
0.909883 0.898836 -0.965582 4 5 0
0.909883 0.898997 -0.965666 4 5 0
0.909883 0.898344 -0.965691 4 5 0
0.909883 0.899056 -0.965584 4 5 0
0.909883 0.898833 -0.965568 4 5 0
0.909883 0.898958 -0.965684 4 5 0
0.909883 0.898385 -0.965673 4 5 0
0.909883 0.898831 -0.965658 4 5 0
0.909883 0.899055 -0.965692 4 5 0
0.909883 0.898702 -0.965579 4 5 0
0.909883 0.899052 -0.965583 4 5 0
0.909883 0.898873 -0.965691 4 5 0
0.909883 0.898451 -0.965654 4 5 0
0.909883 0.898669 -0.965516 4 5 0
0.909883 0.89868 -0.965672 4 5 0
0.909883 0.899054 -0.965679 4 5 0
0.909883 0.899036 -0.965562 4 5 0
0.909883 0.898877 -0.965689 4 5 0
0.909883 0.898311 -0.96565 4 5 0
0.909883 0.898514 -0.965605 4 5 0
0.909883 0.898989 -0.965696 4 5 0
0.909883 0.898987 -0.965603 4 5 0
0.909883 0.898928 -0.965594 4 5 0
0.909883 0.898483 -0.965696 4 5 0
0.909883 0.898659 -0.965601 4 5 0
0.909883 0.898474 -0.965696 4 5 0
0.909883 0.898875 -0.965569 4 5 0
0.909883 0.899054 -0.965639 4 5 0
0.909883 0.898567 -0.965665 4 5 0
0.909883 0.898857 -0.965672 4 5 0
0.909883 0.899032 -0.965514 4 5 0
0.909883 0.898727 -0.965679 4 5 0
0.909883 0.898412 -0.96546 4 5 0
0.909883 0.898489 -0.965675 4 5 0
0.909883 0.89894 -0.965468 4 5 0
0.909883 0.898795 -0.96568 4 5 0
0.909883 0.898545 -0.965637 4 5 0
0.909883 0.899051 -0.965486 4 5 0
0.909883 0.899019 -0.965688 4 5 0
0.909883 0.898936 -0.965607 4 5 0
0.909883 0.899056 -0.965649 4 5 0
0.909883 0.899049 -0.965603 4 5 0
0.909883 0.899004 -0.965688 4 5 0
0.909883 0.898883 -0.965598 4 5 0
0.909883 0.898803 -0.965644 4 5 0
0.909883 0.898663 -0.965659 4 5 0
0.909883 0.898282 -0.965546 4 5 0
0.909883 0.898055 -0.965688 4 5 0
0.909883 0.898142 -0.965563 4 5 0
0.909883 0.898953 -0.965684 4 5 0
0.909883 0.898916 -0.965567 4 5 0
0.909883 0.898901 -0.965668 4 5 0
0.909883 0.898317 -0.965688 4 5 0
0.909883 0.898021 -0.965475 4 5 0
0.909883 0.897709 -0.965697 4 5 0
0.909883 0.898226 -0.965676 4 5 0
0.909883 0.898721 -0.965584 4 5 0
0.909883 0.898983 -0.965661 4 5 0
0.909883 0.898874 -0.965642 4 5 0
0.909883 0.899048 -0.965676 4 5 0
0.909883 0.898709 -0.96551 4 5 0
0.909883 0.898612 -0.965515 4 5 0
0.909883 0.89905 -0.965688 4 5 0
0.909883 0.898823 -0.965619 4 5 0
0.909883 0.898204 -0.965678 4 5 0
0.909883 0.898632 -0.965666 4 5 0
0.909883 0.899044 -0.965455 4 5 0
0.909883 0.898682 -0.965687 4 5 0
0.909883 0.898911 -0.965519 4 5 0
0.909883 0.898463 -0.965623 4 5 0
0.909883 0.898688 -0.965694 4 5 0
0.909883 0.899056 -0.965531 4 5 0
0.909883 0.898442 -0.965573 4 5 0
0.909883 0.898789 -0.965619 4 5 0
0.909883 0.899051 -0.96568 4 5 0
0.909883 0.89905 -0.965321 4 5 0
0.909883 0.898239 -0.965533 4 5 0
0.909883 0.898395 -0.965596 4 5 0
0.909883 0.898413 -0.965658 4 5 0
0.909883 0.899041 -0.965554 4 5 0
0.909883 0.899049 -0.965605 4 5 0
0.909883 0.899052 -0.965682 4 5 0
0.909883 0.898064 -0.965534 4 5 0
0.909883 0.897824 -0.965552 4 5 0
0.909883 0.899003 -0.965274 4 5 0
0.909883 0.898331 -0.965662 4 5 0
0.909883 0.898985 -0.965686 4 5 0
0.909883 0.899043 -0.965691 4 5 0
0.909883 0.898076 -0.96552 4 5 0
0.909883 0.89903 -0.965522 4 5 0
0.909883 0.897859 -0.965488 4 5 0
0.909883 0.897603 -0.965409 4 5 0
0.909883 0.898857 -0.965395 4 5 0
0.909883 0.899032 -0.965299 4 5 0
0.909883 0.898928 -0.965297 4 5 0
0.909883 0.897838 -0.965695 4 5 0
0.909882 0.896835 -0.965627 4 5 0
0.909883 0.899008 -0.965301 4 5 0
0.909882 0.898812 -0.965067 4 5 0
0.909879 0.898974 -0.964877 4 5 0
0.909883 0.89885 -0.96568 4 5 0
0.909883 0.898234 -0.965344 4 5 0
0.909883 0.899056 -0.965577 4 5 0
0.909883 0.899027 -0.965644 4 5 0
0.909883 0.898825 -0.965667 4 5 0
0.909875 0.899055 -0.964768 4 5 0
0.909883 0.899044 -0.965686 4 5 0
0.909883 0.898678 -0.965672 4 5 0
0.909883 0.898452 -0.965267 4 5 0
0.909883 0.898963 -0.965545 4 5 0
0.909883 0.898863 -0.965539 4 5 0
0.909884 0.898999 -0.965677 4 5 0
0.909883 0.898988 -0.965624 4 5 0
0.909883 0.899029 -0.965671 4 5 0
0.909883 0.89858 -0.96556 4 5 0
0.909883 0.898883 -0.965646 4 5 0
