0.655556 0.1 0.1 2 2 3
0.656398 0.100842 0.100842 2 2 3
0.657248 0.101693 0.101693 2 2 3
0.658967 0.103412 0.103412 2 2 3
0.662487 0.106931 0.106931 2 2 3
0.667416 0.11186 0.11186 2 2 3
0.672531 0.116976 0.116976 2 2 3
0.677995 0.122439 0.122439 2 2 3
0.683838 0.128282 0.128282 2 2 3
0.690093 0.134537 0.134537 2 2 3
0.696796 0.141241 0.141241 2 2 3
0.703988 0.148433 0.148433 2 2 3
0.711713 0.156157 0.156157 2 2 3
0.720016 0.164461 0.164461 2 2 3
0.72895 0.173394 0.173394 2 2 3
0.738569 0.183013 0.183013 2 2 3
0.748931 0.193375 0.193375 2 2 3
0.760097 0.204541 0.204541 2 2 3
0.77213 0.216574 0.216574 2 2 3
0.785094 0.229538 0.229538 2 2 3
0.799052 0.243496 0.243496 2 2 3
0.814065 0.258509 0.258509 2 2 3
0.830188 0.274632 0.274632 2 2 3
0.847466 0.29191 0.29191 2 2 3
0.865936 0.31038 0.31038 2 2 3
0.885618 0.330062 0.330062 2 2 3
0.906517 0.350961 0.350961 2 2 3
0.92862 0.373064 0.373064 2 2 3
0.951898 0.396342 0.396342 2 2 3
0.976304 0.420748 0.420748 2 2 3
1.00178 0.446222 0.446222 2 2 3
1.02825 0.472694 0.472694 2 2 3
1.05564 0.500087 0.500087 2 2 3
1.08387 0.528318 0.528318 2 2 3
1.11286 0.55731 0.55731 2 2 3
1.14254 0.586982 0.586982 2 2 3
1.17282 0.617261 0.617261 2 2 3
1.20363 0.648079 0.648079 2 2 3
1.23493 0.679373 0.679373 2 2 3
1.26664 0.711088 0.711088 2 2 3
1.29873 0.743173 0.743173 2 2 3
1.33114 0.775586 0.775586 2 2 3
1.36384 0.808286 0.808286 2 2 3
1.39679 0.84124 0.84124 2 2 3
1.42997 0.874418 0.874418 2 2 3
1.46335 0.907795 0.907795 2 2 3
1.49672 0.941167 0.941167 2 2 3
1.53046 0.974906 0.974906 2 2 3
1.56433 1.00877 1.00877 2 2 3
1.59832 1.04277 1.04277 2 2 3
1.63242 1.07687 1.07687 2 2 3
1.66662 1.11106 1.11106 2 2 3
1.7009 1.14535 1.14535 2 2 3
1.73527 1.17971 1.17971 2 2 3
1.76971 1.21415 1.21415 2 2 3
1.80421 1.24865 1.24865 2 2 3
1.83877 1.28321 1.28321 2 2 3
1.87338 1.31782 1.31782 2 2 3
1.90804 1.35249 1.35249 2 2 3
1.94275 1.38719 1.38719 2 2 3
1.9775 1.42194 1.42194 2 2 3
2.01228 1.45673 1.45673 2 2 3
2.0471 1.49155 1.49155 2 2 3
2.08195 1.5264 1.5264 2 2 3
2.11683 1.56128 1.56128 2 2 3
2.15174 1.59619 1.59619 2 2 3
2.18667 1.63112 1.63112 2 2 3
2.22163 1.66607 1.66607 2 2 3
2.2566 1.70105 1.70105 2 2 3
2.2916 1.73604 1.73604 2 2 3
2.32661 1.77106 1.77106 2 2 3
2.36165 1.80609 1.80609 2 2 3
2.39669 1.84114 1.84114 2 2 3
2.43176 1.8762 1.8762 2 2 3
2.46683 1.91128 1.91128 2 2 3
2.50192 1.94637 1.94637 2 2 3
2.53703 1.98147 1.98147 2 2 3
2.57214 2.01658 2.01658 2 2 3
2.60726 2.05171 2.05171 2 2 3
2.6424 2.08684 2.08684 2 2 3
2.67754 2.12199 2.12199 2 2 3
2.7127 2.15714 2.15714 2 2 3
2.74786 2.1923 2.1923 2 2 3
2.78303 2.22747 2.22747 2 2 3
2.81821 2.26265 2.26265 2 2 3
2.85339 2.29783 2.29783 2 2 3
2.88858 2.33303 2.33303 2 2 3
2.92378 2.36822 2.36822 2 2 3
2.95898 2.40343 2.40343 2 2 3
2.99419 2.43864 2.43864 2 2 3
3.02941 2.47385 2.47385 2 2 3
3.06463 2.50907 2.50907 2 2 3
3.09985 2.5443 2.5443 2 2 3
3.13508 2.57953 2.57953 2 2 3
3.17032 2.61476 2.61476 2 2 3
3.20555 2.65 2.65 2 2 3
3.2408 2.68524 2.68524 2 2 3
3.27604 2.72049 2.72049 2 2 3
3.31129 2.75574 2.75574 2 2 3
3.34655 2.79099 2.79099 2 2 3
3.3818 2.82625 2.82625 2 2 3
3.41706 2.86151 2.86151 2 2 3
3.45233 2.89677 2.89677 2 2 3
3.48759 2.93204 2.93204 2 2 3
3.52286 2.96731 2.96731 2 2 3
3.55813 3.00258 3.00258 2 2 3
3.59341 3.03785 3.03785 2 2 3
3.62868 3.07313 3.07313 2 2 3
3.66396 3.10841 3.10841 2 2 3
3.69924 3.14369 3.14369 2 2 3
3.73453 3.17897 3.17897 2 2 3
3.76981 3.21426 3.21426 2 2 3
3.8051 3.24955 3.24955 2 2 3
3.84039 3.28483 3.28483 2 2 3
3.87568 3.32013 3.32013 2 2 3
3.91097 3.35542 3.35542 2 2 3
3.94627 3.39071 3.39071 2 2 3
3.98157 3.42601 3.42601 2 2 3
4.01686 3.46131 3.46131 2 2 3
4.05216 3.49661 3.49661 2 2 3
4.08747 3.53191 3.53191 2 2 3
4.12277 3.56721 3.56721 2 2 3
4.15807 3.60252 3.60252 2 2 3
4.19338 3.63782 3.63782 2 2 3
4.22868 3.67313 3.67313 2 2 3
4.26399 3.70844 3.70844 2 2 3
4.2993 3.74375 3.74375 2 2 3
4.33461 3.77906 3.77906 2 2 3
4.36992 3.81437 3.81437 2 2 3
4.40524 3.84968 3.84968 2 2 3
4.44055 3.88499 3.88499 2 2 3
4.47586 3.92031 3.92031 2 2 3
4.51118 3.95562 3.95562 2 2 3
4.5465 3.99094 3.99094 2 2 3
4.58181 4.02626 4.02626 2 2 3
4.61713 4.06158 4.06158 2 2 3
4.65245 4.09689 4.09689 2 2 3
4.68777 4.13221 4.13221 2 2 3
4.72309 4.16754 4.16754 2 2 3
4.75841 4.20286 4.20286 2 2 3
4.79373 4.23818 4.23818 2 2 3
4.82906 4.2735 4.2735 2 2 3
4.86438 4.30883 4.30883 2 2 3
4.89971 4.34415 4.34415 2 2 3
4.93503 4.37948 4.37948 2 2 3
4.97036 4.4148 4.4148 2 2 3
5.00568 4.45013 4.45013 2 2 3
0.655556 0.1 0.1 2 2 3
0.654718 0.0991628 0.0991628 2 2 3
0.653889 0.0983332 0.0983332 2 2 3
0.652248 0.096692 0.096692 2 2 3
0.64904 0.0934843 0.0934843 2 2 3
0.645458 0.0899028 0.0899028 2 2 3
0.641973 0.0864176 0.0864176 2 2 3
0.638685 0.0831289 0.0831289 2 2 3
0.635578 0.0800226 0.0800226 2 2 3
0.632641 0.0770855 0.0770855 2 2 3
0.629704 0.0741485 0.0741485 2 2 3
0.627082 0.0715262 0.0715262 2 2 3
0.624595 0.0690396 0.0690396 2 2 3
0.622235 0.0666796 0.0666796 2 2 3
0.619993 0.0644378 0.0644378 2 2 3
0.617862 0.0623066 0.0623066 2 2 3
0.615834 0.0602788 0.0602788 2 2 3
0.613903 0.0583479 0.0583479 2 2 3
0.612063 0.0565079 0.0565079 2 2 3
0.610309 0.0547533 0.0547533 2 2 3
0.608634 0.0530787 0.0530787 2 2 3
0.607035 0.0514796 0.0514796 2 2 3
0.605507 0.0499514 0.0499514 2 2 3
0.604046 0.0484901 0.0484901 2 2 3
0.602647 0.0470917 0.0470917 2 2 3
0.601308 0.0457529 0.0457529 2 2 3
0.600026 0.0444701 0.0444701 2 2 3
0.598796 0.0432405 0.0432405 2 2 3
0.597617 0.042061 0.042061 2 2 3
0.596485 0.040929 0.040929 2 2 3
0.595398 0.0398421 0.0398421 2 2 3
0.594353 0.0387977 0.0387977 2 2 3
0.593349 0.0377939 0.0377939 2 2 3
0.592384 0.0368284 0.0368284 2 2 3
0.591455 0.0358994 0.0358994 2 2 3
0.590561 0.0350051 0.0350051 2 2 3
0.589699 0.0341437 0.0341437 2 2 3
0.588869 0.0333137 0.0333137 2 2 3
0.588069 0.0325135 0.0325135 2 2 3
0.587297 0.0317418 0.0317418 2 2 3
0.586553 0.0309972 0.0309972 2 2 3
0.585834 0.0302785 0.0302785 2 2 3
0.58514 0.0295845 0.0295845 2 2 3
0.58447 0.028914 0.028914 2 2 3
0.583822 0.028266 0.028266 2 2 3
0.583195 0.0276396 0.0276396 2 2 3
0.582589 0.0270337 0.0270337 2 2 3
0.582003 0.0264476 0.0264476 2 2 3
0.581436 0.0258802 0.0258802 2 2 3
0.580887 0.025331 0.025331 2 2 3
0.580355 0.024799 0.024799 2 2 3
0.579839 0.0242836 0.0242836 2 2 3
0.57934 0.023784 0.023784 2 2 3
0.578855 0.0232998 0.0232998 2 2 3
0.578386 0.0228301 0.0228301 2 2 3
0.57793 0.0223745 0.0223745 2 2 3
0.577488 0.0219324 0.0219324 2 2 3
0.577059 0.0215033 0.0215033 2 2 3
0.576642 0.0210866 0.0210866 2 2 3
0.576237 0.0206819 0.0206819 2 2 3
0.575844 0.0202888 0.0202888 2 2 3
0.575462 0.0199067 0.0199067 2 2 3
0.575091 0.0195354 0.0195354 2 2 3
0.57473 0.0191743 0.0191743 2 2 3
0.574379 0.0188231 0.0188231 2 2 3
0.574037 0.0184815 0.0184815 2 2 3
0.573705 0.0181491 0.0181491 2 2 3
0.573381 0.0178256 0.0178256 2 2 3
0.573066 0.0175107 0.0175107 2 2 3
0.57276 0.017204 0.017204 2 2 3
0.572461 0.0169053 0.0169053 2 2 3
0.57217 0.0166144 0.0166144 2 2 3
0.571886 0.0163308 0.0163308 2 2 3
0.57161 0.0160545 0.0160545 2 2 3
0.571341 0.0157851 0.0157851 2 2 3
0.571078 0.0155225 0.0155225 2 2 3
0.570822 0.0152663 0.0152663 2 2 3
0.570572 0.0150164 0.0150164 2 2 3
0.570328 0.0147726 0.0147726 2 2 3
0.57009 0.0145347 0.0145347 2 2 3
0.569858 0.0143025 0.0143025 2 2 3
0.569631 0.0140758 0.0140758 2 2 3
0.56941 0.0138545 0.0138545 2 2 3
0.569194 0.0136383 0.0136383 2 2 3
0.568983 0.0134272 0.0134272 2 2 3
0.568776 0.0132209 0.0132209 2 2 3
0.568575 0.0130193 0.0130193 2 2 3
0.568378 0.0128223 0.0128223 2 2 3
0.568185 0.0126298 0.0126298 2 2 3
0.567997 0.0124415 0.0124415 2 2 3
0.567813 0.0122575 0.0122575 2 2 3
0.567633 0.0120774 0.0120774 2 2 3
0.567457 0.0119014 0.0119014 2 2 3
0.567285 0.0117291 0.0117291 2 2 3
0.567116 0.0115606 0.0115606 2 2 3
0.566951 0.0113956 0.0113956 2 2 3
0.56679 0.0112342 0.0112342 2 2 3
0.566632 0.0110761 0.0110761 2 2 3
0.566477 0.0109214 0.0109214 2 2 3
0.566325 0.0107699 0.0107699 2 2 3
0.566177 0.0106216 0.0106216 2 2 3
0.566032 0.0104762 0.0104762 2 2 3
0.565889 0.0103339 0.0103339 2 2 3
0.56575 0.0101944 0.0101944 2 2 3
0.565613 0.0100577 0.0100577 2 2 3
0.565479 0.00992375 0.00992375 2 2 3
0.565348 0.00979246 0.00979246 2 2 3
0.565219 0.00966375 0.00966375 2 2 3
0.565093 0.00953757 0.00953757 2 2 3
0.564969 0.00941384 0.00941384 2 2 3
0.564848 0.00929251 0.00929251 2 2 3
0.564729 0.0091735 0.0091735 2 2 3
0.564612 0.00905677 0.00905677 2 2 3
0.564498 0.00894225 0.00894225 2 2 3
0.564385 0.00882989 0.00882989 2 2 3
0.564275 0.00871963 0.00871963 2 2 3
0.564167 0.00861142 0.00861142 2 2 3
0.564061 0.00850522 0.00850522 2 2 3
0.563957 0.00840097 0.00840097 2 2 3
0.563854 0.00829862 0.00829862 2 2 3
0.563754 0.00819813 0.00819813 2 2 3
0.563655 0.00809946 0.00809946 2 2 3
0.563558 0.00800255 0.00800255 2 2 3
0.563463 0.00790738 0.00790738 2 2 3
0.563369 0.00781389 0.00781389 2 2 3
0.563278 0.00772205 0.00772205 2 2 3
0.563187 0.00763182 0.00763182 2 2 3
0.563099 0.00754316 0.00754316 2 2 3
0.563012 0.00745604 0.00745604 2 2 3
0.562926 0.00737042 0.00737042 2 2 3
0.562842 0.00728626 0.00728626 2 2 3
0.562759 0.00720354 0.00720354 2 2 3
0.562678 0.00712222 0.00712222 2 2 3
0.562598 0.00704227 0.00704227 2 2 3
0.562519 0.00696365 0.00696365 2 2 3
0.562442 0.00688635 0.00688635 2 2 3
0.562366 0.00681032 0.00681032 2 2 3
0.562291 0.00673555 0.00673555 2 2 3
0.562218 0.006662 0.006662 2 2 3
0.562145 0.00658965 0.00658965 2 2 3
0.562074 0.00651847 0.00651847 2 2 3
0.562004 0.00644844 0.00644844 2 2 3
0.561935 0.00637953 0.00637953 2 2 3
0.561867 0.00631172 0.00631172 2 2 3
0.561801 0.00624499 0.00624499 2 2 3
0.561735 0.00617931 0.00617931 2 2 3
0.56167 0.00611466 0.00611466 2 2 3
0.561607 0.00605101 0.00605101 2 2 3
0.561544 0.00598836 0.00598836 2 2 3
0.561482 0.00592667 0.00592667 2 2 3
0.561421 0.00586594 0.00586594 2 2 3
0.561362 0.00580613 0.00580613 2 2 3
0.561303 0.00574723 0.00574723 2 2 3
0.561245 0.00568922 0.00568922 2 2 3
0.561188 0.00563209 0.00563209 2 2 3
0.561131 0.00557581 0.00557581 2 2 3
0.561076 0.00552037 0.00552037 2 2 3
0.561021 0.00546576 0.00546576 2 2 3
0.560968 0.00541195 0.00541195 2 2 3
0.560914 0.00535893 0.00535893 2 2 3
0.560862 0.00530669 0.00530669 2 2 3
0.560811 0.00525521 0.00525521 2 2 3
0.56076 0.00520447 0.00520447 2 2 3
0.56071 0.00515446 0.00515446 2 2 3
0.560661 0.00510518 0.00510518 2 2 3
0.560612 0.00505659 0.00505659 2 2 3
0.560564 0.0050087 0.0050087 2 2 3
0.560517 0.00496148 0.00496148 2 2 3
0.56047 0.00491492 0.00491492 2 2 3
0.560425 0.00486902 0.00486902 2 2 3
0.560379 0.00482376 0.00482376 2 2 3
0.560335 0.00477913 0.00477913 2 2 3
0.560291 0.00473511 0.00473511 2 2 3
0.560247 0.0046917 0.0046917 2 2 3
0.560204 0.00464888 0.00464888 2 2 3
0.560162 0.00460665 0.00460665 2 2 3
0.560121 0.00456499 0.00456499 2 2 3
0.560079 0.00452389 0.00452389 2 2 3
0.560039 0.00448335 0.00448335 2 2 3
0.559999 0.00444334 0.00444334 2 2 3
0.559959 0.00440387 0.00440387 2 2 3
0.55992 0.00436493 0.00436493 2 2 3
0.559882 0.0043265 0.0043265 2 2 3
0.559844 0.00428857 0.00428857 2 2 3
0.559807 0.00425114 0.00425114 2 2 3
0.55977 0.0042142 0.0042142 2 2 3
0.559733 0.00417773 0.00417773 2 2 3
0.559697 0.00414174 0.00414174 2 2 3
0.559662 0.00410621 0.00410621 2 2 3
0.559627 0.00407114 0.00407114 2 2 3
0.559592 0.00403651 0.00403651 2 2 3
0.559558 0.00400233 0.00400233 2 2 3
0.559524 0.00396858 0.00396858 2 2 3
0.559491 0.00393525 0.00393525 2 2 3
0.559458 0.00390234 0.00390234 2 2 3
0.559425 0.00386984 0.00386984 2 2 3
0.559393 0.00383774 0.00383774 2 2 3
0.559362 0.00380604 0.00380604 2 2 3
0.55933 0.00377474 0.00377474 2 2 3
0.559299 0.00374382 0.00374382 2 2 3
0.559269 0.00371327 0.00371327 2 2 3
0.559239 0.0036831 0.0036831 2 2 3
0.559209 0.0036533 0.0036533 2 2 3
0.559179 0.00362385 0.00362385 2 2 3
0.55915 0.00359476 0.00359476 2 2 3
0.559122 0.00356602 0.00356602 2 2 3
0.559093 0.00353762 0.00353762 2 2 3
0.559065 0.00350956 0.00350956 2 2 3
0.559037 0.00348184 0.00348184 2 2 3
0.55901 0.00345444 0.00345444 2 2 3
0.558983 0.00342736 0.00342736 2 2 3
0.558956 0.0034006 0.0034006 2 2 3
0.55893 0.00337415 0.00337415 2 2 3
0.558904 0.00334801 0.00334801 2 2 3
0.558878 0.00332217 0.00332217 2 2 3
0.558852 0.00329663 0.00329663 2 2 3
0.558827 0.00327138 0.00327138 2 2 3
0.558802 0.00324642 0.00324642 2 2 3
0.558777 0.00322175 0.00322175 2 2 3
0.558753 0.00319735 0.00319735 2 2 3
0.558729 0.00317324 0.00317324 2 2 3
0.558705 0.00314939 0.00314939 2 2 3
0.558681 0.00312581 0.00312581 2 2 3
0.558658 0.0031025 0.0031025 2 2 3
0.558635 0.00307944 0.00307944 2 2 3
0.558612 0.00305665 0.00305665 2 2 3
0.55859 0.0030341 0.0030341 2 2 3
0.558567 0.0030118 0.0030118 2 2 3
0.558545 0.00298975 0.00298975 2 2 3
0.558523 0.00296794 0.00296794 2 2 3
0.558502 0.00294636 0.00294636 2 2 3
0.558481 0.00292502 0.00292502 2 2 3
0.558459 0.00290392 0.00290392 2 2 3
0.558439 0.00288304 0.00288304 2 2 3
0.558418 0.00286238 0.00286238 2 2 3
0.558397 0.00284194 0.00284194 2 2 3
0.558377 0.00282173 0.00282173 2 2 3
0.558357 0.00280173 0.00280173 2 2 3
0.558337 0.00278194 0.00278194 2 2 3
0.558318 0.00276235 0.00276235 2 2 3
0.558299 0.00274298 0.00274298 2 2 3
0.558279 0.00272381 0.00272381 2 2 3
0.55826 0.00270483 0.00270483 2 2 3
0.558242 0.00268606 0.00268606 2 2 3
0.558223 0.00266748 0.00266748 2 2 3
0.558205 0.00264909 0.00264909 2 2 3
0.558186 0.0026309 0.0026309 2 2 3
0.558168 0.00261289 0.00261289 2 2 3
0.558151 0.00259506 0.00259506 2 2 3
0.558133 0.00257741 0.00257741 2 2 3
0.558116 0.00255995 0.00255995 2 2 3
0.558098 0.00254266 0.00254266 2 2 3
0.558081 0.00252555 0.00252555 2 2 3
0.558064 0.0025086 0.0025086 2 2 3
0.558047 0.00249183 0.00249183 2 2 3
0.558031 0.00247523 0.00247523 2 2 3
0.558014 0.00245879 0.00245879 2 2 3
0.557998 0.00244251 0.00244251 2 2 3
0.557982 0.0024264 0.0024264 2 2 3
0.557966 0.00241044 0.00241044 2 2 3
0.55795 0.00239464 0.00239464 2 2 3
0.557935 0.002379 0.002379 2 2 3
0.557919 0.00236351 0.00236351 2 2 3
0.557904 0.00234817 0.00234817 2 2 3
0.557889 0.00233298 0.00233298 2 2 3
0.557873 0.00231793 0.00231793 2 2 3
0.557859 0.00230303 0.00230303 2 2 3
0.557844 0.00228828 0.00228828 2 2 3
0.557829 0.00227366 0.00227366 2 2 3
0.557815 0.00225919 0.00225919 2 2 3
0.5578 0.00224485 0.00224485 2 2 3
0.557786 0.00223065 0.00223065 2 2 3
0.557772 0.00221658 0.00221658 2 2 3
0.557758 0.00220264 0.00220264 2 2 3
0.557744 0.00218884 0.00218884 2 2 3
0.557731 0.00217517 0.00217517 2 2 3
0.557717 0.00216162 0.00216162 2 2 3
0.557704 0.0021482 0.0021482 2 2 3
0.55769 0.0021349 0.0021349 2 2 3
0.557677 0.00212173 0.00212173 2 2 3
0.557664 0.00210868 0.00210868 2 2 3
0.557651 0.00209575 0.00209575 2 2 3
0.557638 0.00208294 0.00208294 2 2 3
0.557626 0.00207024 0.00207024 2 2 3
0.557613 0.00205766 0.00205766 2 2 3
0.557601 0.0020452 0.0020452 2 2 3
0.557588 0.00203284 0.00203284 2 2 3
0.557576 0.0020206 0.0020206 2 2 3
0.557564 0.00200847 0.00200847 2 2 3
0.557552 0.00199645 0.00199645 2 2 3
0.55754 0.00198454 0.00198454 2 2 3
0.557528 0.00197273 0.00197273 2 2 3
0.557517 0.00196103 0.00196103 2 2 3
0.557505 0.00194943 0.00194943 2 2 3
0.557493 0.00193793 0.00193793 2 2 3
0.557482 0.00192654 0.00192654 2 2 3
0.557471 0.00191524 0.00191524 2 2 3
0.55746 0.00190405 0.00190405 2 2 3
0.557449 0.00189295 0.00189295 2 2 3
0.557438 0.00188195 0.00188195 2 2 3
0.557427 0.00187104 0.00187104 2 2 3
0.557416 0.00186023 0.00186023 2 2 3
0.557405 0.00184951 0.00184951 2 2 3
0.557394 0.00183889 0.00183889 2 2 3
0.557384 0.00182835 0.00182835 2 2 3
0.557373 0.00181791 0.00181791 2 2 3
0.557363 0.00180756 0.00180756 2 2 3
0.557353 0.00179729 0.00179729 2 2 3
0.557343 0.00178711 0.00178711 2 2 3
0.557333 0.00177702 0.00177702 2 2 3
0.557323 0.00176701 0.00176701 2 2 3
0.557313 0.00175709 0.00175709 2 2 3
0.557303 0.00174725 0.00174725 2 2 3
0.557293 0.00173749 0.00173749 2 2 3
0.557283 0.00172781 0.00172781 2 2 3
0.557274 0.00171822 0.00171822 2 2 3
0.557264 0.0017087 0.0017087 2 2 3
0.557255 0.00169927 0.00169927 2 2 3
0.557245 0.00168991 0.00168991 2 2 3
0.557236 0.00168063 0.00168063 2 2 3
0.557227 0.00167142 0.00167142 2 2 3
0.557218 0.00166229 0.00166229 2 2 3
0.557209 0.00165324 0.00165324 2 2 3
0.5572 0.00164425 0.00164425 2 2 3
0.557191 0.00163535 0.00163535 2 2 3
0.557182 0.00162651 0.00162651 2 2 3
0.557173 0.00161774 0.00161774 2 2 3
0.557165 0.00160905 0.00160905 2 2 3
0.557156 0.00160042 0.00160042 2 2 3
0.557147 0.00159187 0.00159187 2 2 3
0.557139 0.00158338 0.00158338 2 2 3
0.557131 0.00157496 0.00157496 2 2 3
0.557122 0.00156661 0.00156661 2 2 3
0.557114 0.00155833 0.00155833 2 2 3
0.557106 0.00155011 0.00155011 2 2 3
0.557098 0.00154195 0.00154195 2 2 3
0.557089 0.00153386 0.00153386 2 2 3
0.557081 0.00152583 0.00152583 2 2 3
0.557073 0.00151787 0.00151787 2 2 3
0.557066 0.00150996 0.00150996 2 2 3
0.557058 0.00150212 0.00150212 2 2 3
0.55705 0.00149434 0.00149434 2 2 3
0.557042 0.00148662 0.00148662 2 2 3
0.557035 0.00147896 0.00147896 2 2 3
0.557027 0.00147136 0.00147136 2 2 3
0.557019 0.00146382 0.00146382 2 2 3
0.557012 0.00145633 0.00145633 2 2 3
0.557004 0.0014489 0.0014489 2 2 3
0.556997 0.00144153 0.00144153 2 2 3
0.55699 0.00143422 0.00143422 2 2 3
0.556983 0.00142696 0.00142696 2 2 3
0.556975 0.00141975 0.00141975 2 2 3
0.556968 0.0014126 0.0014126 2 2 3
0.556961 0.00140551 0.00140551 2 2 3
0.556954 0.00139847 0.00139847 2 2 3
0.556947 0.00139148 0.00139148 2 2 3
0.55694 0.00138454 0.00138454 2 2 3
0.556933 0.00137765 0.00137765 2 2 3
0.556926 0.00137082 0.00137082 2 2 3
0.55692 0.00136403 0.00136403 2 2 3
0.556913 0.0013573 0.0013573 2 2 3
0.556906 0.00135062 0.00135062 2 2 3
0.5569 0.00134398 0.00134398 2 2 3
0.556893 0.0013374 0.0013374 2 2 3
0.556886 0.00133086 0.00133086 2 2 3
0.55688 0.00132437 0.00132437 2 2 3
0.556873 0.00131793 0.00131793 2 2 3
0.556867 0.00131153 0.00131153 2 2 3
0.556861 0.00130518 0.00130518 2 2 3
0.556854 0.00129888 0.00129888 2 2 3
0.556848 0.00129262 0.00129262 2 2 3
0.556842 0.00128641 0.00128641 2 2 3
0.556836 0.00128024 0.00128024 2 2 3
0.55683 0.00127412 0.00127412 2 2 3
0.556824 0.00126804 0.00126804 2 2 3
0.556818 0.001262 0.001262 2 2 3
0.556812 0.00125601 0.00125601 2 2 3
0.556806 0.00125006 0.00125006 2 2 3
0.5568 0.00124415 0.00124415 2 2 3
0.556794 0.00123828 0.00123828 2 2 3
0.556788 0.00123246 0.00123246 2 2 3
0.556782 0.00122667 0.00122667 2 2 3
0.556776 0.00122093 0.00122093 2 2 3
0.556771 0.00121522 0.00121522 2 2 3
0.556765 0.00120956 0.00120956 2 2 3
0.556759 0.00120394 0.00120394 2 2 3
0.556754 0.00119835 0.00119835 2 2 3
0.556748 0.00119281 0.00119281 2 2 3
0.556743 0.0011873 0.0011873 2 2 3
0.556737 0.00118183 0.00118183 2 2 3
0.556732 0.0011764 0.0011764 2 2 3
0.556727 0.001171 0.001171 2 2 3
0.556721 0.00116564 0.00116564 2 2 3
0.556716 0.00116032 0.00116032 2 2 3
0.556711 0.00115504 0.00115504 2 2 3
0.556705 0.00114979 0.00114979 2 2 3
0.5567 0.00114458 0.00114458 2 2 3
0.556695 0.0011394 0.0011394 2 2 3
0.55669 0.00113426 0.00113426 2 2 3
0.556685 0.00112915 0.00112915 2 2 3
0.55668 0.00112408 0.00112408 2 2 3
0.556675 0.00111904 0.00111904 2 2 3
0.55667 0.00111403 0.00111403 2 2 3
0.556665 0.00110906 0.00110906 2 2 3
0.55666 0.00110412 0.00110412 2 2 3
0.556655 0.00109921 0.00109921 2 2 3
0.55665 0.00109434 0.00109434 2 2 3
0.556645 0.0010895 0.0010895 2 2 3
0.55664 0.00108469 0.00108469 2 2 3
0.556635 0.00107992 0.00107992 2 2 3
0.556631 0.00107517 0.00107517 2 2 3
0.556626 0.00107046 0.00107046 2 2 3
0.556621 0.00106577 0.00106577 2 2 3
0.556617 0.00106112 0.00106112 2 2 3
0.556612 0.0010565 0.0010565 2 2 3
0.556607 0.00105191 0.00105191 2 2 3
0.556603 0.00104734 0.00104734 2 2 3
0.556598 0.00104281 0.00104281 2 2 3
0.556594 0.00103831 0.00103831 2 2 3
0.556589 0.00103383 0.00103383 2 2 3
0.556585 0.00102939 0.00102939 2 2 3
0.556581 0.00102497 0.00102497 2 2 3
0.556576 0.00102058 0.00102058 2 2 3
0.556572 0.00101622 0.00101622 2 2 3
0.556567 0.00101189 0.00101189 2 2 3
0.556563 0.00100759 0.00100759 2 2 3
0.556559 0.00100331 0.00100331 2 2 3
0.556555 0.000999058 0.000999058 2 2 3
0.55655 0.000994835 0.000994835 2 2 3
0.556546 0.000990638 0.000990638 2 2 3
0.556542 0.000986468 0.000986468 2 2 3
0.556538 0.000982325 0.000982325 2 2 3
0.556534 0.000978207 0.000978207 2 2 3
0.55653 0.000974115 0.000974115 2 2 3
0.556526 0.000970049 0.000970049 2 2 3
0.556522 0.000966008 0.000966008 2 2 3
0.556518 0.000961993 0.000961993 2 2 3
0.556514 0.000958002 0.000958002 2 2 3
0.55651 0.000954036 0.000954036 2 2 3
0.556506 0.000950095 0.000950095 2 2 3
0.556502 0.000946178 0.000946178 2 2 3
0.556498 0.000942286 0.000942286 2 2 3
0.556494 0.000938417 0.000938417 2 2 3
0.55649 0.000934572 0.000934572 2 2 3
0.556486 0.000930751 0.000930751 2 2 3
0.556483 0.000926953 0.000926953 2 2 3
0.556479 0.000923178 0.000923178 2 2 3
0.556475 0.000919426 0.000919426 2 2 3
0.556471 0.000915697 0.000915697 2 2 3
0.556468 0.000911991 0.000911991 2 2 3
0.556464 0.000908307 0.000908307 2 2 3
0.55646 0.000904646 0.000904646 2 2 3
0.556457 0.000901006 0.000901006 2 2 3
0.556453 0.000897389 0.000897389 2 2 3
0.556449 0.000893793 0.000893793 2 2 3
0.556446 0.000890219 0.000890219 2 2 3
0.556442 0.000886666 0.000886666 2 2 3
0.556439 0.000883134 0.000883134 2 2 3
0.556435 0.000879624 0.000879624 2 2 3
0.556432 0.000876134 0.000876134 2 2 3
0.556428 0.000872665 0.000872665 2 2 3
0.556425 0.000869217 0.000869217 2 2 3
0.556421 0.000865789 0.000865789 2 2 3
0.556418 0.000862381 0.000862381 2 2 3
0.556415 0.000858994 0.000858994 2 2 3
0.556411 0.000855626 0.000855626 2 2 3
0.556408 0.000852278 0.000852278 2 2 3
0.556405 0.00084895 0.00084895 2 2 3
0.556401 0.000845641 0.000845641 2 2 3
0.556398 0.000842351 0.000842351 2 2 3
0.556395 0.000839081 0.000839081 2 2 3
0.556391 0.000835829 0.000835829 2 2 3
0.556388 0.000832597 0.000832597 2 2 3
0.556385 0.000829383 0.000829383 2 2 3
0.556382 0.000826188 0.000826188 2 2 3
0.556379 0.000823011 0.000823011 2 2 3
0.556375 0.000819852 0.000819852 2 2 3
0.556372 0.000816712 0.000816712 2 2 3
0.556369 0.000813589 0.000813589 2 2 3
0.556366 0.000810485 0.000810485 2 2 3
0.556363 0.000807398 0.000807398 2 2 3
0.55636 0.000804329 0.000804329 2 2 3
0.556357 0.000801277 0.000801277 2 2 3
0.556354 0.000798243 0.000798243 2 2 3
0.556351 0.000795226 0.000795226 2 2 3
0.556348 0.000792226 0.000792226 2 2 3
0.556345 0.000789242 0.000789242 2 2 3
0.556342 0.000786276 0.000786276 2 2 3
0.556339 0.000783326 0.000783326 2 2 3
0.556336 0.000780393 0.000780393 2 2 3
0.556333 0.000777477 0.000777477 2 2 3
0.55633 0.000774576 0.000774576 2 2 3
0.556327 0.000771692 0.000771692 2 2 3
0.556324 0.000768824 0.000768824 2 2 3
0.556322 0.000765972 0.000765972 2 2 3
0.556319 0.000763136 0.000763136 2 2 3
0.556316 0.000760315 0.000760315 2 2 3
0.556313 0.00075751 0.00075751 2 2 3
0.55631 0.000754721 0.000754721 2 2 3
0.556308 0.000751947 0.000751947 2 2 3
0.556305 0.000749188 0.000749188 2 2 3
0.556302 0.000746445 0.000746445 2 2 3
0.556299 0.000743716 0.000743716 2 2 3
0.556297 0.000741002 0.000741002 2 2 3
0.556294 0.000738304 0.000738304 2 2 3
0.556291 0.000735619 0.000735619 2 2 3
0.556289 0.00073295 0.00073295 2 2 3
0.556286 0.000730295 0.000730295 2 2 3
0.556283 0.000727654 0.000727654 2 2 3
0.556281 0.000725028 0.000725028 2 2 3
0.556278 0.000722416 0.000722416 2 2 3
0.556275 0.000719818 0.000719818 2 2 3
0.556273 0.000717234 0.000717234 2 2 3
0.55627 0.000714664 0.000714664 2 2 3
0.556268 0.000712108 0.000712108 2 2 3
0.556265 0.000709565 0.000709565 2 2 3
0.556263 0.000707036 0.000707036 2 2 3
0.55626 0.00070452 0.00070452 2 2 3
0.556258 0.000702018 0.000702018 2 2 3
0.556255 0.000699529 0.000699529 2 2 3
0.556253 0.000697054 0.000697054 2 2 3
0.55625 0.000694591 0.000694591 2 2 3
0.556248 0.000692142 0.000692142 2 2 3
0.556245 0.000689705 0.000689705 2 2 3
0.556243 0.000687281 0.000687281 2 2 3
0.55624 0.00068487 0.00068487 2 2 3
0.556238 0.000682472 0.000682472 2 2 3
0.556236 0.000680086 0.000680086 2 2 3
0.556233 0.000677713 0.000677713 2 2 3
0.556231 0.000675352 0.000675352 2 2 3
0.556229 0.000673004 0.000673004 2 2 3
0.556226 0.000670668 0.000670668 2 2 3
0.556224 0.000668343 0.000668343 2 2 3
0.556222 0.000666031 0.000666031 2 2 3
0.556219 0.000663731 0.000663731 2 2 3
0.556217 0.000661443 0.000661443 2 2 3
0.556215 0.000659167 0.000659167 2 2 3
0.556212 0.000656902 0.000656902 2 2 3
0.55621 0.000654649 0.000654649 2 2 3
0.556208 0.000652408 0.000652408 2 2 3
0.556206 0.000650178 0.000650178 2 2 3
0.556204 0.000647959 0.000647959 2 2 3
0.556201 0.000645752 0.000645752 2 2 3
0.556199 0.000643556 0.000643556 2 2 3
0.556197 0.000641371 0.000641371 2 2 3
0.556195 0.000639197 0.000639197 2 2 3
0.556193 0.000637035 0.000637035 2 2 3
0.55619 0.000634883 0.000634883 2 2 3
0.556188 0.000632742 0.000632742 2 2 3
0.556186 0.000630612 0.000630612 2 2 3
0.556184 0.000628493 0.000628493 2 2 3
0.556182 0.000626385 0.000626385 2 2 3
0.55618 0.000624287 0.000624287 2 2 3
0.556178 0.000622199 0.000622199 2 2 3
0.556176 0.000620122 0.000620122 2 2 3
0.556174 0.000618056 0.000618056 2 2 3
0.556172 0.000615999 0.000615999 2 2 3
0.55617 0.000613953 0.000613953 2 2 3
0.556167 0.000611917 0.000611917 2 2 3
0.556165 0.000609892 0.000609892 2 2 3
0.556163 0.000607876 0.000607876 2 2 3
0.556161 0.00060587 0.00060587 2 2 3
0.556159 0.000603874 0.000603874 2 2 3
0.556157 0.000601888 0.000601888 2 2 3
0.556155 0.000599912 0.000599912 2 2 3
0.556154 0.000597945 0.000597945 2 2 3
0.556152 0.000595989 0.000595989 2 2 3
0.55615 0.000594041 0.000594041 2 2 3
0.556148 0.000592104 0.000592104 2 2 3
0.556146 0.000590175 0.000590175 2 2 3
0.556144 0.000588256 0.000588256 2 2 3
0.556142 0.000586347 0.000586347 2 2 3
0.55614 0.000584447 0.000584447 2 2 3
0.556138 0.000582556 0.000582556 2 2 3
0.556136 0.000580674 0.000580674 2 2 3
0.556134 0.000578801 0.000578801 2 2 3
0.556132 0.000576937 0.000576937 2 2 3
0.556131 0.000575083 0.000575083 2 2 3
0.556129 0.000573237 0.000573237 2 2 3
0.556127 0.0005714 0.0005714 2 2 3
0.556125 0.000569572 0.000569572 2 2 3
0.556123 0.000567753 0.000567753 2 2 3
0.556121 0.000565942 0.000565942 2 2 3
0.55612 0.00056414 0.00056414 2 2 3
0.556118 0.000562347 0.000562347 2 2 3
0.556116 0.000560562 0.000560562 2 2 3
0.556114 0.000558785 0.000558785 2 2 3
0.556113 0.000557017 0.000557017 2 2 3
0.556111 0.000555258 0.000555258 2 2 3
0.556109 0.000553507 0.000553507 2 2 3
0.556107 0.000551764 0.000551764 2 2 3
0.556106 0.000550029 0.000550029 2 2 3
0.556104 0.000548302 0.000548302 2 2 3
0.556102 0.000546584 0.000546584 2 2 3
0.5561 0.000544873 0.000544873 2 2 3
0.556099 0.000543171 0.000543171 2 2 3
0.556097 0.000541477 0.000541477 2 2 3
0.556095 0.00053979 0.00053979 2 2 3
0.556094 0.000538111 0.000538111 2 2 3
0.556092 0.000536441 0.000536441 2 2 3
0.55609 0.000534778 0.000534778 2 2 3
0.556089 0.000533122 0.000533122 2 2 3
0.556087 0.000531475 0.000531475 2 2 3
0.556085 0.000529835 0.000529835 2 2 3
0.556084 0.000528202 0.000528202 2 2 3
0.556082 0.000526577 0.000526577 2 2 3
0.556081 0.00052496 0.00052496 2 2 3
0.556079 0.00052335 0.00052335 2 2 3
0.556077 0.000521747 0.000521747 2 2 3
0.556076 0.000520152 0.000520152 2 2 3
0.556074 0.000518564 0.000518564 2 2 3
0.556073 0.000516983 0.000516983 2 2 3
0.556071 0.00051541 0.00051541 2 2 3
0.556069 0.000513844 0.000513844 2 2 3
0.556068 0.000512284 0.000512284 2 2 3
0.556066 0.000510732 0.000510732 2 2 3
0.556065 0.000509187 0.000509187 2 2 3
0.556063 0.000507649 0.000507649 2 2 3
0.556062 0.000506118 0.000506118 2 2 3
0.55606 0.000504594 0.000504594 2 2 3
0.556059 0.000503077 0.000503077 2 2 3
0.556057 0.000501566 0.000501566 2 2 3
0.556056 0.000500063 0.000500063 2 2 3
0.556054 0.000498566 0.000498566 2 2 3
0.556053 0.000497076 0.000497076 2 2 3
0.556051 0.000495592 0.000495592 2 2 3
0.55605 0.000494115 0.000494115 2 2 3
0.556048 0.000492645 0.000492645 2 2 3
0.556047 0.000491181 0.000491181 2 2 3
0.556045 0.000489724 0.000489724 2 2 3
0.556044 0.000488273 0.000488273 2 2 3
0.556042 0.000486829 0.000486829 2 2 3
0.556041 0.000485391 0.000485391 2 2 3
0.55604 0.000483959 0.000483959 2 2 3
0.556038 0.000482534 0.000482534 2 2 3
0.556037 0.000481115 0.000481115 2 2 3
0.556035 0.000479703 0.000479703 2 2 3
0.556034 0.000478296 0.000478296 2 2 3
0.556032 0.000476896 0.000476896 2 2 3
0.556031 0.000475502 0.000475502 2 2 3
0.55603 0.000474114 0.000474114 2 2 3
0.556028 0.000472732 0.000472732 2 2 3
0.556027 0.000471356 0.000471356 2 2 3
0.556026 0.000469986 0.000469986 2 2 3
0.556024 0.000468622 0.000468622 2 2 3
0.556023 0.000467264 0.000467264 2 2 3
0.556021 0.000465911 0.000465911 2 2 3
0.55602 0.000464565 0.000464565 2 2 3
0.556019 0.000463225 0.000463225 2 2 3
0.556017 0.00046189 0.00046189 2 2 3
0.818785 0.00046189 0.00046189 2 2 2
0.818785 0.00046189 0.00046189 2 2 2
0.818785 0.00046189 0.00046189 2 2 2
0.818785 0.00046189 0.00046189 2 2 2
0.818785 0.1 0.1 2 2 2
0.815513 0.0988845 0.0988845 2 2 2
0.809003 0.0966552 0.0966552 2 2 2
0.799321 0.0933165 0.0933165 2 2 2
0.818785 0.0933165 0.0933165 2 3 2
0.818785 0.0933165 0.0933165 2 3 2
0.818785 0.0933165 0.0933165 2 3 2
0.818785 0.0933165 0.0933165 2 3 2
0.818785 0.0933165 0.0933165 2 3 2
0.818785 0.1 0.1 2 3 2
0.815513 0.0988846 0.0988846 2 3 2
0.809003 0.0966554 0.0966554 2 3 2
0.799322 0.0933169 0.0933169 2 3 2
0.784994 0.0883239 0.0883239 2 3 2
0.763954 0.0808793 0.0808793 2 3 2
0.73384 0.0699895 0.0699895 2 3 2
0.705105 0.0593399 0.0593399 2 3 2
0.677909 0.0490286 0.0490286 2 3 2
0.652438 0.0391694 0.0391694 2 3 2
0.628934 0.0299016 0.0299016 2 3 2
0.607714 0.0213992 0.0213992 2 3 2
0.589209 0.0138844 0.0138844 2 3 2
0.573999 0.00764209 0.00764209 2 3 2
0.567887 0.00511812 0.00511812 2 3 2
0.565254 0.00402803 0.00402803 2 3 2
0.562695 0.0029674 0.0029674 2 3 2
0.818785 0.0029674 0.0029674 2 4 2
0.818785 0.0029674 0.0029674 2 4 2
0.818785 0.0029674 0.0029674 2 4 2
0.818785 0.0029674 0.0029674 2 4 2
0.818785 0.0029674 0.0029674 2 4 2
0.818785 0.1 0.1 2 4 2
0.822067 0.101116 0.101116 2 4 2
0.828664 0.103349 0.103349 2 4 2
0.83864 0.106702 0.106702 2 4 2
0.85378 0.111733 0.111733 2 4 2
0.876871 0.119279 0.119279 2 4 2
0.911881 0.130426 0.130426 2 4 2
0.947777 0.141497 0.141497 2 4 2
0.984489 0.152454 0.152454 2 4 2
1.02196 0.163266 0.163266 2 4 2
1.06013 0.173906 0.173906 2 4 2
1.09895 0.184353 0.184353 2 4 2
1.13837 0.194586 0.194586 2 4 2
1.17836 0.204589 0.204589 2 4 2
1.21885 0.214351 0.214351 2 4 2
1.25983 0.223859 0.223859 2 4 2
1.30125 0.233105 0.233105 2 4 2
1.34308 0.242082 0.242082 2 4 2
1.38529 0.250785 0.250785 2 4 2
1.42785 0.259209 0.259209 2 4 2
1.47074 0.267353 0.267353 2 4 2
1.51392 0.275213 0.275213 2 4 2
1.55738 0.282789 0.282789 2 4 2
1.60109 0.290081 0.290081 2 4 2
1.64505 0.297089 0.297089 2 4 2
1.68922 0.303814 0.303814 2 4 2
1.73361 0.310256 0.310256 2 4 2
1.7782 0.316418 0.316418 2 4 2
1.82297 0.322301 0.322301 2 4 2
1.86792 0.327908 0.327908 2 4 2
1.91304 0.333239 0.333239 2 4 2
1.95834 0.338299 0.338299 2 4 2
2.0038 0.343088 0.343088 2 4 2
2.04942 0.34761 0.34761 2 4 2
2.09521 0.351866 0.351866 2 4 2
2.14117 0.35586 0.35586 2 4 2
2.1873 0.359594 0.359594 2 4 2
2.23359 0.36307 0.36307 2 4 2
2.28005 0.36629 0.36629 2 4 2
2.32669 0.369258 0.369258 2 4 2
2.37349 0.371976 0.371976 2 4 2
2.42046 0.374447 0.374447 2 4 2
2.4676 0.376674 0.376674 2 4 2
2.5149 0.378659 0.378659 2 4 2
2.56236 0.380407 0.380407 2 4 2
2.60997 0.381919 0.381919 2 4 2
2.65773 0.383201 0.383201 2 4 2
2.70562 0.384256 0.384256 2 4 2
2.75365 0.385088 0.385088 2 4 2
2.80181 0.385701 0.385701 2 4 2
2.85008 0.3861 0.3861 2 4 2
2.89847 0.38629 0.38629 2 4 2
2.94695 0.386274 0.386274 2 4 2
2.99553 0.386058 0.386058 2 4 2
3.0442 0.385648 0.385648 2 4 2
3.09295 0.385047 0.385047 2 4 2
3.14178 0.38426 0.38426 2 4 2
3.19067 0.383294 0.383294 2 4 2
3.23963 0.382152 0.382152 2 4 2
3.28865 0.38084 0.38084 2 4 2
3.33772 0.379362 0.379362 2 4 2
3.38683 0.377725 0.377725 2 4 2
3.43599 0.375931 0.375931 2 4 2
3.48519 0.373987 0.373987 2 4 2
3.53443 0.371896 0.371896 2 4 2
3.5837 0.369663 0.369663 2 4 2
3.63301 0.367293 0.367293 2 4 2
3.68234 0.364791 0.364791 2 4 2
3.73169 0.362159 0.362159 2 4 2
3.78107 0.359403 0.359403 2 4 2
3.83047 0.356527 0.356527 2 4 2
3.87989 0.353534 0.353534 2 4 2
3.92932 0.350428 0.350428 2 4 2
3.97877 0.347213 0.347213 2 4 2
4.02824 0.343893 0.343893 2 4 2
4.07771 0.340471 0.340471 2 4 2
4.1272 0.336951 0.336951 2 4 2
4.1767 0.333336 0.333336 2 4 2
4.22621 0.329629 0.329629 2 4 2
4.27573 0.325833 0.325833 2 4 2
4.32525 0.321952 0.321952 2 4 2
4.37478 0.317988 0.317988 2 4 2
4.42432 0.313944 0.313944 2 4 2
4.47386 0.309823 0.309823 2 4 2
4.52341 0.305628 0.305628 2 4 2
4.57296 0.301362 0.301362 2 4 2
4.62252 0.297026 0.297026 2 4 2
4.67208 0.292624 0.292624 2 4 2
4.72164 0.288157 0.288157 2 4 2
4.7712 0.283629 0.283629 2 4 2
4.82077 0.279041 0.279041 2 4 2
4.87034 0.274396 0.274396 2 4 2
4.91991 0.269695 0.269695 2 4 2
4.96948 0.264941 0.264941 2 4 2
5.01906 0.260136 0.260136 2 4 2
0.872845 0.260136 0.260136 2 2 4
0.872845 0.260136 0.260136 2 2 4
0.872845 0.260136 0.260136 2 2 4
0.872846 0.260136 0.260136 2 2 4
0.872828 0.260136 0.260136 2 2 4
0.872828 0.1 0.1 2 2 4
0.872828 0.1 0.1 2 2 4
0.876137 0.1 0.1 2 3 4
0.876137 0.1 0.1 2 3 4
0.876137 0.1 0.1 2 3 4
0.876129 0.1 0.1 2 3 4
0.876125 0.1 0.1 2 3 4
0.876125 0.1 0.1 2 3 4
0.876125 0.1 0.1 2 3 4
0.872828 0.1 0.1 2 2 6
0.872828 0.1 0.1 2 2 6
1.61623 0.1 0.1 2 2 6
1.61623 0.1 0.1 2 2 6
1.61623 0.1 0.1 2 2 6
1.61623 0.1 0.1 2 2 6
1.61623 0.1 0.1 2 2 6
1.61623 0.1 0.1 2 2 6
1.61365 0.0994906 0.0994906 2 2 6
1.60848 0.0984715 0.0984715 2 2 6
1.59801 0.0964334 0.0964334 2 2 6
1.58195 0.0933783 0.0933783 2 2 6
1.55695 0.0888097 0.0888097 2 2 6
1.52789 0.0837753 0.0837753 2 2 6
1.49763 0.0788104 0.0788104 2 2 6
1.46642 0.0739222 0.0739222 2 2 6
1.43446 0.0691012 0.0691012 2 2 6
1.40191 0.0643316 0.0643316 2 2 6
1.36892 0.0596036 0.0596036 2 2 6
1.33579 0.0549307 0.0549307 2 2 6
1.30313 0.050379 0.050379 2 2 6
1.2721 0.0460995 0.0460995 2 2 6
1.24425 0.0423019 0.0423019 2 2 6
1.22053 0.039122 0.039122 2 2 6
1.2008 0.0365385 0.0365385 2 2 6
1.18428 0.0344454 0.0344454 2 2 6
1.17021 0.0327347 0.0327347 2 2 6
1.15797 0.0313215 0.0313215 2 2 6
1.1471 0.0301437 0.0301437 2 2 6
1.13728 0.0291557 0.0291557 2 2 6
1.12824 0.0283244 0.0283244 2 2 6
1.11979 0.0276249 0.0276249 2 2 6
1.11178 0.0270389 0.0270389 2 2 6
1.10406 0.0265522 0.0265522 2 2 6
1.09654 0.0261545 0.0261545 2 2 6
1.08909 0.0258378 0.0258378 2 2 6
1.08162 0.0255965 0.0255965 2 2 6
1.07401 0.0254266 0.0254266 2 2 6
1.06615 0.0253258 0.0253258 2 2 6
1.05789 0.0252929 0.0252929 2 2 6
1.04907 0.0253279 0.0253279 2 2 6
1.03947 0.0254317 0.0254317 2 2 6
1.0288 0.0256052 0.0256052 2 2 6
1.01669 0.025848 0.025848 2 2 6
1.00263 0.0261551 0.0261551 2 2 6
0.985989 0.0265094 0.0265094 2 2 6
0.966106 0.0268685 0.0268685 2 2 6
0.942635 0.0271492 0.0271492 2 2 6
0.916022 0.0272344 0.0272344 2 2 6
0.887448 0.027018 0.027018 2 2 6
0.858101 0.026445 0.026445 2 2 6
0.828765 0.0255065 0.0255065 2 2 6
0.799914 0.0242215 0.0242215 2 2 6
0.771877 0.0226257 0.0226257 2 2 6
0.744925 0.0207686 0.0207686 2 2 6
0.719313 0.0187119 0.0187119 2 2 6
0.695296 0.0165282 0.0165282 2 2 6
0.673126 0.0142989 0.0142989 2 2 6
0.653039 0.0121095 0.0121095 2 2 6
0.635228 0.0100419 0.0100419 2 2 6
0.61981 0.00816519 0.00816519 2 2 6
0.60679 0.00652592 0.00652592 2 2 6
0.596052 0.00514355 0.00514355 2 2 6
0.587375 0.0040121 0.0040121 2 2 6
0.580475 0.00310761 0.00310761 2 2 6
0.57505 0.00239711 0.00239711 2 2 6
0.570815 0.00184581 0.00184581 2 2 6
0.56752 0.00142134 0.00142134 2 2 6
0.564955 0.00109572 0.00109572 2 2 6
0.562953 0.000845899 0.000845899 2 2 6
0.561379 0.00065356 0.00065356 2 2 6
0.560134 0.000504602 0.000504602 2 2 6
0.559139 0.000388403 0.000388403 2 2 6
0.55834 0.00029709 0.00029709 2 2 6
0.557693 0.000224875 0.000224875 2 2 6
0.557168 0.000167515 0.000167515 2 2 6
0.556944 0.000143408 0.000143408 2 2 6
0.556723 0.000119906 0.000119906 2 2 6
0.556508 9.72983e-05 9.72983e-05 2 2 6
0.556303 7.59146e-05 7.59146e-05 2 2 6
0.556111 5.61268e-05 5.61268e-05 2 2 6
0.555952 3.98184e-05 3.98184e-05 2 2 6
0.555822 2.6635e-05 2.6635e-05 2 2 6
0.555719 1.63009e-05 1.63009e-05 2 2 6
0.555697 1.4137e-05 1.4137e-05 2 2 6
0.555675 1.19438e-05 1.19438e-05 2 2 6
1.61623 1.19438e-05 1.19438e-05 2 3 6
1.61623 1.19438e-05 1.19438e-05 2 3 6
1.61623 1.19438e-05 1.19438e-05 2 3 6
1.61623 1.19438e-05 1.19438e-05 2 3 6
1.61623 1.19438e-05 1.19438e-05 2 3 6
1.61623 0.1 0.1 2 3 6
1.61879 0.100509 0.100509 2 3 6
1.62389 0.101528 0.101528 2 3 6
1.63401 0.103564 0.103564 2 3 6
1.654 0.107627 0.107627 2 3 6
1.67884 0.112675 0.112675 2 3 6
1.70383 0.117671 0.117671 2 3 6
1.72927 0.122595 0.122595 2 3 6
1.75533 0.127431 0.127431 2 3 6
1.7821 0.132168 0.132168 2 3 6
1.80961 0.1368 0.1368 2 3 6
1.83785 0.141329 0.141329 2 3 6
1.86678 0.145765 0.145765 2 3 6
1.89636 0.150122 0.150122 2 3 6
1.92655 0.154419 0.154419 2 3 6
1.9573 0.158677 0.158677 2 3 6
1.98857 0.162918 0.162918 2 3 6
2.02034 0.167166 0.167166 2 3 6
2.05259 0.171442 0.171442 2 3 6
2.08528 0.175766 0.175766 2 3 6
2.11842 0.180159 0.180159 2 3 6
2.15198 0.184638 0.184638 2 3 6
2.18596 0.189221 0.189221 2 3 6
2.22035 0.193923 0.193923 2 3 6
2.25515 0.198759 0.198759 2 3 6
2.29035 0.203743 0.203743 2 3 6
2.32593 0.208888 0.208888 2 3 6
2.3619 0.214207 0.214207 2 3 6
2.39825 0.219713 0.219713 2 3 6
2.43497 0.225419 0.225419 2 3 6
2.47206 0.231336 0.231336 2 3 6
2.5095 0.237479 0.237479 2 3 6
2.54729 0.243861 0.243861 2 3 6
2.58542 0.250495 0.250495 2 3 6
2.62389 0.257395 0.257395 2 3 6
2.66269 0.264577 0.264577 2 3 6
2.70181 0.272056 0.272056 2 3 6
2.74124 0.279848 0.279848 2 3 6
2.78099 0.28797 0.28797 2 3 6
2.82104 0.296439 0.296439 2 3 6
2.86138 0.305273 0.305273 2 3 6
2.90201 0.314491 0.314491 2 3 6
2.94293 0.324113 0.324113 2 3 6
2.98412 0.334159 0.334159 2 3 6
3.02557 0.34465 0.34465 2 3 6
3.06728 0.355609 0.355609 2 3 6
3.10921 0.367061 0.367061 2 3 6
3.15136 0.379035 0.379035 2 3 6
3.19368 0.391563 0.391563 2 3 6
3.23612 0.404683 0.404683 2 3 6
3.27858 0.418441 0.418441 2 3 6
3.32087 0.432891 0.432891 2 3 6
3.36245 0.448066 0.448066 2 3 6
3.40156 0.463764 0.463764 2 3 6
3.43041 0.477769 0.477769 2 3 6
3.43723 0.483663 0.483663 2 3 6
3.43668 0.485327 0.485327 2 3 6
3.43685 0.486368 0.486368 2 3 6
3.44026 0.487935 0.487935 2 3 6
3.44821 0.490631 0.490631 2 3 6
3.46129 0.494793 0.494793 2 3 6
3.47964 0.500567 0.500567 2 3 6
3.50304 0.50795 0.50795 2 3 6
3.53098 0.516818 0.516818 2 3 6
3.56283 0.52698 0.52698 2 3 6
3.59791 0.538212 0.538212 2 3 6
3.6356 0.550296 0.550296 2 3 6
3.67533 0.563037 0.563037 2 3 6
3.71668 0.576268 0.576268 2 3 6
3.75927 0.589858 0.589858 2 3 6
3.80282 0.603701 0.603701 2 3 6
3.84712 0.617715 0.617715 2 3 6
3.89201 0.63184 0.63184 2 3 6
3.93735 0.64603 0.64603 2 3 6
3.98305 0.660251 0.660251 2 3 6
4.02903 0.674476 0.674476 2 3 6
4.07524 0.688693 0.688693 2 3 6
4.12164 0.702886 0.702886 2 3 6
4.16818 0.717048 0.717048 2 3 6
4.21485 0.731173 0.731173 2 3 6
4.26162 0.74526 0.74526 2 3 6
4.30848 0.759306 0.759306 2 3 6
4.35541 0.773311 0.773311 2 3 6
4.40241 0.787276 0.787276 2 3 6
4.44946 0.801202 0.801202 2 3 6
4.49656 0.815089 0.815089 2 3 6
4.54371 0.82894 0.82894 2 3 6
4.5909 0.842756 0.842756 2 3 6
4.63813 0.856539 0.856539 2 3 6
4.68538 0.870291 0.870291 2 3 6
4.73267 0.884014 0.884014 2 3 6
4.77999 0.897709 0.897709 2 3 6
4.82734 0.911378 0.911378 2 3 6
4.87471 0.925023 0.925023 2 3 6
4.9221 0.938646 0.938646 2 3 6
4.96952 0.952247 0.952247 2 3 6
5.01695 0.96583 0.96583 2 3 6
1.72776 0.96583 0.96583 2 5 6
1.72783 0.96583 0.96583 2 5 6
1.72783 0.96583 0.96583 2 5 6
1.72783 0.96583 0.96583 2 5 6
1.72783 0.96583 0.96583 2 5 6
1.72783 0.1 0.1 2 5 6
1.72882 0.100303 0.100303 2 5 6
1.731 0.100939 0.100939 2 5 6
1.73614 0.102326 0.102326 2 5 6
1.74575 0.104684 0.104684 2 5 6
1.76412 0.108801 0.108801 2 5 6
1.7892 0.114079 0.114079 2 5 6
1.81797 0.119951 0.119951 2 5 6
1.84944 0.126331 0.126331 2 5 6
1.88295 0.133188 0.133188 2 5 6
1.9181 0.140521 0.140521 2 5 6
1.95463 0.148345 0.148345 2 5 6
1.99237 0.156677 0.156677 2 5 6
2.03118 0.165534 0.165534 2 5 6
2.07096 0.174921 0.174921 2 5 6
2.1116 0.184838 0.184838 2 5 6
2.15298 0.195268 0.195268 2 5 6
2.19501 0.20619 0.20619 2 5 6
2.23759 0.21757 0.21757 2 5 6
2.28061 0.229371 0.229371 2 5 6
2.32401 0.241555 0.241555 2 5 6
2.3677 0.254083 0.254083 2 5 6
2.41165 0.266921 0.266921 2 5 6
2.45579 0.280038 0.280038 2 5 6
2.5001 0.293407 0.293407 2 5 6
2.54455 0.307008 0.307008 2 5 6
2.5891 0.320822 0.320822 2 5 6
2.63373 0.33484 0.33484 2 5 6
2.67842 0.349053 0.349053 2 5 6
2.72315 0.363458 0.363458 2 5 6
2.7679 0.378057 0.378057 2 5 6
2.81263 0.392852 0.392852 2 5 6
2.85733 0.407854 0.407854 2 5 6
2.90195 0.423074 0.423074 2 5 6
2.94647 0.438527 0.438527 2 5 6
2.99083 0.454235 0.454235 2 5 6
3.03497 0.470222 0.470222 2 5 6
3.07884 0.486518 0.486518 2 5 6
3.12233 0.503155 0.503155 2 5 6
3.16533 0.520175 0.520175 2 5 6
3.20769 0.537623 0.537623 2 5 6
3.2492 0.555548 0.555548 2 5 6
3.28957 0.574004 0.574004 2 5 6
3.32836 0.593042 0.593042 2 5 6
3.36489 0.61269 0.61269 2 5 6
3.39806 0.63291 0.63291 2 5 6
3.42604 0.653464 0.653464 2 5 6
3.44583 0.673605 0.673605 2 5 6
3.4538 0.691647 0.691647 2 5 6
3.44876 0.705491 0.705491 2 5 6
3.43411 0.714581 0.714581 2 5 6
3.41419 0.719896 0.719896 2 5 6
3.39201 0.722523 0.722523 2 5 6
3.36971 0.723259 0.723259 2 5 6
3.34934 0.722702 0.722702 2 5 6
3.3338 0.721405 0.721405 2 5 6
3.32914 0.720164 0.720164 2 5 6
3.34837 0.720713 0.720713 2 5 6
3.38742 0.723831 0.723831 2 5 6
3.42859 0.727837 0.727837 2 5 6
3.4708 0.732331 0.732331 2 5 6
3.51379 0.737166 0.737166 2 5 6
3.55729 0.742241 0.742241 2 5 6
3.60113 0.747486 0.747486 2 5 6
3.6452 0.752848 0.752848 2 5 6
3.68942 0.758278 0.758278 2 5 6
3.73373 0.763728 0.763728 2 5 6
3.77807 0.769147 0.769147 2 5 6
3.82237 0.774477 0.774477 2 5 6
3.86657 0.779648 0.779648 2 5 6
3.91056 0.784574 0.784574 2 5 6
3.95423 0.789144 0.789144 2 5 6
3.99744 0.793221 0.793221 2 5 6
4.03996 0.796626 0.796626 2 5 6
4.08153 0.799129 0.799129 2 5 6
4.12174 0.800438 0.800438 2 5 6
4.16009 0.800198 0.800198 2 5 6
4.19589 0.798003 0.798003 2 5 6
4.22835 0.793465 0.793465 2 5 6
4.25678 0.786358 0.786358 2 5 6
4.28092 0.776823 0.776823 2 5 6
4.30151 0.765478 0.765478 2 5 6
4.32033 0.753315 0.753315 2 5 6
4.3399 0.741515 0.741515 2 5 6
4.36274 0.73131 0.73131 2 5 6
4.39044 0.723759 0.723759 2 5 6
4.42301 0.719372 0.719372 2 5 6
4.45937 0.717986 0.717986 2 5 6
4.4983 0.719091 0.719091 2 5 6
4.53891 0.722156 0.722156 2 5 6
4.5806 0.726762 0.726762 2 5 6
4.62299 0.732593 0.732593 2 5 6
4.66578 0.739424 0.739424 2 5 6
4.70878 0.747083 0.747083 2 5 6
4.75181 0.755443 0.755443 2 5 6
4.7947 0.764399 0.764399 2 5 6
4.83726 0.773859 0.773859 2 5 6
4.87922 0.78373 0.78373 2 5 6
4.92014 0.793885 0.793885 2 5 6
4.95913 0.804104 0.804104 2 5 6
4.99406 0.813848 0.813848 2 5 6
5.01819 0.821328 0.821328 2 5 6
1.72776 0.821328 0.821328 2 6 6
1.72783 0.821328 0.821328 2 6 6
1.72783 0.821328 0.821328 2 6 6
1.72783 0.821328 0.821328 2 6 6
1.72783 0.821328 0.821328 2 6 6
1.72783 0.1 0.1 2 6 6
1.72691 0.0997063 0.0997063 2 6 6
1.72527 0.0991481 0.0991481 2 6 6
1.72282 0.0981501 0.0981501 2 6 6
1.72128 0.0969573 0.0969573 2 6 6
1.72411 0.0958852 0.0958852 2 6 6
1.73519 0.0957742 0.0957742 2 6 6
1.7552 0.0968454 0.0968454 2 6 6
1.78347 0.0989873 0.0989873 2 6 6
1.81773 0.101896 0.101896 2 6 6
1.85542 0.105235 0.105235 2 6 6
1.89488 0.108777 0.108777 2 6 6
1.93522 0.112405 0.112405 2 6 6
1.97601 0.116057 0.116057 2 6 6
2.01702 0.119707 0.119707 2 6 6
2.05812 0.123342 0.123342 2 6 6
2.09924 0.12696 0.12696 2 6 6
2.14035 0.13056 0.13056 2 6 6
2.18143 0.134149 0.134149 2 6 6
2.22246 0.137731 0.137731 2 6 6
2.26346 0.141313 0.141313 2 6 6
2.30441 0.144903 0.144903 2 6 6
2.34534 0.148509 0.148509 2 6 6
2.38623 0.152137 0.152137 2 6 6
2.42711 0.155795 0.155795 2 6 6
2.46797 0.159492 0.159492 2 6 6
2.50884 0.163234 0.163234 2 6 6
2.54971 0.16703 0.16703 2 6 6
2.5906 0.170887 0.170887 2 6 6
2.63153 0.174811 0.174811 2 6 6
2.67249 0.178811 0.178811 2 6 6
2.71349 0.182893 0.182893 2 6 6
2.75456 0.187064 0.187064 2 6 6
2.79568 0.191332 0.191332 2 6 6
2.83688 0.195702 0.195702 2 6 6
2.87815 0.200182 0.200182 2 6 6
2.91951 0.204779 0.204779 2 6 6
2.96096 0.209498 0.209498 2 6 6
3.00251 0.214348 0.214348 2 6 6
3.04415 0.219334 0.219334 2 6 6
3.08589 0.224462 0.224462 2 6 6
3.12774 0.229741 0.229741 2 6 6
3.1697 0.235176 0.235176 2 6 6
3.21176 0.240775 0.240775 2 6 6
3.25392 0.246545 0.246545 2 6 6
3.29619 0.252492 0.252492 2 6 6
3.33856 0.258625 0.258625 2 6 6
3.38104 0.264951 0.264951 2 6 6
3.42361 0.271478 0.271478 2 6 6
3.46627 0.278216 0.278216 2 6 6
3.50901 0.285173 0.285173 2 6 6
3.55183 0.292359 0.292359 2 6 6
3.59473 0.299784 0.299784 2 6 6
3.63768 0.307461 0.307461 2 6 6
3.68068 0.315402 0.315402 2 6 6
3.72372 0.323622 0.323622 2 6 6
3.76679 0.332134 0.332134 2 6 6
3.80986 0.340959 0.340959 2 6 6
3.85292 0.350115 0.350115 2 6 6
3.89594 0.359627 0.359627 2 6 6
3.9389 0.369521 0.369521 2 6 6
3.98177 0.37983 0.37983 2 6 6
4.0245 0.390593 0.390593 2 6 6
4.06706 0.401858 0.401858 2 6 6
4.10937 0.413683 0.413683 2 6 6
4.15137 0.426144 0.426144 2 6 6
4.19294 0.439338 0.439338 2 6 6
4.23395 0.453395 0.453395 2 6 6
4.27418 0.468495 0.468495 2 6 6
4.31332 0.484896 0.484896 2 6 6
4.35089 0.502981 0.502981 2 6 6
4.38609 0.523336 0.523336 2 6 6
4.4176 0.546825 0.546825 2 6 6
4.44395 0.574241 0.574241 2 6 6
4.46655 0.603924 0.603924 2 6 6
4.49133 0.630323 0.630323 2 6 6
4.51987 0.651427 0.651427 2 6 6
4.5511 0.669095 0.669095 2 6 6
4.58419 0.68473 0.68473 2 6 6
4.61855 0.699049 0.699049 2 6 6
4.65377 0.712447 0.712447 2 6 6
4.68958 0.72516 0.72516 2 6 6
4.72575 0.737336 0.737336 2 6 6
4.76211 0.749067 0.749067 2 6 6
4.79849 0.760405 0.760405 2 6 6
4.83471 0.771373 0.771373 2 6 6
4.87056 0.781961 0.781961 2 6 6
4.90572 0.792115 0.792115 2 6 6
4.93973 0.801716 0.801716 2 6 6
4.97173 0.810507 0.810507 2 6 6
4.9998 0.817913 0.817913 2 6 6
5.01876 0.822382 0.822382 2 6 6
2.03004 0.822382 0.822382 2 2 2
2.03004 0.822382 0.822382 2 2 2
2.03004 0.822382 0.822382 2 2 2
2.03004 0.822382 0.822382 2 2 2
2.03004 0.822382 0.822382 2 2 2
2.03004 0.1 0.1 2 2 2
2.03431 0.100244 0.100244 2 2 2
2.04286 0.100736 0.100736 2 2 2
2.06004 0.10173 0.10173 2 2 2
2.09467 0.103767 0.103767 2 2 2
2.13845 0.106404 0.106404 2 2 2
2.18272 0.109143 0.109143 2 2 2
2.22744 0.111984 0.111984 2 2 2
2.27257 0.114927 0.114927 2 2 2
2.31808 0.117974 0.117974 2 2 2
2.36392 0.121123 0.121123 2 2 2
2.41006 0.124373 0.124373 2 2 2
2.45647 0.127725 0.127725 2 2 2
2.50312 0.131176 0.131176 2 2 2
2.54999 0.134728 0.134728 2 2 2
2.59705 0.138379 0.138379 2 2 2
2.64428 0.142128 0.142128 2 2 2
2.69167 0.145975 0.145975 2 2 2
2.7392 0.14992 0.14992 2 2 2
2.78685 0.153962 0.153962 2 2 2
2.83462 0.1581 0.1581 2 2 2
2.88249 0.162334 0.162334 2 2 2
2.93046 0.166665 0.166665 2 2 2
2.97851 0.171091 0.171091 2 2 2
3.02663 0.175612 0.175612 2 2 2
3.07483 0.180229 0.180229 2 2 2
3.12309 0.184941 0.184941 2 2 2
3.1714 0.189747 0.189747 2 2 2
3.21977 0.194647 0.194647 2 2 2
3.26819 0.199642 0.199642 2 2 2
3.31665 0.204731 0.204731 2 2 2
3.36516 0.209914 0.209914 2 2 2
3.41369 0.215191 0.215191 2 2 2
3.46227 0.22056 0.22056 2 2 2
3.51087 0.226023 0.226023 2 2 2
3.5595 0.231579 0.231579 2 2 2
3.60815 0.237228 0.237228 2 2 2
3.65683 0.242969 0.242969 2 2 2
3.70553 0.248803 0.248803 2 2 2
3.75425 0.254728 0.254728 2 2 2
3.80298 0.260745 0.260745 2 2 2
3.85173 0.266854 0.266854 2 2 2
3.90049 0.273053 0.273053 2 2 2
3.94926 0.279343 0.279343 2 2 2
3.99804 0.285724 0.285724 2 2 2
4.04683 0.292195 0.292195 2 2 2
4.09563 0.298755 0.298755 2 2 2
4.14444 0.305405 0.305405 2 2 2
4.19325 0.312144 0.312144 2 2 2
4.24206 0.318971 0.318971 2 2 2
4.29087 0.325886 0.325886 2 2 2
4.33969 0.33289 0.33289 2 2 2
4.38851 0.33998 0.33998 2 2 2
4.43732 0.347158 0.347158 2 2 2
4.48614 0.354422 0.354422 2 2 2
4.53495 0.361771 0.361771 2 2 2
4.58375 0.369207 0.369207 2 2 2
4.63256 0.376727 0.376727 2 2 2
4.68135 0.384331 0.384331 2 2 2
4.73014 0.392019 0.392019 2 2 2
4.77893 0.399791 0.399791 2 2 2
4.8277 0.407645 0.407645 2 2 2
4.87646 0.415581 0.415581 2 2 2
4.92522 0.423599 0.423599 2 2 2
4.97396 0.431697 0.431697 2 2 2
5.02268 0.439874 0.439874 2 2 2
2.03004 0.439874 0.439874 2 3 2
2.03004 0.439874 0.439874 2 3 2
2.03004 0.1 0.1 2 3 2
2.02577 0.0997565 0.0997565 2 3 2
2.03004 0.0997565 0.0997565 2 4 2
2.03004 0.0997565 0.0997565 2 4 2
2.03004 0.0997565 0.0997565 2 4 2
2.03004 0.0997565 0.0997565 2 4 2
2.03004 0.0997565 0.0997565 2 4 2
2.03004 0.1 0.1 2 4 2
2.02578 0.0997567 0.0997567 2 4 2
2.01727 0.099273 0.099273 2 4 2
2.00032 0.0983168 0.0983168 2 4 2
1.9667 0.0964488 0.0964488 2 4 2
1.92521 0.0941938 0.0941938 2 4 2
1.88432 0.0920235 0.0920235 2 4 2
1.84406 0.0899321 0.0899321 2 4 2
1.8044 0.0879131 0.0879131 2 4 2
1.76533 0.0859595 0.0859595 2 4 2
1.72684 0.0840643 0.0840643 2 4 2
1.68891 0.0822201 0.0822201 2 4 2
1.65152 0.08042 0.08042 2 4 2
1.61466 0.0786572 0.0786572 2 4 2
1.57833 0.0769255 0.0769255 2 4 2
1.54252 0.075219 0.075219 2 4 2
1.50724 0.0735325 0.0735325 2 4 2
1.4725 0.0718613 0.0718613 2 4 2
1.43832 0.0702014 0.0702014 2 4 2
1.40474 0.0685497 0.0685497 2 4 2
1.37179 0.0669039 0.0669039 2 4 2
1.33952 0.0652626 0.0652626 2 4 2
1.308 0.0636253 0.0636253 2 4 2
1.27727 0.0619927 0.0619927 2 4 2
1.24741 0.0603665 0.0603665 2 4 2
1.21849 0.0587497 0.0587497 2 4 2
1.19058 0.0571462 0.0571462 2 4 2
1.16376 0.055561 0.055561 2 4 2
1.13811 0.0539999 0.0539999 2 4 2
1.11367 0.0524694 0.0524694 2 4 2
1.0905 0.0509764 0.0509764 2 4 2
1.06865 0.0495275 0.0495275 2 4 2
1.04814 0.0481296 0.0481296 2 4 2
1.02898 0.0467888 0.0467888 2 4 2
1.01118 0.0455104 0.0455104 2 4 2
0.994704 0.0442989 0.0442989 2 4 2
0.979537 0.043158 0.043158 2 4 2
0.965641 0.0420903 0.0420903 2 4 2
0.95297 0.0410976 0.0410976 2 4 2
0.941478 0.0401808 0.0401808 2 4 2
0.931114 0.0393402 0.0393402 2 4 2
0.921827 0.0385758 0.0385758 2 4 2
0.91357 0.0378869 0.0378869 2 4 2
0.906292 0.0372724 0.0372724 2 4 2
0.899954 0.0367316 0.0367316 2 4 2
0.894516 0.0362634 0.0362634 2 4 2
0.889946 0.0358668 0.0358668 2 4 2
0.886205 0.0355401 0.0355401 2 4 2
0.883275 0.0352828 0.0352828 2 4 2
0.881138 0.0350945 0.0350945 2 4 2
0.879751 0.0349718 0.0349718 2 4 2
0.87943 0.0349434 0.0349434 2 4 2
0.879098 0.034914 0.034914 2 4 2
0.879393 0.0349402 0.0349402 2 4 2
0.880348 0.0350246 0.0350246 2 4 2
0.882105 0.0351797 0.0351797 2 4 2
0.884628 0.0354018 0.0354018 2 4 2
0.88796 0.0356936 0.0356936 2 4 2
0.89211 0.0360549 0.0360549 2 4 2
0.897109 0.0364871 0.0364871 2 4 2
0.902989 0.0369912 0.0369912 2 4 2
0.909787 0.0375684 0.0375684 2 4 2
0.917545 0.0382196 0.0382196 2 4 2
0.926307 0.0389459 0.0389459 2 4 2
0.936122 0.039748 0.039748 2 4 2
0.947038 0.0406263 0.0406263 2 4 2
0.959108 0.0415808 0.0415808 2 4 2
0.972379 0.0426108 0.0426108 2 4 2
0.9869 0.0437149 0.0437149 2 4 2
1.00271 0.0448911 0.0448911 2 4 2
1.01984 0.0461362 0.0461362 2 4 2
1.03831 0.047446 0.047446 2 4 2
1.05814 0.0488158 0.0488158 2 4 2
1.07932 0.0502397 0.0502397 2 4 2
1.10182 0.0517113 0.0517113 2 4 2
1.12563 0.0532238 0.0532238 2 4 2
1.15068 0.0547704 0.0547704 2 4 2
1.17692 0.0563443 0.0563443 2 4 2
1.20429 0.0579394 0.0579394 2 4 2
1.23271 0.0595503 0.0595503 2 4 2
1.26211 0.0611723 0.0611723 2 4 2
1.29241 0.0628022 0.0628022 2 4 2
1.32355 0.0644375 0.0644375 2 4 2
1.35546 0.066077 0.066077 2 4 2
1.38807 0.0677206 0.0677206 2 4 2
1.42134 0.0693692 0.0693692 2 4 2
1.45523 0.0710248 0.0710248 2 4 2
1.48969 0.07269 0.07269 2 4 2
1.5247 0.0743684 0.0743684 2 4 2
1.56025 0.0760644 0.0760644 2 4 2
1.59633 0.0777828 0.0777828 2 4 2
1.63292 0.0795293 0.0795293 2 4 2
1.67004 0.0813098 0.0813098 2 4 2
1.7077 0.083131 0.083131 2 4 2
1.7459 0.0849998 0.0849998 2 4 2
1.78468 0.0869232 0.0869232 2 4 2
1.82404 0.0889084 0.0889084 2 4 2
1.864 0.0909626 0.0909626 2 4 2
1.90458 0.0930926 0.0930926 2 4 2
1.94577 0.0953045 0.0953045 2 4 2
1.98757 0.0976041 0.0976041 2 4 2
2.02997 0.0999959 0.0999959 2 4 2
2.07294 0.102484 0.102484 2 4 2
2.11646 0.105071 0.105071 2 4 2
2.16049 0.107758 0.107758 2 4 2
2.20499 0.110548 0.110548 2 4 2
2.24992 0.11344 0.11344 2 4 2
2.29524 0.116435 0.116435 2 4 2
2.34092 0.119533 0.119533 2 4 2
2.38691 0.122732 0.122732 2 4 2
2.43319 0.126033 0.126033 2 4 2
2.47973 0.129435 0.129435 2 4 2
2.52649 0.132937 0.132937 2 4 2
2.57345 0.136538 0.136538 2 4 2
2.6206 0.140238 0.140238 2 4 2
2.66792 0.144036 0.144036 2 4 2
2.71538 0.147932 0.147932 2 4 2
2.76297 0.151925 0.151925 2 4 2
2.81068 0.156015 0.156015 2 4 2
2.85851 0.160202 0.160202 2 4 2
2.90642 0.164484 0.164484 2 4 2
2.95443 0.168862 0.168862 2 4 2
3.00252 0.173336 0.173336 2 4 2
3.05068 0.177905 0.177905 2 4 2
3.09891 0.182569 0.182569 2 4 2
3.1472 0.187328 0.187328 2 4 2
3.19554 0.192181 0.192181 2 4 2
3.24394 0.197129 0.197129 2 4 2
3.29238 0.202171 0.202171 2 4 2
3.34086 0.207307 0.207307 2 4 2
3.38938 0.212536 0.212536 2 4 2
3.43794 0.217859 0.217859 2 4 2
3.48652 0.223276 0.223276 2 4 2
3.53514 0.228785 0.228785 2 4 2
3.58378 0.234387 0.234387 2 4 2
3.63245 0.240082 0.240082 2 4 2
3.68114 0.24587 0.24587 2 4 2
3.72984 0.251749 0.251749 2 4 2
3.77857 0.25772 0.25772 2 4 2
3.82731 0.263783 0.263783 2 4 2
3.87606 0.269937 0.269937 2 4 2
3.92483 0.276182 0.276182 2 4 2
3.97361 0.282517 0.282517 2 4 2
4.0224 0.288943 0.288943 2 4 2
4.07119 0.295458 0.295458 2 4 2
4.11999 0.302063 0.302063 2 4 2
4.1688 0.308757 0.308757 2 4 2
4.21761 0.31554 0.31554 2 4 2
4.26642 0.322412 0.322412 2 4 2
4.31524 0.329371 0.329371 2 4 2
4.36406 0.336418 0.336418 2 4 2
4.41287 0.343552 0.343552 2 4 2
4.46169 0.350773 0.350773 2 4 2
4.5105 0.35808 0.35808 2 4 2
4.55931 0.365472 0.365472 2 4 2
4.60811 0.37295 0.37295 2 4 2
4.65691 0.380512 0.380512 2 4 2
4.70571 0.388158 0.388158 2 4 2
4.75449 0.395888 0.395888 2 4 2
4.80327 0.403701 0.403701 2 4 2
4.85204 0.411596 0.411596 2 4 2
4.9008 0.419573 0.419573 2 4 2
4.94955 0.427631 0.427631 2 4 2
4.99828 0.435769 0.435769 2 4 2
5.047 0.443986 0.443986 2 4 2
2.03004 0.443986 0.443986 2 5 2
2.03004 0.443986 0.443986 2 5 2
2.03004 0.443986 0.443986 2 5 2
2.03004 0.443986 0.443986 2 5 2
2.03004 0.443986 0.443986 2 5 2
2.03004 0.1 0.1 2 5 2
2.03431 0.100244 0.100244 2 5 2
2.04286 0.100736 0.100736 2 5 2
2.06004 0.10173 0.10173 2 5 2
2.09467 0.103767 0.103767 2 5 2
2.13845 0.106404 0.106404 2 5 2
2.18272 0.109143 0.109143 2 5 2
2.22744 0.111984 0.111984 2 5 2
2.27257 0.114927 0.114927 2 5 2
2.31808 0.117974 0.117974 2 5 2
2.36392 0.121123 0.121123 2 5 2
2.41006 0.124373 0.124373 2 5 2
2.45647 0.127725 0.127725 2 5 2
2.50312 0.131176 0.131176 2 5 2
2.54999 0.134728 0.134728 2 5 2
2.59705 0.138379 0.138379 2 5 2
2.64428 0.142128 0.142128 2 5 2
2.69167 0.145975 0.145975 2 5 2
2.7392 0.14992 0.14992 2 5 2
2.78685 0.153962 0.153962 2 5 2
2.83462 0.1581 0.1581 2 5 2
2.88249 0.162334 0.162334 2 5 2
2.93046 0.166665 0.166665 2 5 2
2.97851 0.171091 0.171091 2 5 2
3.02663 0.175612 0.175612 2 5 2
3.07483 0.180229 0.180229 2 5 2
3.12309 0.184941 0.184941 2 5 2
3.1714 0.189747 0.189747 2 5 2
3.21977 0.194647 0.194647 2 5 2
3.26819 0.199642 0.199642 2 5 2
3.31665 0.204731 0.204731 2 5 2
3.36516 0.209914 0.209914 2 5 2
3.41369 0.215191 0.215191 2 5 2
3.46227 0.22056 0.22056 2 5 2
3.51087 0.226023 0.226023 2 5 2
3.5595 0.231579 0.231579 2 5 2
3.60815 0.237228 0.237228 2 5 2
3.65683 0.242969 0.242969 2 5 2
3.70553 0.248803 0.248803 2 5 2
3.75425 0.254728 0.254728 2 5 2
3.80298 0.260745 0.260745 2 5 2
3.85173 0.266854 0.266854 2 5 2
3.90049 0.273053 0.273053 2 5 2
3.94926 0.279343 0.279343 2 5 2
3.99804 0.285724 0.285724 2 5 2
4.04683 0.292195 0.292195 2 5 2
4.09563 0.298755 0.298755 2 5 2
4.14444 0.305405 0.305405 2 5 2
4.19325 0.312144 0.312144 2 5 2
4.24206 0.318971 0.318971 2 5 2
4.29087 0.325886 0.325886 2 5 2
4.33969 0.33289 0.33289 2 5 2
4.38851 0.33998 0.33998 2 5 2
4.43732 0.347158 0.347158 2 5 2
4.48614 0.354422 0.354422 2 5 2
4.53495 0.361771 0.361771 2 5 2
4.58375 0.369207 0.369207 2 5 2
4.63256 0.376727 0.376727 2 5 2
4.68135 0.384331 0.384331 2 5 2
4.73014 0.392019 0.392019 2 5 2
4.77893 0.399791 0.399791 2 5 2
4.8277 0.407645 0.407645 2 5 2
4.87646 0.415581 0.415581 2 5 2
4.92522 0.423599 0.423599 2 5 2
4.97396 0.431697 0.431697 2 5 2
5.02268 0.439874 0.439874 2 5 2
2.0008 0.439874 0.439874 2 6 5
2.00083 0.439874 0.439874 2 6 5
2.00083 0.439874 0.439874 2 6 5
2.00083 0.439874 0.439874 2 6 5
2.00083 0.439874 0.439874 2 6 5
2.00083 0.1 0.1 2 6 5
2.004 0.100205 0.100205 2 6 5
2.01039 0.100624 0.100624 2 6 5
2.02482 0.101589 0.101589 2 6 5
2.03807 0.102503 0.102503 2 6 5
2.05203 0.103509 0.103509 2 6 5
2.07175 0.10503 0.10503 2 6 5
2.09695 0.107305 0.107305 2 6 5
2.11326 0.109478 0.109478 2 6 5
2.11681 0.110433 0.110433 2 6 5
2.11781 0.111119 0.111119 2 6 5
2.11818 0.110737 0.110737 2 6 5
2.1161 0.110154 0.110154 2 6 5
2.11628 0.110204 0.110204 2 6 5
2.11644 0.110248 0.110248 2 6 5
2.1168 0.110344 0.110344 2 6 5
2.11774 0.110595 0.110595 2 6 5
2.11995 0.111197 0.111197 2 6 5
2.12305 0.112042 0.112042 2 6 5
2.12694 0.113116 0.113116 2 6 5
2.13164 0.114429 0.114429 2 6 5
2.13716 0.115994 0.115994 2 6 5
2.14352 0.117826 0.117826 2 6 5
2.15073 0.119942 0.119942 2 6 5
2.15883 0.122363 0.122363 2 6 5
2.16784 0.125114 0.125114 2 6 5
2.17781 0.128223 0.128223 2 6 5
2.18882 0.131722 0.131722 2 6 5
2.20092 0.135649 0.135649 2 6 5
2.21423 0.140043 0.140043 2 6 5
2.22886 0.144949 0.144949 2 6 5
2.24494 0.150408 0.150408 2 6 5
2.26264 0.156455 0.156455 2 6 5
2.28202 0.16309 0.16309 2 6 5
2.30286 0.170166 0.170166 2 6 5
2.31251 0.173393 0.173393 2 6 5
2.31475 0.174131 0.174131 2 6 5
2.31237 0.173366 0.173366 2 6 5
2.3056 0.171223 0.171223 2 6 5
2.29376 0.167555 0.167555 2 6 5
2.27579 0.162117 0.162117 2 6 5
2.25837 0.156965 0.156965 2 6 5
2.24192 0.152194 0.152194 2 6 5
2.22659 0.147824 0.147824 2 6 5
2.21243 0.143849 0.143849 2 6 5
2.19946 0.140254 0.140254 2 6 5
2.18764 0.13702 0.13702 2 6 5
2.17695 0.134127 0.134127 2 6 5
2.16735 0.131556 0.131556 2 6 5
2.15882 0.129287 0.129287 2 6 5
2.1513 0.127305 0.127305 2 6 5
2.14476 0.125594 0.125594 2 6 5
2.13918 0.124141 0.124141 2 6 5
2.13453 0.122936 0.122936 2 6 5
2.13078 0.121968 0.121968 2 6 5
2.1279 0.121229 0.121229 2 6 5
2.1259 0.120715 0.120715 2 6 5
2.12474 0.120417 0.120417 2 6 5
2.12185 0.119642 0.119642 2 6 5
2.12456 0.120358 0.120358 2 6 5
2.12652 0.120875 0.120875 2 6 5
2.12884 0.12147 0.12147 2 6 5
2.13203 0.122291 0.122291 2 6 5
2.13611 0.123343 0.123343 2 6 5
2.14109 0.124637 0.124637 2 6 5
2.14701 0.126182 0.126182 2 6 5
2.1539 0.127989 0.127989 2 6 5
2.16178 0.130073 0.130073 2 6 5
2.1707 0.132449 0.132449 2 6 5
2.18068 0.135134 0.135134 2 6 5
2.19177 0.138147 0.138147 2 6 5
2.20401 0.141509 0.141509 2 6 5
2.21741 0.145239 0.145239 2 6 5
2.23199 0.149354 0.149354 2 6 5
2.24773 0.153868 0.153868 2 6 5
2.26454 0.158776 0.158776 2 6 5
2.28218 0.164034 0.164034 2 6 5
2.29996 0.169466 0.169466 2 6 5
2.31438 0.174009 0.174009 2 6 5
2.31398 0.17388 0.17388 2 6 5
2.3096 0.172426 0.172426 2 6 5
2.30099 0.169537 0.169537 2 6 5
2.28791 0.165097 0.165097 2 6 5
2.26929 0.158733 0.158733 2 6 5
2.25093 0.152452 0.152452 2 6 5
2.23427 0.146781 0.146781 2 6 5
2.21914 0.141684 0.141684 2 6 5
2.20539 0.137116 0.137116 2 6 5
2.19288 0.133031 0.133031 2 6 5
2.1815 0.129388 0.129388 2 6 5
2.17118 0.126147 0.126147 2 6 5
2.16184 0.123276 0.123276 2 6 5
2.15343 0.120743 0.120743 2 6 5
2.14591 0.118524 0.118524 2 6 5
2.13926 0.116596 0.116596 2 6 5
2.13345 0.114941 0.114941 2 6 5
2.12847 0.113542 0.113542 2 6 5
2.1243 0.112386 0.112386 2 6 5
2.12093 0.111463 0.111463 2 6 5
2.11836 0.110764 0.110764 2 6 5
2.11657 0.110281 0.110281 2 6 5
2.11557 0.110012 0.110012 2 6 5
2.11527 0.109932 0.109932 2 6 5
2.11518 0.109929 0.109929 2 6 5
2.11557 0.110014 0.110014 2 6 5
2.11636 0.110226 0.110226 2 6 5
2.11785 0.110625 0.110625 2 6 5
2.11894 0.110921 0.110921 2 6 5
2.12036 0.111308 0.111308 2 6 5
2.12295 0.112014 0.112014 2 6 5
2.12681 0.113081 0.113081 2 6 5
2.13149 0.114387 0.114387 2 6 5
2.13699 0.115945 0.115945 2 6 5
2.14332 0.117769 0.117769 2 6 5
2.15051 0.119876 0.119876 2 6 5
2.15858 0.122288 0.122288 2 6 5
2.16756 0.125029 0.125029 2 6 5
2.17751 0.128127 0.128127 2 6 5
2.18848 0.131615 0.131615 2 6 5
2.20055 0.135528 0.135528 2 6 5
2.21382 0.139908 0.139908 2 6 5
2.22841 0.144799 0.144799 2 6 5
2.24445 0.150241 0.150241 2 6 5
2.2621 0.156271 0.156271 2 6 5
2.28144 0.162889 0.162889 2 6 5
2.30224 0.169959 0.169959 2 6 5
2.31202 0.17323 0.17323 2 6 5
2.31473 0.174125 0.174125 2 6 5
2.31283 0.173512 0.173512 2 6 5
2.30615 0.171397 0.171397 2 6 5
2.29434 0.167733 0.167733 2 6 5
2.27636 0.162287 0.162287 2 6 5
2.25891 0.157123 0.157123 2 6 5
2.24243 0.15234 0.15234 2 6 5
2.22706 0.147957 0.147957 2 6 5
2.21287 0.14397 0.14397 2 6 5
2.19985 0.140363 0.140363 2 6 5
2.188 0.137118 0.137118 2 6 5
2.17727 0.134214 0.134214 2 6 5
2.16764 0.131633 0.131633 2 6 5
2.15907 0.129355 0.129355 2 6 5
2.15152 0.127364 0.127364 2 6 5
2.14496 0.125645 0.125645 2 6 5
2.13935 0.124184 0.124184 2 6 5
2.13467 0.122971 0.122971 2 6 5
2.13088 0.121995 0.121995 2 6 5
2.12799 0.121251 0.121251 2 6 5
2.12595 0.120728 0.120728 2 6 5
2.12477 0.120425 0.120425 2 6 5
2.12316 0.120004 0.120004 2 6 5
2.12557 0.120635 0.120635 2 6 5
2.12639 0.120841 0.120841 2 6 5
2.12866 0.121422 0.121422 2 6 5
2.13178 0.122226 0.122226 2 6 5
2.13579 0.123263 0.123263 2 6 5
2.14072 0.124539 0.124539 2 6 5
2.14657 0.126066 0.126066 2 6 5
2.15339 0.127855 0.127855 2 6 5
2.1612 0.129919 0.129919 2 6 5
2.17004 0.132274 0.132274 2 6 5
2.17995 0.134937 0.134937 2 6 5
2.19097 0.137927 0.137927 2 6 5
2.20312 0.141264 0.141264 2 6 5
2.21644 0.144968 0.144968 2 6 5
2.23094 0.149056 0.149056 2 6 5
2.2466 0.153542 0.153542 2 6 5
2.26334 0.158423 0.158423 2 6 5
2.28094 0.16366 0.16366 2 6 5
2.29876 0.169093 0.169093 2 6 5
2.31382 0.17383 0.17383 2 6 5
2.31464 0.174095 0.174095 2 6 5
2.3115 0.173058 0.173058 2 6 5
2.30287 0.170172 0.170172 2 6 5
2.28959 0.165672 0.165672 2 6 5
2.27081 0.159255 0.159255 2 6 5
2.25231 0.152923 0.152923 2 6 5
2.23553 0.147206 0.147206 2 6 5
2.22028 0.142065 0.142065 2 6 5
2.20642 0.137457 0.137457 2 6 5
2.19382 0.133336 0.133336 2 6 5
2.18236 0.129659 0.129659 2 6 5
2.17195 0.126388 0.126388 2 6 5
2.16254 0.123489 0.123489 2 6 5
2.15405 0.120931 0.120931 2 6 5
2.14647 0.118688 0.118688 2 6 5
2.13975 0.116738 0.116738 2 6 5
2.13388 0.115061 0.115061 2 6 5
2.12883 0.113643 0.113643 2 6 5
2.1246 0.112469 0.112469 2 6 5
2.12117 0.111528 0.111528 2 6 5
2.11853 0.110811 0.110811 2 6 5
2.11668 0.110311 0.110311 2 6 5
2.11561 0.110024 0.110024 2 6 5
2.11536 0.109956 0.109956 2 6 5
2.11525 0.109927 0.109927 2 6 5
2.11537 0.109959 0.109959 2 6 5
2.11574 0.110058 0.110058 2 6 5
2.11645 0.11025 0.11025 2 6 5
2.11763 0.110568 0.110568 2 6 5
2.11924 0.111002 0.111002 2 6 5
2.12149 0.111615 0.111615 2 6 5
2.12456 0.112458 0.112458 2 6 5
2.12878 0.113629 0.113629 2 6 5
2.13382 0.115045 0.115045 2 6 5
2.13969 0.116718 0.116718 2 6 5
2.14639 0.118665 0.118665 2 6 5
2.15397 0.120905 0.120905 2 6 5
2.16244 0.12346 0.12346 2 6 5
2.17184 0.126355 0.126355 2 6 5
2.18224 0.129621 0.129621 2 6 5
2.19368 0.133292 0.133292 2 6 5
2.20627 0.137407 0.137407 2 6 5
2.22011 0.142008 0.142008 2 6 5
2.23532 0.147137 0.147137 2 6 5
2.25206 0.152837 0.152837 2 6 5
2.27045 0.159131 0.159131 2 6 5
2.29052 0.165985 0.165985 2 6 5
2.31134 0.173006 0.173006 2 6 5
2.31458 0.174075 0.174075 2 6 5
2.3137 0.173793 0.173793 2 6 5
2.30817 0.172032 0.172032 2 6 5
2.29768 0.16876 0.16876 2 6 5
2.281 0.16368 0.16368 2 6 5
2.26336 0.158428 0.158428 2 6 5
2.2466 0.153543 0.153543 2 6 5
2.23094 0.149056 0.149056 2 6 5
2.21644 0.144967 0.144967 2 6 5
2.20312 0.141263 0.141263 2 6 5
2.19096 0.137926 0.137926 2 6 5
2.17995 0.134936 0.134936 2 6 5
2.17004 0.132273 0.132273 2 6 5
2.1612 0.129918 0.129918 2 6 5
2.15339 0.127854 0.127854 2 6 5
2.14657 0.126065 0.126065 2 6 5
2.14071 0.124539 0.124539 2 6 5
2.13579 0.123262 0.123262 2 6 5
2.13178 0.122226 0.122226 2 6 5
2.12865 0.121422 0.121422 2 6 5
2.1264 0.120842 0.120842 2 6 5
2.12499 0.120482 0.120482 2 6 5
2.12461 0.120385 0.120385 2 6 5
2.1241 0.120254 0.120254 2 6 5
2.12465 0.120395 0.120395 2 6 5
2.12555 0.120624 0.120624 2 6 5
2.12734 0.121085 0.121085 2 6 5
2.13 0.121768 0.121768 2 6 5
2.13354 0.12268 0.12268 2 6 5
2.13797 0.123827 0.123827 2 6 5
2.14333 0.125219 0.125219 2 6 5
2.14963 0.126866 0.126866 2 6 5
2.1569 0.128781 0.128781 2 6 5
2.16519 0.130979 0.130979 2 6 5
2.17453 0.133475 0.133475 2 6 5
2.18495 0.136289 0.136289 2 6 5
2.19649 0.139438 0.139438 2 6 5
2.20918 0.142943 0.142943 2 6 5
2.22305 0.146824 0.146824 2 6 5
2.23809 0.151097 0.151097 2 6 5
2.25427 0.155768 0.155768 2 6 5
2.27146 0.160824 0.160824 2 6 5
2.28929 0.166188 0.166188 2 6 5
2.3066 0.171537 0.171537 2 6 5
2.31337 0.173687 0.173687 2 6 5
2.31419 0.173949 0.173949 2 6 5
2.30443 0.170697 0.170697 2 6 5
2.29428 0.167266 0.167266 2 6 5
2.28024 0.162482 0.162482 2 6 5
2.26093 0.155871 0.155871 2 6 5
2.24334 0.149863 0.149863 2 6 5
2.22738 0.144452 0.144452 2 6 5
2.21288 0.139595 0.139595 2 6 5
2.19969 0.135247 0.135247 2 6 5
2.1877 0.131363 0.131363 2 6 5
2.1768 0.127903 0.127903 2 6 5
2.16691 0.12483 0.12483 2 6 5
2.15799 0.122112 0.122112 2 6 5
2.14998 0.119722 0.119722 2 6 5
2.14286 0.117634 0.117634 2 6 5
2.13658 0.115829 0.115829 2 6 5
2.13114 0.114289 0.114289 2 6 5
2.12652 0.113 0.113 2 6 5
2.12271 0.111949 0.111949 2 6 5
2.11969 0.111126 0.111126 2 6 5
2.11747 0.110523 0.110523 2 6 5
2.11602 0.110134 0.110134 2 6 5
2.11533 0.109949 0.109949 2 6 5
2.11546 0.109983 0.109983 2 6 5
2.11636 0.110224 0.110224 2 6 5
2.11802 0.110673 0.110673 2 6 5
2.11915 0.110978 0.110978 2 6 5
2.12061 0.111377 0.111377 2 6 5
2.12326 0.112101 0.112101 2 6 5
2.1272 0.113189 0.113189 2 6 5
2.13195 0.114518 0.114518 2 6 5
2.13753 0.116099 0.116099 2 6 5
2.14394 0.117948 0.117948 2 6 5
2.1512 0.120082 0.120082 2 6 5
2.15935 0.122523 0.122523 2 6 5
2.16842 0.125295 0.125295 2 6 5
2.17846 0.128427 0.128427 2 6 5
2.18953 0.131951 0.131951 2 6 5
2.2017 0.135905 0.135905 2 6 5
2.21509 0.14033 0.14033 2 6 5
2.2298 0.145268 0.145268 2 6 5
2.24598 0.150763 0.150763 2 6 5
2.26378 0.156847 0.156847 2 6 5
2.28327 0.163516 0.163516 2 6 5
2.30415 0.170602 0.170602 2 6 5
2.31347 0.173712 0.173712 2 6 5
2.31445 0.174035 0.174035 2 6 5
2.31122 0.172999 0.172999 2 6 5
2.30423 0.170795 0.170795 2 6 5
2.29233 0.167116 0.167116 2 6 5
2.27439 0.161697 0.161697 2 6 5
2.25703 0.156573 0.156573 2 6 5
2.24067 0.151834 0.151834 2 6 5
2.22543 0.147495 0.147495 2 6 5
2.21136 0.143551 0.143551 2 6 5
2.19848 0.139985 0.139985 2 6 5
2.18675 0.136779 0.136779 2 6 5
2.17615 0.133912 0.133912 2 6 5
2.16664 0.131365 0.131365 2 6 5
2.15818 0.12912 0.12912 2 6 5
2.15075 0.12716 0.12716 2 6 5
2.14429 0.12547 0.12547 2 6 5
2.13878 0.124037 0.124037 2 6 5
2.1342 0.122851 0.122851 2 6 5
2.13052 0.121901 0.121901 2 6 5
2.12772 0.121181 0.121181 2 6 5
2.12578 0.120684 0.120684 2 6 5
2.12471 0.120409 0.120409 2 6 5
2.12659 0.120875 0.120875 2 6 5
2.12699 0.120971 0.120971 2 6 5
2.11678 0.117777 0.117777 2 6 5
2.11575 0.117331 0.117331 2 6 5
2.1161 0.117562 0.117562 2 6 5
2.11714 0.118035 0.118035 2 6 5
2.11779 0.118307 0.118307 2 6 5
2.11847 0.118566 0.118566 2 6 5
2.12003 0.119095 0.119095 2 6 5
2.12332 0.120046 0.120046 2 6 5
2.13209 0.122101 0.122101 2 6 5
2.14074 0.123773 0.123773 2 6 5
2.15023 0.125405 0.125405 2 6 5
2.16746 0.12806 0.12806 2 6 5
2.18794 0.130896 0.130896 2 6 5
2.2105 0.133769 0.133769 2 6 5
2.23498 0.136688 0.136688 2 6 5
2.26713 0.1403 0.1403 2 6 5
2.30139 0.143948 0.143948 2 6 5
2.33737 0.147611 0.147611 2 6 5
2.37479 0.151281 0.151281 2 6 5
2.39397 0.153116 0.153116 2 6 5
2.41346 0.154953 0.154953 2 6 5
2.43327 0.156795 0.156795 2 6 5
2.45524 0.15881 0.15881 2 6 5
2.47188 0.16032 0.16032 2 6 5
2.50559 0.163336 0.163336 2 6 5
2.54325 0.166649 0.166649 2 6 5
2.58535 0.170293 0.170293 2 6 5
2.62801 0.173931 0.173931 2 6 5
2.67115 0.177564 0.177564 2 6 5
2.69288 0.179379 0.179379 2 6 5
2.73664 0.183008 0.183008 2 6 5
2.78075 0.186638 0.186638 2 6 5
2.82518 0.190271 0.190271 2 6 5
2.86989 0.19391 0.19391 2 6 5
2.91485 0.197557 0.197557 2 6 5
2.96003 0.201215 0.201215 2 6 5
3.00559 0.204891 0.204891 2 6 5
3.05108 0.208568 0.208568 2 6 5
3.09693 0.212277 0.212277 2 6 5
3.14287 0.216001 0.216001 2 6 5
3.18894 0.219747 0.219747 2 6 5
3.23514 0.223517 0.223517 2 6 5
3.28148 0.227315 0.227315 2 6 5
3.32792 0.231141 0.231141 2 6 5
3.37447 0.234998 0.234998 2 6 5
3.42112 0.238888 0.238888 2 6 5
3.46786 0.242814 0.242814 2 6 5
3.51469 0.246776 0.246776 2 6 5
3.56159 0.250776 0.250776 2 6 5
3.60857 0.254817 0.254817 2 6 5
3.65562 0.2589 0.2589 2 6 5
3.70274 0.263027 0.263027 2 6 5
3.74992 0.267199 0.267199 2 6 5
3.79716 0.271419 0.271419 2 6 5
3.84445 0.275687 0.275687 2 6 5
3.8918 0.280006 0.280006 2 6 5
3.9392 0.284376 0.284376 2 6 5
3.98665 0.288799 0.288799 2 6 5
4.03414 0.293277 0.293277 2 6 5
4.08167 0.297812 0.297812 2 6 5
4.12925 0.302404 0.302404 2 6 5
4.17687 0.307056 0.307056 2 6 5
4.22452 0.311768 0.311768 2 6 5
4.27221 0.316542 0.316542 2 6 5
4.31993 0.32138 0.32138 2 6 5
4.36769 0.326282 0.326282 2 6 5
4.41547 0.331251 0.331251 2 6 5
4.46329 0.336288 0.336288 2 6 5
4.51113 0.341395 0.341395 2 6 5
4.559 0.346572 0.346572 2 6 5
4.60689 0.351821 0.351821 2 6 5
4.65481 0.357144 0.357144 2 6 5
4.70275 0.362543 0.362543 2 6 5
4.75071 0.368019 0.368019 2 6 5
4.79869 0.373573 0.373573 2 6 5
4.84669 0.379207 0.379207 2 6 5
4.8947 0.384923 0.384923 2 6 5
4.94273 0.390723 0.390723 2 6 5
4.99078 0.396608 0.396608 2 6 5
5.03884 0.40258 0.40258 2 6 5
2.0008 0.40258 0.40258 2 9 5
2.00083 0.40258 0.40258 2 9 5
2.00083 0.40258 0.40258 2 9 5
2.00083 0.40258 0.40258 2 9 5
2.00083 0.40258 0.40258 2 9 5
2.00083 0.1 0.1 2 9 5
1.99838 0.0998425 0.0998425 2 9 5
1.99671 0.099736 0.099736 2 9 5
1.99332 0.0995198 0.0995198 2 9 5
1.98644 0.0990867 0.0990867 2 9 5
1.97181 0.0981773 0.0981773 2 9 5
1.95761 0.097315 0.097315 2 9 5
1.94185 0.0963784 0.0963784 2 9 5
1.91776 0.0949833 0.0949833 2 9 5
1.89352 0.0936185 0.0936185 2 9 5
1.86673 0.0921498 0.0921498 2 9 5
1.82961 0.0901776 0.0901776 2 9 5
1.79234 0.0882605 0.0882605 2 9 5
1.75499 0.086395 0.086395 2 9 5
1.71763 0.0845777 0.0845777 2 9 5
1.6803 0.0828042 0.0828042 2 9 5
1.64302 0.0810703 0.0810703 2 9 5
1.60584 0.0793716 0.0793716 2 9 5
1.56877 0.0777035 0.0777035 2 9 5
1.53183 0.0760612 0.0760612 2 9 5
1.49505 0.07444 0.07444 2 9 5
1.45845 0.0728345 0.0728345 2 9 5
1.42205 0.0712394 0.0712394 2 9 5
1.38586 0.0696489 0.0696489 2 9 5
1.34991 0.0680569 0.0680569 2 9 5
1.3142 0.0664569 0.0664569 2 9 5
1.27877 0.0648421 0.0648421 2 9 5
1.24362 0.0632051 0.0632051 2 9 5
1.20878 0.0615382 0.0615382 2 9 5
1.17428 0.0598334 0.0598334 2 9 5
1.14013 0.0580821 0.0580821 2 9 5
1.10635 0.0562756 0.0562756 2 9 5
1.07298 0.0544051 0.0544051 2 9 5
1.04005 0.0524616 0.0524616 2 9 5
1.00758 0.0504365 0.0504365 2 9 5
0.975615 0.0483217 0.0483217 2 9 5
0.944189 0.0461099 0.0461099 2 9 5
0.913346 0.043795 0.043795 2 9 5
0.883136 0.041373 0.041373 2 9 5
0.853614 0.0388423 0.0388423 2 9 5
0.824844 0.0362045 0.0362045 2 9 5
0.796899 0.0334654 0.0334654 2 9 5
0.769868 0.0306359 0.0306359 2 9 5
0.743854 0.0277334 0.0277334 2 9 5
0.718982 0.0247826 0.0247826 2 9 5
0.695401 0.021817 0.021817 2 9 5
0.673286 0.0188796 0.0188796 2 9 5
0.652838 0.0160227 0.0160227 2 9 5
0.634276 0.0133063 0.0133063 2 9 5
0.61781 0.0107935 0.0107935 2 9 5
0.603613 0.00854368 0.00854368 2 9 5
0.591781 0.00660312 0.00660312 2 9 5
0.582286 0.00499578 0.00499578 2 9 5
0.57494 0.00371455 0.00371455 2 9 5
0.569406 0.00272049 0.00272049 2 9 5
0.565277 0.00195638 0.00195638 2 9 5
0.562184 0.00136589 0.00136589 2 9 5
0.559847 0.000904754 0.000904754 2 9 5
0.558077 0.000543159 0.000543159 2 9 5
0.557709 0.000466317 0.000466317 2 9 5
0.557337 0.000387765 0.000387765 2 9 5
0.556964 0.000308423 0.000308423 2 9 5
0.55663 0.000236663 0.000236663 2 9 5
0.556337 0.000172815 0.000172815 2 9 5
1.74285 0.000172815 0.000172815 2 10 6
1.74285 0.000172815 0.000172815 2 10 6
1.74285 0.000172815 0.000172815 2 10 6
1.74285 0.000172815 0.000172815 2 10 6
1.74285 0.000172815 0.000172815 2 10 6
1.74285 0.1 0.1 2 10 6
1.73954 0.0996904 0.0996904 2 10 6
1.73293 0.0990763 0.0990763 2 10 6
1.71975 0.0978675 0.0978675 2 10 6
1.69353 0.0955256 0.0955256 2 10 6
1.661 0.0927329 0.0927329 2 10 6
1.62872 0.0900802 0.0900802 2 10 6
1.59666 0.0875571 0.0875571 2 10 6
1.5648 0.0851529 0.0851529 2 10 6
1.53309 0.0828573 0.0828573 2 10 6
1.50149 0.0806599 0.0806599 2 10 6
1.46998 0.0785504 0.0785504 2 10 6
1.43849 0.0765183 0.0765183 2 10 6
1.407 0.0745533 0.0745533 2 10 6
1.37546 0.0726445 0.0726445 2 10 6
1.34383 0.0707812 0.0707812 2 10 6
1.31207 0.068952 0.068952 2 10 6
1.28014 0.0671454 0.0671454 2 10 6
1.24801 0.0653494 0.0653494 2 10 6
1.21569 0.0635516 0.0635516 2 10 6
1.18316 0.0617396 0.0617396 2 10 6
1.15048 0.0599011 0.0599011 2 10 6
1.1177 0.0580243 0.0580243 2 10 6
1.08492 0.056098 0.056098 2 10 6
1.05226 0.0541119 0.0541119 2 10 6
1.01984 0.0520567 0.0520567 2 10 6
0.987781 0.0499233 0.0499233 2 10 6
0.956186 0.0477036 0.0477036 2 10 6
0.925141 0.0453899 0.0453899 2 10 6
0.894715 0.0429762 0.0429762 2 10 6
0.864972 0.0404581 0.0404581 2 10 6
0.835972 0.0378347 0.0378347 2 10 6
0.807784 0.0351088 0.0351088 2 10 6
0.780488 0.0322885 0.0322885 2 10 6
0.754179 0.0293884 0.0293884 2 10 6
0.728973 0.0264304 0.0264304 2 10 6
0.705009 0.023445 0.023445 2 10 6
0.682453 0.0204724 0.0204724 2 10 6
0.661499 0.0175625 0.0175625 2 10 6
0.64236 0.0147738 0.0147738 2 10 6
0.625249 0.0121701 0.0121701 2 10 6
0.610357 0.00981362 0.00981362 2 10 6
0.597805 0.00775667 0.00775667 2 10 6
0.587599 0.00603052 0.00603052 2 10 6
0.579587 0.00463503 0.00463503 2 10 6
0.573446 0.00353525 0.00353525 2 10 6
0.568769 0.0026737 0.0026737 2 10 6
0.565168 0.00199091 0.00199091 2 10 6
0.562348 0.00143907 0.00143907 2 10 6
0.561178 0.0012041 0.0012041 2 10 6
1.74285 0.0012041 0.0012041 2 11 6
1.74285 0.0012041 0.0012041 2 11 6
1.74285 0.0012041 0.0012041 2 11 6
1.74285 0.0012041 0.0012041 2 11 6
1.74285 0.0012041 0.0012041 2 11 6
1.74285 0.1 0.1 2 11 6
1.74616 0.100311 0.100311 2 11 6
1.75279 0.100939 0.100939 2 11 6
1.7661 0.102214 0.102214 2 11 6
1.79286 0.10485 0.10485 2 11 6
1.82661 0.10831 0.10831 2 11 6
1.86068 0.111964 0.111964 2 11 6
1.89506 0.115823 0.115823 2 11 6
1.92973 0.119896 0.119896 2 11 6
1.96466 0.124196 0.124196 2 11 6
1.99979 0.128732 0.128732 2 11 6
2.03506 0.133515 0.133515 2 11 6
2.07037 0.138559 0.138559 2 11 6
2.10562 0.143877 0.143877 2 11 6
2.14065 0.149483 0.149483 2 11 6
2.17531 0.155395 0.155395 2 11 6
2.2094 0.161631 0.161631 2 11 6
2.24272 0.168207 0.168207 2 11 6
2.27511 0.17513 0.17513 2 11 6
2.30645 0.18239 0.18239 2 11 6
2.33672 0.189939 0.189939 2 11 6
2.36592 0.197653 0.197653 2 11 6
2.39384 0.205248 0.205248 2 11 6
2.41923 0.211995 0.211995 2 11 6
2.4365 0.21555 0.21555 2 11 6
2.42867 0.210416 0.210416 2 11 6
2.40893 0.202648 0.202648 2 11 6
2.38849 0.195245 0.195245 2 11 6
2.36829 0.188212 0.188212 2 11 6
2.34911 0.181679 0.181679 2 11 6
2.33143 0.175712 0.175712 2 11 6
2.31555 0.170335 0.170335 2 11 6
2.30169 0.165553 0.165553 2 11 6
2.29003 0.161364 0.161364 2 11 6
2.28074 0.157761 0.157761 2 11 6
2.27403 0.15474 0.15474 2 11 6
2.27014 0.152304 0.152304 2 11 6
2.26938 0.150459 0.150459 2 11 6
2.27214 0.149224 0.149224 2 11 6
2.2789 0.148624 0.148624 2 11 6
2.2902 0.14869 0.14869 2 11 6
2.30656 0.149444 0.149444 2 11 6
2.32826 0.150883 0.150883 2 11 6
2.35518 0.152953 0.152953 2 11 6
2.38668 0.15555 0.15555 2 11 6
2.42181 0.158544 0.158544 2 11 6
2.4596 0.161811 0.161811 2 11 6
2.49925 0.165256 0.165256 2 11 6
2.54021 0.168815 0.168815 2 11 6
2.58208 0.172448 0.172448 2 11 6
2.62462 0.176129 0.176129 2 11 6
2.66764 0.179845 0.179845 2 11 6
2.71105 0.18359 0.18359 2 11 6
2.75475 0.187358 0.187358 2 11 6
2.79869 0.191151 0.191151 2 11 6
2.84282 0.19497 0.19497 2 11 6
2.88713 0.198815 0.198815 2 11 6
2.93158 0.202689 0.202689 2 11 6
2.97616 0.206597 0.206597 2 11 6
3.02085 0.21054 0.21054 2 11 6
3.06564 0.214521 0.214521 2 11 6
3.11052 0.218545 0.218545 2 11 6
3.15548 0.222614 0.222614 2 11 6
3.20051 0.226731 0.226731 2 11 6
3.24562 0.2309 0.2309 2 11 6
3.29079 0.235124 0.235124 2 11 6
3.33602 0.239405 0.239405 2 11 6
3.38131 0.243747 0.243747 2 11 6
3.42666 0.248152 0.248152 2 11 6
3.47207 0.252623 0.252623 2 11 6
3.51753 0.257163 0.257163 2 11 6
3.56304 0.261774 0.261774 2 11 6
3.60861 0.266458 0.266458 2 11 6
3.65423 0.271218 0.271218 2 11 6
3.69991 0.276055 0.276055 2 11 6
3.74564 0.280973 0.280973 2 11 6
3.79143 0.285972 0.285972 2 11 6
3.83727 0.291055 0.291055 2 11 6
3.88316 0.296224 0.296224 2 11 6
3.92912 0.301479 0.301479 2 11 6
3.97513 0.306823 0.306823 2 11 6
4.02119 0.312256 0.312256 2 11 6
4.06732 0.317781 0.317781 2 11 6
4.1135 0.323398 0.323398 2 11 6
4.15974 0.329108 0.329108 2 11 6
4.20604 0.334912 0.334912 2 11 6
4.25239 0.34081 0.34081 2 11 6
4.29881 0.346805 0.346805 2 11 6
4.34528 0.352895 0.352895 2 11 6
4.39181 0.359082 0.359082 2 11 6
4.4384 0.365366 0.365366 2 11 6
4.48505 0.371746 0.371746 2 11 6
4.53176 0.378223 0.378223 2 11 6
4.57852 0.384797 0.384797 2 11 6
4.62534 0.391468 0.391468 2 11 6
4.67222 0.398235 0.398235 2 11 6
4.71916 0.405098 0.405098 2 11 6
4.76615 0.412056 0.412056 2 11 6
4.81319 0.419109 0.419109 2 11 6
4.86029 0.426255 0.426255 2 11 6
4.90745 0.433494 0.433494 2 11 6
4.95465 0.440824 0.440824 2 11 6
5.00191 0.448245 0.448245 2 11 6
