5.5071 0.442733 -0.733005 4 1 0
5.51572 0.442518 -0.733187 3 1 0
5.52872 0.442181 -0.733442 3 1 0
5.5481 0.441659 -0.733825 3 1 0
5.58674 0.44056 -0.734655 3 1 0
5.62945 0.439247 -0.735632 3 1 0
5.67183 0.437824 -0.736616 3 1 0
5.71383 0.436308 -0.737649 3 1 0
5.75535 0.434695 -0.738854 3 1 0
5.79631 0.432932 -0.740152 3 1 0
5.8366 0.431105 -0.74138 3 1 0
5.87612 0.429175 -0.742553 3 1 0
5.91472 0.427211 -0.743642 3 1 0
5.95225 0.425065 -0.744679 3 1 0
5.98852 0.422773 -0.745688 3 1 0
6.02332 0.42036 -0.746446 3 1 0
6.05637 0.417748 -0.746878 3 1 0
6.08739 0.414966 -0.746889 3 1 0
6.11603 0.41203 -0.746648 3 1 0
6.1419 0.408906 -0.745857 3 1 0
6.16462 0.405625 -0.744342 3 1 0
6.1838 0.402209 -0.742269 3 1 0
6.1991 0.398686 -0.739327 3 1 0
6.21028 0.395097 -0.735803 3 1 0
6.21721 0.391419 -0.731505 3 1 0
6.21991 0.387848 -0.726597 3 1 0
6.21995 0.387306 -0.725775 4 1 0
6.2179 0.38369 -0.720371 4 1 0
6.21194 0.380308 -0.714629 4 1 0
6.20228 0.377086 -0.708556 4 1 0
6.1892 0.373984 -0.702601 4 1 0
6.17292 0.371002 -0.696779 4 1 0
6.1537 0.368296 -0.69115 4 1 0
6.13177 0.365741 -0.685756 4 1 0
6.10735 0.363483 -0.680837 4 1 0
6.08067 0.361426 -0.676363 4 1 0
6.05192 0.35952 -0.672223 4 1 0
6.02132 0.357887 -0.668656 4 1 0
5.98904 0.356448 -0.665329 4 1 0
5.95528 0.361595 -0.662597 4 1 0
5.92019 0.368792 -0.660028 4 1 0
5.88393 0.376063 -0.657921 4 1 0
5.84663 0.383252 -0.656017 4 1 0
5.80844 0.390347 -0.654276 4 1 0
5.76945 0.397312 -0.652922 4 1 0
5.72977 0.40413 -0.651673 4 1 0
5.6895 0.410779 -0.650536 4 1 0
5.6487 0.417241 -0.649524 4 1 0
5.60746 0.42352 -0.648747 4 1 0
5.56583 0.42965 -0.648096 4 1 0
5.52388 0.435764 -0.647508 4 1 0
5.48165 0.441644 -0.646996 4 1 0
5.43919 0.447291 -0.646557 4 1 0
5.39654 0.452689 -0.646176 4 1 0
5.35374 0.457834 -0.645863 4 1 0
5.31083 0.462712 -0.645594 4 1 0
5.26784 0.467317 -0.645395 4 1 0
5.22482 0.471857 -0.645284 4 1 0
5.18178 0.476231 -0.645227 4 1 0
5.13877 0.480316 -0.645232 4 1 0
5.09582 0.484102 -0.645244 4 1 0
5.05296 0.48758 -0.645316 4 1 0
5.01022 0.490741 -0.645418 4 1 0
4.96765 0.49381 -0.645588 4 1 0
4.92528 0.496708 -0.645738 4 1 0
4.88316 0.49927 -0.645907 4 1 0
4.84131 0.501485 -0.646118 4 1 0
4.7998 0.503341 -0.646313 4 1 0
4.75867 0.505134 -0.646511 4 1 0
4.71798 0.506712 -0.646754 4 1 0
4.67777 0.50792 -0.646947 4 1 0
4.63813 0.508735 -0.647119 4 1 0
4.5991 0.50931 -0.64729 4 1 0
4.56077 0.509873 -0.647392 4 1 0
4.52322 0.510024 -0.647431 4 1 0
4.48654 0.509756 -0.647451 4 1 0
4.45083 0.509305 -0.647328 4 1 0
4.41618 0.508786 -0.647189 4 1 0
4.38272 0.507836 -0.646977 4 1 0
4.35055 0.506446 -0.646644 4 1 0
4.31981 0.505212 -0.646129 4 1 0
4.29064 0.503525 -0.645407 4 1 0
4.26318 0.501396 -0.644443 4 1 0
4.23757 0.499468 -0.6432 4 1 0
4.21396 0.497095 -0.641832 4 1 0
4.19252 0.494353 -0.64023 4 1 0
4.17337 0.49178 -0.638366 4 1 0
4.15668 0.488784 -0.636121 4 1 0
4.14256 0.485544 -0.633494 4 1 0
4.13114 0.48244 -0.630439 4 1 0
4.12252 0.478983 -0.627137 4 1 0
4.11677 0.475324 -0.623599 4 1 0
4.11394 0.471842 -0.619626 4 1 0
4.11365 0.470549 -0.618131 4 1 0
4.11543 0.47413 -0.622213 4 1 0
4.12014 0.477671 -0.625873 4 1 0
4.12776 0.481256 -0.629325 4 1 0
4.1382 0.484484 -0.632498 4 1 0
4.15137 0.487635 -0.635238 4 1 0
4.16717 0.490771 -0.637599 4 1 0
4.18547 0.493525 -0.63957 4 1 0
4.20612 0.49611 -0.641288 4 1 0
4.22898 0.498684 -0.642887 4 1 0
4.2539 0.500829 -0.644127 4 1 0
4.28073 0.502783 -0.645084 4 1 0
4.30932 0.504673 -0.64589 4 1 0
4.33953 0.50609 -0.646446 4 1 0
4.37121 0.507373 -0.646812 4 1 0
4.40423 0.508498 -0.647117 4 1 0
4.43848 0.509197 -0.647371 4 1 0
4.47384 0.509527 -0.647498 4 1 0
4.51019 0.50998 -0.647492 4 1 0
4.54744 0.509973 -0.647457 4 1 0
4.58551 0.50955 -0.647355 4 1 0
4.6243 0.50897 -0.647181 4 1 0
4.66374 0.508269 -0.647017 4 1 0
4.70376 0.507173 -0.646827 4 1 0
4.74429 0.50572 -0.646619 4 1 0
4.78528 0.503919 -0.646412 4 1 0
4.82666 0.502186 -0.646208 4 1 0
4.86839 0.50009 -0.646002 4 1 0
4.91042 0.497649 -0.645825 4 1 0
4.95271 0.494868 -0.645668 4 1 0
4.99522 0.491776 -0.645487 4 1 0
5.0379 0.488729 -0.645377 4 1 0
5.08072 0.485361 -0.645296 4 1 0
5.12364 0.481683 -0.645245 4 1 0
5.16664 0.477702 -0.645229 4 1 0
5.20967 0.473429 -0.645247 4 1 0
5.2527 0.468873 -0.645419 4 1 0
5.29571 0.464366 -0.645596 4 1 0
5.33865 0.459582 -0.645823 4 1 0
5.38149 0.454531 -0.646101 4 1 0
5.42419 0.449219 -0.64643 4 1 0
5.46672 0.443655 -0.646812 4 1 0
5.50904 0.437855 -0.647311 4 1 0
5.5511 0.431817 -0.647847 4 1 0
5.59284 0.425701 -0.648442 4 1 0
5.63423 0.419492 -0.649263 4 1 0
5.67518 0.413091 -0.650223 4 1 0
5.71565 0.4065 -0.651264 4 1 0
5.75554 0.399733 -0.652438 4 1 0
5.79478 0.392812 -0.653749 4 1 0
5.83326 0.385755 -0.655417 4 1 0
5.87088 0.378598 -0.657208 4 1 0
5.90752 0.371347 -0.659251 4 1 0
5.94303 0.364122 -0.661675 4 1 0
5.97728 0.357029 -0.664309 4 1 0
6.01009 0.357315 -0.667472 4 1 0
6.0413 0.358851 -0.670893 4 1 0
6.07072 0.36064 -0.674862 4 1 0
6.09815 0.362626 -0.679217 4 1 0
6.12339 0.364948 -0.683929 4 1 0
6.14622 0.367335 -0.68922 4 1 0
6.16642 0.370064 -0.694729 4 1 0
6.18376 0.372969 -0.700508 4 1 0
6.19801 0.376004 -0.706524 4 1 0
6.20891 0.37924 -0.712431 4 1 0
6.21621 0.382612 -0.718382 4 1 0
6.21968 0.385989 -0.723963 4 1 0
6.21995 0.387255 -0.725825 4 1 0
6.21791 0.390838 -0.730775 3 1 0
6.21163 0.394385 -0.73512 3 1 0
6.2011 0.397996 -0.738879 3 1 0
6.18642 0.401545 -0.741851 3 1 0
6.16782 0.405034 -0.744119 3 1 0
6.1456 0.408335 -0.745588 3 1 0
6.12017 0.411481 -0.746544 3 1 0
6.09191 0.414547 -0.746869 3 1 0
6.06121 0.417359 -0.746893 3 1 0
6.02843 0.420001 -0.746532 3 1 0
5.99387 0.422469 -0.745802 3 1 0
5.95779 0.42479 -0.744809 3 1 0
5.92043 0.426965 -0.743809 3 1 0
5.88197 0.428917 -0.742683 3 1 0
5.84257 0.430815 -0.741545 3 1 0
5.80238 0.432634 -0.740346 3 1 0
5.76151 0.434398 -0.739092 3 1 0
5.72007 0.436034 -0.737841 3 1 0
5.67813 0.437574 -0.736712 3 1 0
5.6358 0.439039 -0.735762 3 1 0
5.59314 0.440379 -0.734807 3 1 0
5.55022 0.441625 -0.733909 3 1 0
5.5071 0.442755 -0.733019 3 1 0
5.46387 0.443793 -0.732315 3 1 0
5.43948 0.444331 -0.732039 4 1 0
5.39621 0.445259 -0.731619 4 1 0
5.353 0.446183 -0.731283 4 1 0
5.30996 0.446984 -0.731038 4 1 0
5.26721 0.447632 -0.730945 4 1 0
5.22487 0.448089 -0.730929 4 1 0
5.18315 0.448342 -0.731093 4 1 0
5.14227 0.448657 -0.73159 4 1 0
5.10258 0.448693 -0.73223 4 1 0
5.06455 0.448383 -0.732988 4 1 0
5.02887 0.447617 -0.733828 4 1 0
4.99655 0.446787 -0.735271 4 1 0
4.969 0.445308 -0.736845 4 1 0
4.94803 0.443043 -0.73851 4 1 0
4.93631 0.44082 -0.740583 3 1 0
4.93226 0.437618 -0.742883 4 1 0
4.93718 0.4341 -0.745258 4 1 0
4.94976 0.43019 -0.747774 4 1 0
4.96831 0.426295 -0.750414 4 1 0
4.99137 0.422317 -0.752956 4 1 0
5.01787 0.418438 -0.755426 4 1 0
5.04705 0.414665 -0.757856 4 1 0
5.07833 0.410807 -0.760609 4 1 0
5.11132 0.406997 -0.763178 4 1 0
5.1457 0.403528 -0.765651 4 1 0
5.18125 0.399939 -0.76828 4 1 0
5.21779 0.39637 -0.770902 4 1 0
5.25518 0.39319 -0.773664 4 1 0
5.29331 0.389967 -0.77636 4 1 0
5.33208 0.386726 -0.778994 4 1 0
5.37141 0.38358 -0.78159 4 1 0
5.41126 0.380791 -0.784424 4 1 0
5.45154 0.377925 -0.787062 4 1 0
5.49224 0.375053 -0.789895 4 1 0
5.53329 0.372389 -0.792591 4 1 0
5.57467 0.36989 -0.795482 4 1 0
5.61635 0.367397 -0.798344 4 1 0
5.65829 0.364909 -0.801148 4 1 0
5.70047 0.362459 -0.804 4 1 0
5.74288 0.360334 -0.806833 4 1 0
5.78548 0.358233 -0.80967 4 1 0
5.82827 0.356096 -0.812512 4 1 0
5.87122 0.353982 -0.815339 4 1 0
5.91432 0.352087 -0.818212 4 1 0
5.95756 0.350248 -0.821052 4 1 0
6.00092 0.348431 -0.823881 4 1 0
6.0444 0.346477 -0.826773 4 1 0
6.08798 0.344791 -0.829622 4 1 0
6.13165 0.343224 -0.83246 4 1 0
6.1754 0.341701 -0.83532 4 1 0
6.21923 0.340151 -0.838153 4 1 0
6.26313 0.338625 -0.840974 4 1 0
6.30708 0.336993 -0.843832 4 1 0
6.35109 0.335646 -0.846649 4 1 0
6.39514 0.334342 -0.849454 4 1 0
6.43923 0.333088 -0.852274 4 1 0
6.47532 0.332039 -0.854556 4 1 0
6.51946 0.330776 -0.857335 4 1 0
6.56362 0.32953 -0.860106 4 1 0
6.60779 0.328308 -0.862861 4 1 0
6.65197 0.327108 -0.865603 4 1 0
6.69614 0.325905 -0.868373 4 1 0
6.74031 0.324865 -0.871092 4 1 0
6.78446 0.323842 -0.873796 4 1 0
6.82859 0.322873 -0.876543 4 1 0
6.87269 0.321842 -0.879222 4 1 0
6.91674 0.320831 -0.881884 4 1 0
6.96074 0.319811 -0.884484 4 1 0
7.00468 0.31891 -0.887111 4 1 0
7.04855 0.318026 -0.889716 4 1 0
7.09232 0.317199 -0.892241 4 1 0
7.13599 0.316335 -0.8948 4 1 0
7.17954 0.315489 -0.897338 4 1 0
7.22294 0.314539 -0.899927 4 1 0
7.26617 0.31371 -0.902416 4 1 0
7.3092 0.312902 -0.904876 4 1 0
7.352 0.312288 -0.907298 4 1 0
7.39452 0.311573 -0.909685 4 1 0
7.43671 0.310878 -0.912033 4 1 0
7.47851 0.310196 -0.914345 4 1 0
7.51982 0.309529 -0.916635 4 1 0
7.56055 0.30889 -0.918872 4 1 0
7.60055 0.308108 -0.921036 4 1 0
7.63964 0.307566 -0.92312 4 1 0
7.67753 0.307063 -0.92512 4 1 0
7.71384 0.306783 -0.927102 4 1 0
7.748 0.30637 -0.928889 4 1 0
7.77912 0.306034 -0.930492 4 1 0
7.80581 0.305747 -0.931932 4 1 0
7.82594 0.305649 -0.932955 4 1 0
7.83652 0.30574 -0.933575 4 1 0
7.83741 0.305797 -0.933609 4 1 0
7.83125 0.306173 -0.933412 4 1 0
7.81346 0.306735 -0.932579 4 1 0
7.78728 0.307517 -0.931418 4 1 0
7.75563 0.308275 -0.929959 4 1 0
7.72036 0.309078 -0.928342 4 1 0
7.6826 0.309888 -0.926596 4 1 0
7.64305 0.310753 -0.924791 4 1 0
7.60219 0.311637 -0.922868 4 1 0
7.56033 0.312412 -0.920986 4 1 0
7.5177 0.313331 -0.919002 4 1 0
7.47443 0.314261 -0.917008 4 1 0
7.43067 0.31501 -0.915 4 1 0
7.38648 0.315968 -0.912921 4 1 0
7.34196 0.316938 -0.910877 4 1 0
7.29714 0.31782 -0.908792 4 1 0
7.25207 0.318785 -0.906648 4 1 0
7.20679 0.319762 -0.904541 4 1 0
7.16133 0.320824 -0.902409 4 1 0
7.1157 0.321825 -0.900227 4 1 0
7.06994 0.322837 -0.898003 4 1 0
7.02406 0.32385 -0.89583 4 1 0
6.97807 0.324887 -0.893619 4 1 0
6.93198 0.325936 -0.89136 4 1 0
6.88581 0.326989 -0.889075 4 1 0
6.83957 0.328088 -0.886766 4 1 0
6.79326 0.3292 -0.884481 4 1 0
6.74689 0.330373 -0.882148 4 1 0
6.70048 0.331511 -0.879784 4 1 0
6.65401 0.332663 -0.877374 4 1 0
6.60751 0.333754 -0.87495 4 1 0
6.56098 0.334914 -0.87253 4 1 0
6.51441 0.33609 -0.870064 4 1 0
6.46782 0.337315 -0.867556 4 1 0
6.42121 0.338521 -0.865001 4 1 0
6.37458 0.339744 -0.862427 4 1 0
6.32794 0.340984 -0.859848 4 1 0
6.28128 0.342258 -0.857246 4 1 0
6.23461 0.343549 -0.854594 4 1 0
6.18794 0.345007 -0.851897 4 1 0
6.14126 0.346331 -0.84915 4 1 0
6.09458 0.347672 -0.846353 4 1 0
6.0479 0.349095 -0.843558 4 1 0
6.00122 0.350472 -0.840742 4 1 0
5.95455 0.351868 -0.837873 4 1 0
5.90789 0.353416 -0.834947 4 1 0
5.86123 0.354849 -0.831986 4 1 0
5.81458 0.356302 -0.82897 4 1 0
5.76794 0.357817 -0.825914 4 1 0
5.72132 0.35931 -0.822794 4 1 0
5.67471 0.360824 -0.819623 4 1 0
5.62812 0.362341 -0.816449 4 1 0
5.58155 0.363898 -0.813233 4 1 0
5.53499 0.365478 -0.809956 4 1 0
5.48846 0.366996 -0.806615 4 1 0
5.44195 0.36862 -0.803221 4 1 0
5.39546 0.370269 -0.799763 4 1 0
5.349 0.371692 -0.796257 4 1 0
5.30256 0.373388 -0.792676 4 1 0
5.25615 0.375109 -0.789026 4 1 0
5.20977 0.377141 -0.785389 4 1 0
5.16342 0.37892 -0.781623 4 1 0
5.11709 0.380726 -0.777834 4 1 0
5.07081 0.382632 -0.773992 4 1 0
5.02455 0.384492 -0.770084 4 1 0
4.97833 0.386381 -0.7661 4 1 0
4.93214 0.388312 -0.76204 4 1 0
4.886 0.390258 -0.757908 4 1 0
4.83988 0.392234 -0.753694 4 1 0
4.79381 0.394054 -0.749419 4 1 0
4.74778 0.39609 -0.745047 4 1 0
4.70179 0.398158 -0.740637 4 1 0
4.65584 0.399757 -0.736158 4 1 0
4.60994 0.401888 -0.731601 4 1 0
4.56408 0.404052 -0.726953 4 1 0
4.51827 0.406475 -0.722196 4 1 0
4.4725 0.408709 -0.717349 4 1 0
4.42678 0.410979 -0.712455 4 1 0
4.38111 0.41348 -0.707454 4 1 0
4.33549 0.415818 -0.702407 4 1 0
4.28992 0.418192 -0.697258 4 1 0
4.24441 0.420657 -0.692004 4 1 0
4.19894 0.423107 -0.686639 4 1 0
4.15353 0.425595 -0.681165 4 1 0
4.10818 0.428313 -0.675617 4 1 0
4.06288 0.430885 -0.670011 4 1 0
4.01764 0.433497 -0.66429 4 1 0
3.97246 0.436224 -0.658454 4 1 0
3.92733 0.438926 -0.652504 4 1 0
3.88227 0.441671 -0.646431 4 1 0
3.83727 0.447311 -0.640303 4 1 0
3.79233 0.454096 -0.63401 4 1 0
3.74745 0.460928 -0.627681 4 1 0
3.70264 0.467873 -0.621213 4 1 0
3.65789 0.474792 -0.61465 4 1 0
3.61321 0.481753 -0.607952 4 1 0
3.5686 0.488816 -0.601154 4 1 0
3.52405 0.495848 -0.59421 4 1 0
3.47957 0.502914 -0.595381 4 1 0
3.43516 0.509925 -0.596723 4 1 0
3.39083 0.517046 -0.598198 4 1 0
3.34656 0.524193 -0.5999 4 1 0
3.30237 0.531304 -0.601646 4 1 0
3.25825 0.538493 -0.603435 4 1 0
3.21421 0.545699 -0.605493 4 1 0
3.17025 0.55282 -0.60764 4 1 0
3.12636 0.560048 -0.609847 4 1 0
3.08255 0.567284 -0.612096 4 1 0
3.03881 0.574432 -0.614589 4 1 0
2.99516 0.581669 -0.617237 4 1 0
2.9516 0.588902 -0.619933 4 1 0
2.90811 0.596133 -0.622679 4 1 0
2.86472 0.603449 -0.625478 4 1 0
2.82141 0.610769 -0.628637 4 1 0
2.77819 0.618074 -0.631851 4 1 0
2.73506 0.625368 -0.635109 4 1 0
2.69203 0.632642 -0.638417 4 1 0
2.64909 0.639915 -0.641858 4 1 0
2.60626 0.647135 -0.645605 4 1 0
2.56353 0.654322 -0.649406 4 1 0
2.52091 0.661531 -0.653245 4 1 0
2.47841 0.66863 -0.65713 4 1 0
2.43602 0.675682 -0.66129 4 1 0
2.39376 0.68271 -0.665637 4 1 0
2.35164 0.689637 -0.670053 4 1 0
2.30966 0.6965 -0.674515 4 1 0
2.26783 0.703256 -0.678976 4 1 0
2.22617 0.70996 -0.683915 4 1 0
2.18468 0.716583 -0.688922 4 1 0
2.14339 0.723041 -0.693964 4 1 0
2.1023 0.729472 -0.699031 4 1 0
2.06144 0.735804 -0.704325 4 1 0
2.02082 0.742477 -0.709964 4 1 0
1.98047 0.748907 -0.715625 4 1 0
1.94042 0.75524 -0.721288 4 1 0
1.90069 0.761484 -0.727004 4 1 0
1.86131 0.767593 -0.733281 4 1 0
1.82232 0.773586 -0.739541 4 1 0
1.78375 0.779471 -0.745762 4 1 0
1.74565 0.785223 -0.752068 4 1 0
1.70804 0.790837 -0.7589 4 1 0
1.67098 0.796061 -0.765657 4 1 0
1.63451 0.801863 -0.772312 4 1 0
1.59868 0.807532 -0.779328 4 1 0
1.56353 0.813131 -0.786584 4 1 0
1.52912 0.818433 -0.793689 4 1 0
1.49548 0.823565 -0.800672 4 1 0
1.46267 0.828336 -0.808354 4 1 0
1.43074 0.833013 -0.81583 4 1 0
1.39973 0.838242 -0.823053 4 1 0
1.36968 0.843467 -0.83054 4 1 0
1.34065 0.848221 -0.838354 4 1 0
1.31266 0.852737 -0.845844 4 1 0
1.28578 0.856532 -0.853034 4 1 0
1.26002 0.861276 -0.860716 4 1 0
1.23544 0.865755 -0.868211 4 1 0
1.21207 0.869928 -0.875064 4 1 0
1.18993 0.87381 -0.882405 4 1 0
1.16905 0.877323 -0.889493 4 1 0
1.14946 0.88113 -0.896125 4 1 0
1.13117 0.884618 -0.902193 4 1 0
1.11418 0.88767 -0.90871 4 1 0
1.09849 0.890636 -0.914761 4 1 0
1.08408 0.893713 -0.920091 4 1 0
1.07092 0.896301 -0.925223 4 1 0
1.05896 0.897966 -0.930312 4 1 0
1.04815 0.900668 -0.934921 4 1 0
1.03843 0.903112 -0.938828 4 1 0
1.02973 0.904761 -0.942861 4 1 0
1.02197 0.905784 -0.946157 4 1 0
1.01507 0.907965 -0.948769 4 1 0
1.00896 0.909806 -0.951638 4 1 0
1.00357 0.910918 -0.954381 4 1 0
0.998816 0.911433 -0.956987 4 1 0
0.994639 0.913186 -0.959015 4 1 0
0.990977 0.914302 -0.960636 4 1 0
0.987771 0.91482 -0.96162 4 1 0
0.984971 0.915969 -0.962933 4 1 0
0.98253 0.9165 -0.964692 4 1 0
0.980404 0.916374 -0.966027 4 1 0
0.978557 0.917162 -0.966457 4 1 0
0.976956 0.917842 -0.967718 4 1 0
0.975569 0.918933 -0.968362 4 1 0
0.97437 0.919393 -0.969053 4 1 0
0.973337 0.919158 -0.969364 4 1 0
0.972448 0.919262 -0.969068 4 1 0
0.971685 0.919804 -0.969382 4 1 0
0.971033 0.920871 -0.970141 4 1 0
0.970476 0.921008 -0.970929 4 1 0
0.970003 0.920343 -0.971092 4 1 0
0.969603 0.921624 -0.971361 4 1 0
0.969265 0.921815 -0.971053 4 1 0
0.968981 0.922045 -0.971669 4 1 0
0.968742 0.922219 -0.971392 4 1 0
0.968542 0.921143 -0.970602 4 1 0
0.968375 0.921392 -0.971696 4 1 0
0.968235 0.922564 -0.971034 4 1 0
0.968117 0.922926 -0.970474 4 1 0
0.968017 0.921924 -0.971088 4 1 0
0.967933 0.922888 -0.971133 4 1 0
0.967862 0.923285 -0.971376 4 1 0
0.967802 0.922431 -0.971021 4 1 0
0.96775 0.922898 -0.97174 4 1 0
0.967706 0.923603 -0.972173 4 1 0
0.967668 0.922433 -0.971761 4 1 0
0.967636 0.92327 -0.972192 4 1 0
0.967607 0.923807 -0.972257 4 1 0
0.967583 0.923223 -0.972285 4 1 0
0.967562 0.923941 -0.972173 4 1 0
0.967544 0.923362 -0.971726 4 1 0
0.967528 0.923744 -0.972256 4 1 0
0.967514 0.922327 -0.971907 4 1 0
0.967502 0.923873 -0.971237 4 1 0
0.967492 0.923171 -0.972315 4 1 0
0.967483 0.923463 -0.972065 4 1 0
0.967475 0.924265 -0.971496 4 1 0
0.967468 0.923463 -0.972232 4 1 0
0.967462 0.923393 -0.971814 4 1 0
0.967457 0.924352 -0.971101 4 1 0
0.967452 0.922749 -0.972155 4 1 0
0.967449 0.924073 -0.971648 4 1 0
0.967445 0.924426 -0.97133 4 1 0
0.967442 0.923344 -0.971327 4 1 0
0.96744 0.924462 -0.971264 4 1 0
0.967438 0.924225 -0.971146 4 1 0
0.967436 0.924141 -0.970955 4 1 0
0.967435 0.924568 -0.971447 4 1 0
0.967433 0.923635 -0.972067 4 1 0
0.967432 0.924509 -0.971428 4 1 0
6.47532 0.332039 -0.854556 4 2 0
6.47528 0.332132 -0.853432 4 2 0
6.47485 0.332317 -0.85117 4 2 0
6.47265 0.332697 -0.846802 4 2 0
6.46745 0.333172 -0.841459 4 2 0
6.45957 0.333992 -0.836103 4 2 0
6.44908 0.334739 -0.830946 4 2 0
6.43608 0.335594 -0.825996 4 2 0
6.42066 0.336422 -0.82129 4 2 0
6.40296 0.33738 -0.816667 4 2 0
6.38309 0.338282 -0.812349 4 2 0
6.36121 0.33924 -0.808358 4 2 0
6.33743 0.340318 -0.804531 4 2 0
6.3119 0.341572 -0.800983 4 2 0
6.28476 0.342848 -0.797622 4 2 0
6.25612 0.344071 -0.794608 4 2 0
6.22611 0.345382 -0.791731 4 2 0
6.19485 0.346658 -0.789176 4 2 0
6.18622 0.347036 -0.788481 4 2 0
6.15355 0.348299 -0.786329 4 2 0
6.11984 0.349706 -0.784381 4 2 0
6.08521 0.351246 -0.782574 4 2 0
6.04974 0.352782 -0.781052 4 2 0
6.01351 0.354283 -0.779711 4 2 0
5.9766 0.35584 -0.778568 4 2 0
5.93908 0.357387 -0.777609 4 2 0
5.90099 0.358899 -0.776822 4 2 0
5.86241 0.360617 -0.77626 4 2 0
5.82337 0.362187 -0.775825 4 2 0
5.78394 0.363856 -0.77555 4 2 0
5.74415 0.365505 -0.77545 4 2 0
5.70404 0.367355 -0.775485 4 2 0
5.66366 0.369172 -0.775666 4 2 0
5.62303 0.370962 -0.776117 4 2 0
5.58218 0.372758 -0.776585 4 2 0
5.54116 0.374523 -0.777182 4 2 0
5.49998 0.376375 -0.777957 4 2 0
5.45867 0.378179 -0.778791 4 2 0
5.41726 0.380199 -0.779732 4 2 0
5.37577 0.382181 -0.78078 4 2 0
5.33423 0.384161 -0.78191 4 2 0
5.29266 0.386112 -0.783121 4 2 0
5.25108 0.388124 -0.784318 4 2 0
5.20951 0.390071 -0.785696 4 2 0
5.16797 0.392147 -0.787128 4 2 0
5.12649 0.394309 -0.7886 4 2 0
5.08509 0.396499 -0.790074 4 2 0
5.04379 0.398662 -0.791557 4 2 0
5.00262 0.400835 -0.793069 4 2 0
4.96158 0.402975 -0.794711 4 2 0
4.92071 0.405108 -0.796325 4 2 0
4.88003 0.407508 -0.797892 4 2 0
4.83956 0.409889 -0.799393 4 2 0
4.79932 0.412239 -0.800842 4 2 0
4.75933 0.4146 -0.802419 4 2 0
4.71962 0.416926 -0.803977 4 2 0
4.6802 0.419295 -0.805405 4 2 0
4.64109 0.421816 -0.806673 4 2 0
4.60232 0.424381 -0.808041 4 2 0
4.5639 0.426898 -0.809353 4 2 0
4.52586 0.429383 -0.810528 4 2 0
4.48822 0.431869 -0.811535 4 2 0
4.451 0.434589 -0.812602 4 2 0
4.41423 0.437241 -0.813586 4 2 0
4.37792 0.439814 -0.814398 4 2 0
4.34211 0.442412 -0.815076 4 2 0
4.30682 0.445148 -0.815854 4 2 0
4.2721 0.447931 -0.816471 4 2 0
4.23797 0.450602 -0.816804 4 2 0
4.20447 0.453197 -0.817369 4 2 0
4.17164 0.456059 -0.817698 4 2 0
4.13952 0.458826 -0.81783 4 2 0
4.10815 0.461417 -0.818075 4 2 0
4.07755 0.464279 -0.818079 4 2 0
4.04773 0.466952 -0.818001 4 2 0
4.0187 0.469607 -0.817885 4 2 0
3.99041 0.472343 -0.817566 4 2 0
3.96281 0.474848 -0.81718 4 2 0
3.93578 0.4775 -0.816674 4 2 0
3.90915 0.480042 -0.816001 4 2 0
3.88274 0.482341 -0.815281 4 2 0
3.8563 0.484863 -0.814281 4 2 0
3.82958 0.48718 -0.813426 4 2 0
3.80233 0.489284 -0.812218 4 2 0
3.77435 0.491493 -0.811238 4 2 0
3.74546 0.493631 -0.81004 4 2 0
3.71557 0.495612 -0.809019 4 2 0
3.68463 0.497475 -0.807956 4 2 0
3.65266 0.499272 -0.807054 4 2 0
3.61969 0.501185 -0.806252 4 2 0
3.58582 0.503005 -0.805636 4 2 0
3.55111 0.504793 -0.80527 4 2 0
3.51568 0.506542 -0.805003 4 2 0
3.4796 0.508264 -0.805084 4 2 0
3.44297 0.509973 -0.805258 4 2 0
3.40585 0.511676 -0.805778 4 2 0
3.36833 0.513384 -0.806426 4 2 0
3.33048 0.515099 -0.807349 4 2 0
3.29234 0.516826 -0.808487 4 2 0
3.25399 0.518532 -0.809831 4 2 0
3.21546 0.520293 -0.811363 4 2 0
3.17682 0.522694 -0.813063 4 2 0
3.13811 0.528612 -0.815069 4 2 0
3.09937 0.534534 -0.817243 4 2 0
3.06065 0.540464 -0.819486 4 2 0
3.02201 0.546677 -0.822105 4 2 0
2.98348 0.552676 -0.82482 4 2 0
2.94513 0.558654 -0.827622 4 2 0
2.90701 0.564876 -0.830805 4 2 0
2.86919 0.570839 -0.834043 4 2 0
2.83173 0.57674 -0.837388 4 2 0
2.79472 0.583286 -0.84111 4 2 0
2.75824 0.589191 -0.844865 4 2 0
2.72241 0.594981 -0.848746 4 2 0
2.68734 0.601149 -0.852981 4 2 0
2.65316 0.606827 -0.857254 4 2 0
2.62004 0.612312 -0.86166 4 2 0
2.58812 0.617726 -0.866303 4 2 0
2.5576 0.622999 -0.871007 4 2 0
2.52864 0.62798 -0.875817 4 2 0
2.50142 0.63264 -0.88066 4 2 0
2.47608 0.636951 -0.885646 4 2 0
2.45275 0.640881 -0.890648 4 2 0
2.4315 0.644619 -0.895706 4 2 0
2.41232 0.64799 -0.900677 4 2 0
2.3952 0.650967 -0.905586 4 2 0
2.38004 0.6532 -0.910405 4 2 0
2.36671 0.655672 -0.915113 4 2 0
2.35509 0.657813 -0.919687 4 2 0
2.345 0.659109 -0.924112 4 2 0
2.3363 0.660815 -0.928422 4 2 0
2.32881 0.662276 -0.932562 4 2 0
2.32239 0.663517 -0.936463 4 2 0
2.31692 0.664369 -0.940307 4 2 0
2.31225 0.665048 -0.943962 4 2 0
2.30829 0.666113 -0.947371 4 2 0
2.30494 0.666646 -0.950675 4 2 0
2.30211 0.667061 -0.953781 4 2 0
2.29972 0.667496 -0.956675 4 2 0
2.29772 0.667739 -0.959404 4 2 0
2.29603 0.667896 -0.961937 4 2 0
2.29463 0.668117 -0.964214 4 2 0
2.29345 0.668378 -0.966387 4 2 0
2.29247 0.668792 -0.968368 4 2 0
2.29166 0.668846 -0.970187 4 2 0
2.29099 0.668952 -0.971795 4 2 0
2.29043 0.669314 -0.97323 4 2 0
2.28997 0.669979 -0.974492 4 2 0
2.28959 0.670085 -0.975596 4 2 0
2.28928 0.670146 -0.976539 4 2 0
2.28903 0.670369 -0.977328 4 2 0
2.28882 0.670512 -0.97799 4 2 0
2.28865 0.670614 -0.978507 4 2 0
2.28851 0.67017 -0.978907 4 2 0
2.2884 0.670041 -0.979183 4 2 0
2.28831 0.670345 -0.979415 4 2 0
2.28823 0.670651 -0.979503 4 2 0
2.28817 0.670542 -0.979588 4 2 0
2.28812 0.670475 -0.979562 4 2 0
2.28808 0.67126 -0.979543 4 2 0
2.28805 0.671228 -0.979471 4 2 0
2.28803 0.671146 -0.979395 4 2 0
2.28801 0.671538 -0.979317 4 2 0
2.28799 0.671759 -0.979166 4 2 0
2.28798 0.671933 -0.979143 4 2 0
2.28797 0.671396 -0.979056 4 2 0
2.28796 0.671391 -0.978965 4 2 0
2.28795 0.671765 -0.978896 4 2 0
2.28795 0.67227 -0.978792 4 2 0
2.28794 0.672231 -0.978814 4 2 0
2.28794 0.672129 -0.978729 4 2 0
2.28794 0.67254 -0.978725 4 2 0
2.28794 0.672794 -0.978677 4 2 0
2.28794 0.67299 -0.978523 4 2 0
2.28794 0.673052 -0.978647 4 2 0
2.28794 0.673052 -0.978647 4 2 0
6.47532 0.332039 -0.854556 4 3 0
6.47528 0.331944 -0.855678 4 3 0
6.47485 0.331754 -0.857906 4 3 0
6.47265 0.33137 -0.862311 4 3 0
6.46745 0.330875 -0.867847 4 3 0
6.45957 0.33073 -0.8734 4 3 0
6.44908 0.330551 -0.878773 4 3 0
6.43608 0.330423 -0.884071 4 3 0
6.42066 0.330286 -0.889229 4 3 0
6.40296 0.330094 -0.894199 4 3 0
6.38309 0.330129 -0.898907 4 3 0
6.36121 0.330295 -0.903497 4 3 0
6.33743 0.330223 -0.907801 4 3 0
6.3119 0.330505 -0.911792 4 3 0
6.28476 0.330781 -0.915652 4 3 0
6.25612 0.330887 -0.919183 4 3 0
6.22611 0.331129 -0.922361 4 3 0
6.19485 0.331552 -0.925426 4 3 0
6.18622 0.331536 -0.926176 4 3 0
6.15355 0.331908 -0.92879 4 3 0
6.11984 0.332406 -0.931151 4 3 0
6.08521 0.332896 -0.933191 4 3 0
6.04974 0.333411 -0.935043 4 3 0
6.01351 0.333936 -0.936516 4 3 0
5.9766 0.334466 -0.937805 4 3 0
5.93908 0.335009 -0.938718 4 3 0
5.90099 0.335572 -0.939451 4 3 0
5.86241 0.336204 -0.939808 4 3 0
5.82337 0.336824 -0.939982 4 3 0
5.78394 0.33747 -0.939766 4 3 0
5.74415 0.338168 -0.939391 4 3 0
5.70404 0.338877 -0.938619 4 3 0
5.66366 0.339686 -0.937685 4 3 0
5.62303 0.340505 -0.936372 4 3 0
5.58218 0.341361 -0.934855 4 3 0
5.54116 0.342305 -0.93304 4 3 0
5.49998 0.343296 -0.930883 4 3 0
5.45867 0.34425 -0.928567 4 3 0
5.41726 0.345247 -0.925937 4 3 0
5.37577 0.346517 -0.923024 4 3 0
5.33423 0.347609 -0.919813 4 3 0
5.29266 0.348745 -0.916435 4 3 0
5.25108 0.34996 -0.912752 4 3 0
5.20951 0.351183 -0.908857 4 3 0
5.16797 0.35245 -0.904696 4 3 0
5.12649 0.353762 -0.900297 4 3 0
5.08509 0.355112 -0.895649 4 3 0
5.04379 0.356505 -0.890762 4 3 0
5.00262 0.357856 -0.885749 4 3 0
4.96158 0.359315 -0.880482 4 3 0
4.92071 0.36081 -0.875 4 3 0
4.88003 0.362146 -0.869316 4 3 0
4.83956 0.363831 -0.863432 4 3 0
4.79932 0.365558 -0.857357 4 3 0
4.75933 0.367394 -0.851193 4 3 0
4.71962 0.369178 -0.844821 4 3 0
4.6802 0.370991 -0.838281 4 3 0
4.64109 0.37276 -0.831543 4 3 0
4.60232 0.374638 -0.824667 4 3 0
4.5639 0.376529 -0.81771 4 3 0
4.52586 0.378424 -0.810594 4 3 0
4.48822 0.380332 -0.803362 4 3 0
4.451 0.382237 -0.795996 4 3 0
4.41423 0.384035 -0.788498 4 3 0
4.37792 0.385881 -0.780871 4 3 0
4.34211 0.387703 -0.773122 4 3 0
4.30682 0.38961 -0.765268 4 3 0
4.2721 0.391569 -0.757392 4 3 0
4.23797 0.393481 -0.749409 4 3 0
4.20447 0.3954 -0.741318 4 3 0
4.17164 0.397169 -0.733122 4 3 0
4.13952 0.398867 -0.724891 4 3 0
4.10815 0.400336 -0.716659 4 3 0
4.07755 0.401827 -0.70835 4 3 0
4.04773 0.403229 -0.699963 4 3 0
4.0187 0.404602 -0.691656 4 3 0
3.99041 0.405979 -0.683307 4 3 0
3.96281 0.407261 -0.674941 4 3 0
3.93578 0.408516 -0.66666 4 3 0
3.90915 0.409624 -0.658344 4 3 0
3.88274 0.410675 -0.650135 4 3 0
3.8563 0.411621 -0.641969 4 3 0
3.82958 0.412664 -0.633897 4 3 0
3.80233 0.41373 -0.630573 4 3 0
3.77435 0.414833 -0.628924 4 3 0
3.74546 0.416038 -0.62741 4 3 0
3.71557 0.417339 -0.625985 4 3 0
3.68463 0.421822 -0.624781 4 3 0
3.65266 0.429392 -0.623641 4 3 0
3.61969 0.437143 -0.622616 4 3 0
3.58582 0.445214 -0.622637 4 3 0
3.55111 0.45355 -0.626893 4 3 0
3.51568 0.461731 -0.631301 4 3 0
3.4796 0.469897 -0.635975 4 3 0
3.44297 0.478238 -0.640645 4 3 0
3.40585 0.486893 -0.645455 4 3 0
3.36833 0.495296 -0.650402 4 3 0
3.33048 0.503665 -0.655491 4 3 0
3.29234 0.512447 -0.660724 4 3 0
3.25399 0.52098 -0.665893 4 3 0
3.21546 0.529617 -0.671391 4 3 0
3.17682 0.537998 -0.67712 4 3 0
3.13811 0.54676 -0.683287 4 3 0
3.09937 0.555043 -0.68936 4 3 0
3.06065 0.563906 -0.695603 4 3 0
3.02201 0.572205 -0.701953 4 3 0
2.98348 0.580963 -0.708511 4 3 0
2.94513 0.589357 -0.715245 4 3 0
2.90701 0.597732 -0.722181 4 3 0
2.86919 0.605951 -0.72946 4 3 0
2.83173 0.614384 -0.736926 4 3 0
2.79472 0.622519 -0.744521 4 3 0
2.75824 0.63037 -0.752371 4 3 0
2.72241 0.638337 -0.760381 4 3 0
2.68734 0.645829 -0.768552 4 3 0
2.65316 0.653672 -0.776876 4 3 0
2.62004 0.660735 -0.785282 4 3 0
2.58812 0.668052 -0.793697 4 3 0
2.5576 0.6746 -0.802549 4 3 0
2.52864 0.681288 -0.811361 4 3 0
2.50142 0.687308 -0.820036 4 3 0
2.47608 0.693127 -0.828493 4 3 0
2.45275 0.698235 -0.837002 4 3 0
2.4315 0.703301 -0.845289 4 3 0
2.41232 0.707861 -0.853306 4 3 0
2.3952 0.711698 -0.861162 4 3 0
2.38003 0.715611 -0.868579 4 3 0
2.36671 0.718656 -0.875577 4 3 0
2.35509 0.72186 -0.882286 4 3 0
2.345 0.724474 -0.888773 4 3 0
2.3363 0.726533 -0.894743 4 3 0
2.32881 0.72883 -0.900655 4 3 0
2.32239 0.730418 -0.905925 4 3 0
2.31692 0.732254 -0.911275 4 3 0
2.31225 0.733435 -0.916136 4 3 0
2.30829 0.73463 -0.920733 4 3 0
2.30494 0.735985 -0.925196 4 3 0
2.30211 0.736706 -0.9294 4 3 0
2.29972 0.737772 -0.933271 4 3 0
2.29772 0.738236 -0.937131 4 3 0
2.29603 0.739137 -0.940651 4 3 0
2.29463 0.73969 -0.944064 4 3 0
2.29345 0.739917 -0.947263 4 3 0
2.29247 0.740585 -0.950199 4 3 0
2.29166 0.740872 -0.953165 4 3 0
