-1.095277988167559835e+00
-1.955526444776321870e+00
-2.695879690369540338e+00
-3.236108963016257611e+00
-3.517672038505280430e+00
-3.510057188707278897e+00
-3.214089600758708976e+00
-2.661841955215042077e+00
-1.913158853481589539e+00
-1.049171726647101011e+00
-1.635069860443605361e-01
6.478598511779383173e-01
1.297004598553579635e+00
1.713582350185427927e+00
1.852450442813784459e+00
1.698560363844041410e+00
1.268588491179019728e+00
6.091289489274757107e-01
-2.083555889405206141e-01
-1.095277988167923100e+00
